time,gFx,gFy,gFz,gFTotal
0.008081912994384766,0.02,-0.314,-1.087,1.132
0.016064882278442383,0.025,-0.275,-0.988,1.026
0.027631044387817383,0.015,-0.272,-0.932,0.971
0.03619790077209473,-0.003,-0.3,-0.872,0.922
0.046035051345825195,-0.007,-0.32,-0.847,0.905
0.05666089057922363,0.004,-0.319,-0.862,0.919
0.06665587425231934,0.013,-0.304,-0.914,0.963
0.07659792900085449,0.017,-0.284,-0.939,0.981
0.09591889381408691,0.033,-0.258,-0.962,0.997
0.09766793251037598,0.033,-0.258,-0.962,0.997
0.10700106620788574,0.034,-0.26,-0.976,1.011
0.11731410026550293,0.029,-0.272,-0.977,1.015
0.13363194465637207,0.001,-0.293,-0.962,1.006
0.1364281177520752,-0.017,-0.295,-0.942,0.987
0.14694499969482422,-0.005,-0.283,-0.919,0.962
0.15685200691223145,0.01,-0.276,-0.911,0.952
0.16690993309020996,-0.007,-0.264,-0.92,0.957
0.1774461269378662,-0.028,-0.281,-0.915,0.958
0.1941239833831787,0.005,-0.319,-0.929,0.982
0.1970689296722412,0.019,-0.314,-0.947,0.998
0.20735692977905273,0.031,-0.293,-0.96,1.004
0.2176530361175537,0.026,-0.261,-0.97,1.005
0.22977495193481445,0.011,-0.213,-0.991,1.014
0.237501859664917,0.006,-0.172,-1.054,1.068
0.2483208179473877,-0.011,-0.1,-1.18,1.184
0.2596859931945801,-0.033,-0.05,-1.248,1.249
0.26944708824157715,-0.06,-0.046,-1.214,1.216
0.2790029048919678,-0.093,-0.078,-1.093,1.1
0.2966899871826172,-0.131,-0.124,-0.959,0.976
0.2990438938140869,-0.139,-0.208,-0.822,0.859
0.30861687660217285,-0.131,-0.282,-0.715,0.78
0.3189280033111572,-0.106,-0.345,-0.667,0.758
0.33101892471313477,-0.077,-0.411,-0.663,0.784
0.33884501457214355,-0.042,-0.458,-0.68,0.821
0.34911394119262695,-0.014,-0.486,-0.701,0.853
0.35967278480529785,0.02,-0.499,-0.694,0.855
0.3690187931060791,0.05,-0.491,-0.652,0.818
0.37931394577026367,0.073,-0.476,-0.61,0.777
0.3971288204193115,0.103,-0.476,-0.597,0.77
0.3989298343658447,0.136,-0.48,-0.597,0.778
0.4086449146270752,0.164,-0.471,-0.607,0.786
0.41952991485595703,0.12,-0.546,-0.82,0.992
0.4308278560638428,0.122,-0.627,-1.308,1.456
0.4390749931335449,0.21,-0.653,-1.491,1.641
0.4492480754852295,0.188,-0.548,-1.14,1.279
0.4595000743865967,0.21,-0.461,-0.937,1.065
0.46957993507385254,0.289,-0.5,-0.95,1.112
0.4799931049346924,0.268,-0.555,-1.013,1.186
0.49855780601501465,0.188,-0.494,-1.164,1.278
0.5002779960632324,0.188,-0.494,-1.164,1.278
0.5098488330841064,0.149,-0.401,-1.051,1.135
0.5201780796051025,0.144,-0.331,-0.985,1.049
0.5318958759307861,0.155,-0.342,-0.941,1.013
0.5400869846343994,0.172,-0.373,-0.972,1.055
0.5500760078430176,0.177,-0.386,-1.021,1.106
0.5603139400482178,0.184,-0.438,-0.927,1.042
0.5702049732208252,0.135,-0.452,-0.738,0.876
0.5806119441986084,0.08,-0.421,-0.747,0.861
0.5988280773162842,0.006,-0.323,-0.868,0.926
0.6002027988433838,0.006,-0.323,-0.868,0.926
0.609752893447876,0.007,-0.286,-0.907,0.951
0.6197230815887451,0.029,-0.265,-0.954,0.991
0.6325280666351318,0.038,-0.282,-0.976,1.017
0.6405479907989502,0.043,-0.36,-1.023,1.085
0.6503980159759521,0.009,-0.464,-1.035,1.134
0.660923957824707,-0.031,-0.492,-0.972,1.09
0.671044111251831,-0.005,-0.456,-0.761,0.887
0.6811599731445312,0.145,-0.568,-0.593,0.834
0.7007520198822021,0.076,-0.249,-0.954,0.989
0.7016580104827881,0.076,-0.249,-0.954,0.989
0.7113058567047119,-0.042,-0.362,-0.884,0.956
0.7210290431976318,-0.124,-0.437,-0.872,0.983
0.7332699298858643,-0.209,-0.385,-0.856,0.962
0.7413427829742432,-0.297,-0.361,-0.811,0.936
0.7513279914855957,-0.302,-0.395,-0.769,0.916
0.7627418041229248,-0.123,-0.424,-0.74,0.862
0.770244836807251,0.068,-0.388,-0.779,0.873
0.7807691097259521,-0.023,-0.376,-0.749,0.838
0.7969191074371338,-0.201,-0.403,-0.726,0.854
0.8006360530853271,-0.232,-0.415,-0.726,0.868
0.8107960224151611,-0.232,-0.419,-0.668,0.822
0.8218920230865479,-0.287,-0.409,-0.623,0.799
0.83467698097229,-0.358,-0.398,-0.609,0.811
0.841264009475708,-0.452,-0.387,-0.557,0.815
0.8513858318328857,-0.509,-0.374,-0.51,0.812
0.8623077869415283,-0.56,-0.352,-0.424,0.786
0.8716890811920166,-0.556,-0.303,-0.354,0.725
0.8833420276641846,-0.542,-0.266,-0.304,0.676
0.9034597873687744,-0.434,-0.13,-0.352,0.574
0.9044101238250732,-0.434,-0.13,-0.352,0.574
0.912207841873169,-0.428,-0.079,-0.379,0.577
0.9224529266357422,-0.468,-0.069,-0.411,0.627
0.9346909523010254,-0.516,-0.046,-0.423,0.669
0.9424479007720947,-0.539,-0.011,-0.382,0.661
0.9524309635162354,-0.525,0.062,-0.33,0.623
0.9620788097381592,-0.429,0.146,-0.293,0.54
0.9722089767456055,-0.38,0.159,-0.323,0.523
0.9832780361175537,-0.501,0.135,-0.468,0.699
1.0008060932159424,-0.441,0.289,-0.513,0.736
1.0035350322723389,-0.481,0.241,-0.494,0.73
1.0126409530639648,-0.651,-0.016,-0.503,0.823
1.0217678546905518,-0.748,-0.057,-0.557,0.934
1.0343468189239502,-0.75,0.099,-0.541,0.93
1.0425498485565186,-0.828,0.26,-0.566,1.036
1.053008794784546,-0.92,0.301,-0.639,1.16
1.0629007816314697,-0.986,0.251,-0.642,1.203
1.0736989974975586,-1.045,0.207,-0.596,1.221
1.0834169387817383,-1.106,0.223,-0.609,1.282
1.1028079986572266,-1.263,0.349,-0.6,1.441
1.1052370071411133,-1.263,0.349,-0.6,1.441
1.1133878231048584,-1.295,0.35,-0.53,1.442
1.1239559650421143,-1.332,0.304,-0.492,1.452
1.1355888843536377,-1.35,0.26,-0.473,1.454
1.143908977508545,-1.364,0.242,-0.444,1.455
1.152724027633667,-1.367,0.237,-0.404,1.445
1.164302110671997,-1.369,0.248,-0.375,1.441
1.1741759777069092,-1.34,0.272,-0.352,1.412
1.18424391746521,-1.301,0.283,-0.329,1.371
1.202672004699707,-1.336,0.271,-0.327,1.402
1.2050609588623047,-1.336,0.271,-0.327,1.402
1.2136027812957764,-1.352,0.296,-0.318,1.42
1.2244179248809814,-1.398,0.315,-0.336,1.472
1.2361359596252441,-1.443,0.311,-0.344,1.516
1.2444829940795898,-1.47,0.313,-0.339,1.541
1.2538349628448486,-1.489,0.363,-0.313,1.564
1.2647488117218018,-1.506,0.405,-0.282,1.585
1.2751479148864746,-1.562,0.387,-0.299,1.637
1.2893249988555908,-1.557,0.355,-0.285,1.622
1.2998278141021729,-1.542,0.352,-0.257,1.602
1.3209829330444336,-1.49,0.375,-0.211,1.551
1.3211889266967773,-1.49,0.375,-0.211,1.551
1.3244531154632568,-1.457,0.351,-0.215,1.514
1.335953950881958,-1.426,0.349,-0.216,1.484
1.344200849533081,-1.371,0.394,-0.165,1.436
1.3539650440216064,-1.349,0.409,-0.176,1.421
1.3644030094146729,-1.319,0.418,-0.157,1.393
1.3744709491729736,-1.284,0.444,-0.1,1.362
1.3853108882904053,-1.25,0.496,-0.044,1.346
1.4066009521484375,-1.015,0.451,0.217,1.132
1.407214879989624,-1.015,0.451,0.217,1.132
1.4148550033569336,-0.898,0.417,0.226,1.016
1.424278974533081,-0.905,0.432,0.053,1.004
1.437654972076416,-0.973,0.46,-0.06,1.078
1.4454100131988525,-0.929,0.44,-0.057,1.03
1.4546740055084229,-0.93,0.39,-0.121,1.016
1.4650769233703613,-0.98,0.383,-0.159,1.064
1.5712850093841553,-0.727,0.188,-0.139,0.764
1.57169508934021,-0.727,0.188,-0.139,0.764
1.573591947555542,-0.727,0.188,-0.139,0.764
1.5739150047302246,-0.727,0.188,-0.139,0.764
1.5751478672027588,-0.684,0.204,-0.098,0.72
1.5755219459533691,-0.684,0.204,-0.098,0.72
1.575875997543335,-0.684,0.204,-0.098,0.72
1.5762298107147217,-0.684,0.204,-0.098,0.72
1.576413869857788,-0.684,0.204,-0.098,0.72
1.5767700672149658,-0.684,0.204,-0.098,0.72
1.5790460109710693,-0.684,0.204,-0.098,0.72
1.5854039192199707,-0.63,0.234,-0.049,0.674
63.39083290100098,0.336,0.958,-0.031,1.015
63.39167904853821,0.336,0.948,-0.121,1.013
63.392515897750854,0.334,0.943,-0.106,1.006
63.39334797859192,0.33,0.94,-0.105,1.0
63.39417481422424,0.327,0.946,-0.094,1.005
63.3949921131134,0.326,0.945,-0.093,1.004
63.39570593833923,0.321,0.952,-0.105,1.01
63.39678597450256,0.319,0.946,-0.11,1.004
63.397610902786255,0.325,0.946,-0.095,1.005
63.39840579032898,0.337,0.937,-0.109,1.002
63.3987238407135,0.335,0.947,-0.107,1.01
63.39947199821472,0.335,0.946,-0.107,1.009
63.40049910545349,0.333,0.946,-0.108,1.009
63.40160799026489,0.337,0.942,-0.111,1.007
63.40262699127197,0.333,0.945,-0.109,1.008
63.403512954711914,0.332,0.947,-0.109,1.009
63.40435194969177,0.318,0.951,-0.098,1.008
63.40523409843445,0.328,0.945,-0.095,1.005
63.40615701675415,0.318,0.944,-0.11,1.002
63.40658688545227,0.318,0.944,-0.11,1.002
63.40671491622925,0.318,0.944,-0.11,1.002
63.406901121139526,0.318,0.944,-0.11,1.002
63.407023906707764,0.318,0.944,-0.11,1.002
63.40722680091858,0.318,0.944,-0.11,1.002
63.40735697746277,0.318,0.944,-0.11,1.002
63.40747690200806,0.318,0.944,-0.11,1.002
63.40773606300354,0.318,0.944,-0.11,1.002
63.40790295600891,0.056,-0.226,-1.019,1.045
63.40839505195618,0.056,-0.226,-1.019,1.045
63.4085328578949,0.056,-0.226,-1.019,1.045
63.40860390663147,0.056,-0.226,-1.019,1.045
63.40872406959534,0.056,-0.226,-1.019,1.045
63.408849000930786,0.056,-0.226,-1.019,1.045
63.408968925476074,0.056,-0.226,-1.019,1.045
63.40908980369568,0.056,-0.226,-1.019,1.045
63.40921187400818,0.056,-0.226,-1.019,1.045
63.40938901901245,0.056,-0.226,-1.019,1.045
63.409562826156616,0.056,-0.226,-1.019,1.045
63.40969109535217,0.056,-0.226,-1.019,1.045
63.409838914871216,0.056,-0.226,-1.019,1.045
63.41000699996948,0.056,-0.226,-1.019,1.045
63.410212993621826,0.056,-0.226,-1.019,1.045
63.41034388542175,0.056,-0.226,-1.019,1.045
63.410463094711304,0.056,-0.226,-1.019,1.045
63.41052293777466,0.056,-0.226,-1.019,1.045
63.410706996917725,0.056,-0.226,-1.019,1.045
63.41131281852722,0.056,-0.226,-1.019,1.045
63.411436796188354,0.056,-0.226,-1.019,1.045
63.41155695915222,0.056,-0.226,-1.019,1.045
63.4116849899292,0.056,-0.226,-1.019,1.045
63.411811113357544,0.056,-0.226,-1.019,1.045
63.41192984580994,0.056,-0.226,-1.019,1.045
63.4124538898468,0.056,-0.226,-1.019,1.045
63.412593126297,0.056,-0.226,-1.019,1.045
63.41275191307068,0.056,-0.226,-1.019,1.045
63.41287398338318,0.056,-0.226,-1.019,1.045
63.412997007369995,0.056,-0.226,-1.019,1.045
63.41312384605408,0.056,-0.226,-1.019,1.045
63.41324305534363,0.056,-0.226,-1.019,1.045
63.41339087486267,0.056,-0.226,-1.019,1.045
63.41369986534119,0.056,-0.226,-1.019,1.045
63.41382598876953,0.056,-0.226,-1.019,1.045
63.41414284706116,0.056,-0.226,-1.019,1.045
63.4143340587616,0.056,-0.226,-1.019,1.045
63.4144971370697,0.056,-0.226,-1.019,1.045
63.41463899612427,0.056,-0.226,-1.019,1.045
63.414758920669556,0.056,-0.226,-1.019,1.045
63.41488790512085,0.056,-0.226,-1.019,1.045
63.41502499580383,0.056,-0.226,-1.019,1.045
63.41514182090759,0.056,-0.226,-1.019,1.045
63.41525912284851,0.056,-0.226,-1.019,1.045
63.41553282737732,0.056,-0.226,-1.019,1.045
63.41584801673889,0.056,-0.226,-1.019,1.045
63.4163019657135,0.056,-0.226,-1.019,1.045
63.41644501686096,0.056,-0.226,-1.019,1.045
63.416621923446655,0.056,-0.226,-1.019,1.045
63.41692805290222,0.056,-0.226,-1.019,1.045
63.41706109046936,0.056,-0.226,-1.019,1.045
63.41778302192688,0.055,-0.215,-1.009,1.033
63.41899490356445,0.055,-0.215,-1.009,1.033
63.42037391662598,0.055,-0.215,-1.009,1.033
63.42100691795349,0.055,-0.215,-1.009,1.033
63.421229124069214,0.055,-0.215,-1.009,1.033
63.421382904052734,0.055,-0.215,-1.009,1.033
63.42153596878052,0.055,-0.215,-1.009,1.033
63.421693086624146,0.055,-0.215,-1.009,1.033
63.421854972839355,0.055,-0.215,-1.009,1.033
63.42212200164795,0.055,-0.215,-1.009,1.033
63.42226696014404,0.055,-0.215,-1.009,1.033
63.422616958618164,0.055,-0.215,-1.009,1.033
63.42292904853821,0.055,-0.215,-1.009,1.033
63.42306995391846,0.055,-0.215,-1.009,1.033
63.42320895195007,0.055,-0.215,-1.009,1.033
63.42419981956482,0.055,-0.215,-1.009,1.033
63.424346923828125,0.055,-0.215,-1.009,1.033
63.424487829208374,0.055,-0.215,-1.009,1.033
63.42462706565857,0.055,-0.215,-1.009,1.033
63.424765825271606,0.055,-0.215,-1.009,1.033
63.424904108047485,0.055,-0.215,-1.009,1.033
63.425041913986206,0.055,-0.215,-1.009,1.033
63.4251868724823,0.055,-0.215,-1.009,1.033
63.425326108932495,0.055,-0.215,-1.009,1.033
63.42546582221985,0.055,-0.215,-1.009,1.033
63.425605058670044,0.055,-0.215,-1.009,1.033
63.425742864608765,0.055,-0.215,-1.009,1.033
63.42597985267639,0.055,-0.215,-1.009,1.033
63.426185846328735,0.055,-0.215,-1.009,1.033
63.42633605003357,0.055,-0.215,-1.009,1.033
63.42647910118103,0.055,-0.215,-1.009,1.033
63.42665982246399,0.055,-0.215,-1.009,1.033
63.42704701423645,0.055,-0.215,-1.009,1.033
63.42721700668335,0.055,-0.215,-1.009,1.033
63.42741894721985,0.055,-0.215,-1.009,1.033
63.4280149936676,0.048,-0.223,-1.004,1.03
63.42858600616455,0.048,-0.223,-1.004,1.03
63.428735971450806,0.048,-0.223,-1.004,1.03
63.42891597747803,0.048,-0.223,-1.004,1.03
63.42904591560364,0.048,-0.223,-1.004,1.03
63.42920279502869,0.048,-0.223,-1.004,1.03
63.42952513694763,0.048,-0.223,-1.004,1.03
63.42964482307434,0.048,-0.223,-1.004,1.03
63.42976403236389,0.048,-0.223,-1.004,1.03
63.42988181114197,0.048,-0.223,-1.004,1.03
63.4300000667572,0.048,-0.223,-1.004,1.03
63.430118799209595,0.048,-0.223,-1.004,1.03
63.43023705482483,0.048,-0.223,-1.004,1.03
63.430365800857544,0.048,-0.223,-1.004,1.03
63.43048405647278,0.048,-0.223,-1.004,1.03
63.430601835250854,0.048,-0.223,-1.004,1.03
63.43072009086609,0.048,-0.223,-1.004,1.03
63.43084096908569,0.048,-0.223,-1.004,1.03
63.43096613883972,0.048,-0.223,-1.004,1.03
63.43108296394348,0.048,-0.223,-1.004,1.03
63.43120098114014,0.048,-0.223,-1.004,1.03
63.43131995201111,0.048,-0.223,-1.004,1.03
63.43143701553345,0.048,-0.223,-1.004,1.03
63.43155884742737,0.048,-0.223,-1.004,1.03
63.43167805671692,0.048,-0.223,-1.004,1.03
63.43179392814636,0.048,-0.223,-1.004,1.03
63.43191194534302,0.048,-0.223,-1.004,1.03
63.432029008865356,0.048,-0.223,-1.004,1.03
63.432145833969116,0.048,-0.223,-1.004,1.03
63.432263135910034,0.048,-0.223,-1.004,1.03
63.43245005607605,0.048,-0.223,-1.004,1.03
63.43258500099182,0.048,-0.223,-1.004,1.03
63.432706117630005,0.048,-0.223,-1.004,1.03
63.4328248500824,0.048,-0.223,-1.004,1.03
63.43294405937195,0.048,-0.223,-1.004,1.03
63.433061838150024,0.048,-0.223,-1.004,1.03
63.433181047439575,0.048,-0.223,-1.004,1.03
63.43362784385681,0.048,-0.223,-1.004,1.03
63.43432092666626,0.048,-0.223,-1.004,1.03
63.43466901779175,0.048,-0.223,-1.004,1.03
63.43501901626587,0.048,-0.223,-1.004,1.03
63.43539595603943,0.048,-0.223,-1.004,1.03
63.43560600280762,0.048,-0.223,-1.004,1.03
63.435736894607544,0.048,-0.223,-1.004,1.03
63.4359028339386,0.048,-0.223,-1.004,1.03
63.43609404563904,0.048,-0.223,-1.004,1.03
63.43625497817993,0.048,-0.223,-1.004,1.03
63.43639588356018,0.048,-0.223,-1.004,1.03
63.436513900756836,0.048,-0.223,-1.004,1.03
63.43663191795349,0.048,-0.223,-1.004,1.03
63.437004804611206,0.048,-0.223,-1.004,1.03
63.437272787094116,0.048,-0.223,-1.004,1.03
63.43739104270935,0.048,-0.223,-1.004,1.03
63.43750882148743,0.048,-0.223,-1.004,1.03
63.437626123428345,0.048,-0.223,-1.004,1.03
63.437926054000854,0.057,-0.232,-1.01,1.038
63.43843483924866,0.057,-0.232,-1.01,1.038
63.438605070114136,0.057,-0.232,-1.01,1.038
63.43875479698181,0.057,-0.232,-1.01,1.038
63.43887782096863,0.057,-0.232,-1.01,1.038
63.43899703025818,0.057,-0.232,-1.01,1.038
63.43911600112915,0.057,-0.232,-1.01,1.038
63.43923497200012,0.057,-0.232,-1.01,1.038
63.43935298919678,0.057,-0.232,-1.01,1.038
63.43947196006775,0.057,-0.232,-1.01,1.038
63.439589977264404,0.057,-0.232,-1.01,1.038
63.439708948135376,0.057,-0.232,-1.01,1.038
63.43982696533203,0.057,-0.232,-1.01,1.038
63.43994498252869,0.057,-0.232,-1.01,1.038
63.440061807632446,0.057,-0.232,-1.01,1.038
63.44018006324768,0.057,-0.232,-1.01,1.038
63.44029784202576,0.057,-0.232,-1.01,1.038
63.440414905548096,0.057,-0.232,-1.01,1.038
63.44053292274475,0.057,-0.232,-1.01,1.038
63.44064998626709,0.057,-0.232,-1.01,1.038
63.440768003463745,0.057,-0.232,-1.01,1.038
63.44088578224182,0.057,-0.232,-1.01,1.038
63.441004037857056,0.057,-0.232,-1.01,1.038
63.44112181663513,0.057,-0.232,-1.01,1.038
63.441240072250366,0.057,-0.232,-1.01,1.038
63.441356897354126,0.057,-0.232,-1.01,1.038
63.44147491455078,0.057,-0.232,-1.01,1.038
63.44159698486328,0.057,-0.232,-1.01,1.038
63.44171404838562,0.057,-0.232,-1.01,1.038
63.441831827163696,0.057,-0.232,-1.01,1.038
63.441949129104614,0.057,-0.232,-1.01,1.038
63.44206690788269,0.057,-0.232,-1.01,1.038
63.442582845687866,0.057,-0.232,-1.01,1.038
63.442708015441895,0.057,-0.232,-1.01,1.038
63.442821979522705,0.057,-0.232,-1.01,1.038
63.44297003746033,0.057,-0.232,-1.01,1.038
63.44312596321106,0.057,-0.232,-1.01,1.038
63.44323992729187,0.057,-0.232,-1.01,1.038
63.443350076675415,0.057,-0.232,-1.01,1.038
63.44345784187317,0.057,-0.232,-1.01,1.038
63.44361591339111,0.057,-0.232,-1.01,1.038
63.44385886192322,0.057,-0.232,-1.01,1.038
63.44397592544556,0.057,-0.232,-1.01,1.038
63.44408583641052,0.057,-0.232,-1.01,1.038
63.444194078445435,0.057,-0.232,-1.01,1.038
63.44430184364319,0.057,-0.232,-1.01,1.038
63.444409132003784,0.057,-0.232,-1.01,1.038
63.44451594352722,0.057,-0.232,-1.01,1.038
63.444623947143555,0.057,-0.232,-1.01,1.038
63.44473099708557,0.057,-0.232,-1.01,1.038
63.44483685493469,0.057,-0.232,-1.01,1.038
63.444945096969604,0.057,-0.232,-1.01,1.038
63.445348024368286,0.057,-0.232,-1.01,1.038
63.44557499885559,0.057,-0.232,-1.01,1.038
63.44576811790466,0.057,-0.232,-1.01,1.038
63.44587683677673,0.057,-0.232,-1.01,1.038
63.445985078811646,0.057,-0.232,-1.01,1.038
63.4460928440094,0.057,-0.232,-1.01,1.038
63.44620108604431,0.057,-0.232,-1.01,1.038
63.446308851242065,0.057,-0.232,-1.01,1.038
63.44641590118408,0.057,-0.232,-1.01,1.038
63.446523904800415,0.057,-0.232,-1.01,1.038
63.44663095474243,0.057,-0.232,-1.01,1.038
63.446738958358765,0.057,-0.232,-1.01,1.038
63.44684600830078,0.057,-0.232,-1.01,1.038
63.4469530582428,0.057,-0.232,-1.01,1.038
63.44706082344055,0.057,-0.232,-1.01,1.038
63.44716691970825,0.057,-0.232,-1.01,1.038
63.44727396965027,0.057,-0.232,-1.01,1.038
63.447381019592285,0.057,-0.232,-1.01,1.038
63.4474880695343,0.057,-0.232,-1.01,1.038
63.44759488105774,0.057,-0.232,-1.01,1.038
63.44777178764343,0.057,-0.232,-1.01,1.038
63.447888135910034,0.065,-0.229,-1.003,1.031
63.4482638835907,0.065,-0.229,-1.003,1.031
63.44837498664856,0.065,-0.229,-1.003,1.031
63.44848299026489,0.065,-0.229,-1.003,1.031
63.44859004020691,0.065,-0.229,-1.003,1.031
63.4487099647522,0.065,-0.229,-1.003,1.031
63.448827028274536,0.065,-0.229,-1.003,1.031
63.44894480705261,0.065,-0.229,-1.003,1.031
63.44906306266785,0.065,-0.229,-1.003,1.031
63.449179887771606,0.065,-0.229,-1.003,1.031
63.44929790496826,0.065,-0.229,-1.003,1.031
63.44941592216492,0.065,-0.229,-1.003,1.031
63.449532985687256,0.065,-0.229,-1.003,1.031
63.44970893859863,0.065,-0.229,-1.003,1.031
63.44982600212097,0.065,-0.229,-1.003,1.031
63.449886083602905,0.065,-0.229,-1.003,1.031
63.45085597038269,0.065,-0.229,-1.003,1.031
63.451515913009644,0.065,-0.229,-1.003,1.031
63.45201897621155,0.065,-0.229,-1.003,1.031
63.45216202735901,0.065,-0.229,-1.003,1.031
63.45264196395874,0.065,-0.229,-1.003,1.031
63.45275807380676,0.065,-0.229,-1.003,1.031
63.45287299156189,0.065,-0.229,-1.003,1.031
63.45298194885254,0.065,-0.229,-1.003,1.031
63.453036069869995,0.065,-0.229,-1.003,1.031
63.45314383506775,0.065,-0.229,-1.003,1.031
63.453251123428345,0.065,-0.229,-1.003,1.031
63.453409910202026,0.065,-0.229,-1.003,1.031
63.453519105911255,0.065,-0.229,-1.003,1.031
63.45362591743469,0.065,-0.229,-1.003,1.031
63.4537889957428,0.065,-0.229,-1.003,1.031
63.45384383201599,0.065,-0.229,-1.003,1.031
63.4539520740509,0.065,-0.229,-1.003,1.031
63.45405983924866,0.065,-0.229,-1.003,1.031
63.45416808128357,0.065,-0.229,-1.003,1.031
63.45427584648132,0.065,-0.229,-1.003,1.031
63.45438313484192,0.065,-0.229,-1.003,1.031
63.45449090003967,0.065,-0.229,-1.003,1.031
63.45459794998169,0.065,-0.229,-1.003,1.031
63.45470595359802,0.065,-0.229,-1.003,1.031
63.45481300354004,0.065,-0.229,-1.003,1.031
63.454920053482056,0.065,-0.229,-1.003,1.031
63.45502591133118,0.065,-0.229,-1.003,1.031
63.45513296127319,0.065,-0.229,-1.003,1.031
63.45524001121521,0.065,-0.229,-1.003,1.031
63.45534586906433,0.065,-0.229,-1.003,1.031
63.45545291900635,0.065,-0.229,-1.003,1.031
63.45555901527405,0.065,-0.229,-1.003,1.031
63.455665826797485,0.065,-0.229,-1.003,1.031
63.45577311515808,0.065,-0.229,-1.003,1.031
63.45587992668152,0.065,-0.229,-1.003,1.031
63.45598578453064,0.065,-0.229,-1.003,1.031
63.45609211921692,0.065,-0.229,-1.003,1.031
63.456198930740356,0.065,-0.229,-1.003,1.031
63.456331968307495,0.065,-0.229,-1.003,1.031
63.45643901824951,0.065,-0.229,-1.003,1.031
63.45654606819153,0.065,-0.229,-1.003,1.031
63.456658124923706,0.065,-0.229,-1.003,1.031
63.456774950027466,0.065,-0.229,-1.003,1.031
63.45689296722412,0.065,-0.229,-1.003,1.031
63.45706796646118,0.065,-0.229,-1.003,1.031
63.45712685585022,0.065,-0.229,-1.003,1.031
63.45724391937256,0.065,-0.229,-1.003,1.031
63.4573609828949,0.065,-0.229,-1.003,1.031
63.45747780799866,0.065,-0.229,-1.003,1.031
63.45762300491333,0.065,-0.229,-1.003,1.031
63.45775103569031,0.065,-0.229,-1.003,1.031
63.457868814468384,0.065,-0.229,-1.003,1.031
63.45815587043762,0.078,-0.214,-1.018,1.043
63.458478927612305,0.078,-0.214,-1.018,1.043
63.45853900909424,0.078,-0.214,-1.018,1.043
63.45865607261658,0.078,-0.214,-1.018,1.043
63.45877289772034,0.078,-0.214,-1.018,1.043
63.458832025527954,0.078,-0.214,-1.018,1.043
63.458948850631714,0.078,-0.214,-1.018,1.043
63.459064960479736,0.078,-0.214,-1.018,1.043
63.459182024002075,0.078,-0.214,-1.018,1.043
63.459298849105835,0.078,-0.214,-1.018,1.043
63.459415912628174,0.078,-0.214,-1.018,1.043
63.45953297615051,0.078,-0.214,-1.018,1.043
63.45964980125427,0.078,-0.214,-1.018,1.043
63.459765911102295,0.078,-0.214,-1.018,1.043
63.45988488197327,0.078,-0.214,-1.018,1.043
63.460001945495605,0.078,-0.214,-1.018,1.043
63.460119009017944,0.078,-0.214,-1.018,1.043
63.460235834121704,0.078,-0.214,-1.018,1.043
63.46035313606262,0.078,-0.214,-1.018,1.043
63.4604709148407,0.078,-0.214,-1.018,1.043
63.46058678627014,0.078,-0.214,-1.018,1.043
63.46070408821106,0.078,-0.214,-1.018,1.043
63.46082091331482,0.078,-0.214,-1.018,1.043
63.46093678474426,0.078,-0.214,-1.018,1.043
63.46105408668518,0.078,-0.214,-1.018,1.043
63.461169958114624,0.078,-0.214,-1.018,1.043
63.461286783218384,0.078,-0.214,-1.018,1.043
63.461403131484985,0.078,-0.214,-1.018,1.043
63.461519956588745,0.078,-0.214,-1.018,1.043
63.461636781692505,0.078,-0.214,-1.018,1.043
63.46175408363342,0.078,-0.214,-1.018,1.043
63.46187090873718,0.078,-0.214,-1.018,1.043
63.46212983131409,0.078,-0.214,-1.018,1.043
63.46234679222107,0.078,-0.214,-1.018,1.043
63.46246790885925,0.078,-0.214,-1.018,1.043
63.46258592605591,0.078,-0.214,-1.018,1.043
63.46270394325256,0.078,-0.214,-1.018,1.043
63.46282196044922,0.078,-0.214,-1.018,1.043
63.46293902397156,0.078,-0.214,-1.018,1.043
63.463056802749634,0.078,-0.214,-1.018,1.043
63.46317410469055,0.078,-0.214,-1.018,1.043
63.46329092979431,0.078,-0.214,-1.018,1.043
63.463406801223755,0.078,-0.214,-1.018,1.043
63.46352410316467,0.078,-0.214,-1.018,1.043
63.46364092826843,0.078,-0.214,-1.018,1.043
63.46375894546509,0.078,-0.214,-1.018,1.043
63.46387600898743,0.078,-0.214,-1.018,1.043
63.46399283409119,0.078,-0.214,-1.018,1.043
63.46410894393921,0.078,-0.214,-1.018,1.043
63.46422600746155,0.078,-0.214,-1.018,1.043
63.46434283256531,0.078,-0.214,-1.018,1.043
63.464462995529175,0.078,-0.214,-1.018,1.043
63.46456980705261,0.078,-0.214,-1.018,1.043
63.46467590332031,0.078,-0.214,-1.018,1.043
63.46478295326233,0.078,-0.214,-1.018,1.043
63.46488881111145,0.078,-0.214,-1.018,1.043
63.46499490737915,0.078,-0.214,-1.018,1.043
63.46510100364685,0.078,-0.214,-1.018,1.043
63.46520686149597,0.078,-0.214,-1.018,1.043
63.46531295776367,0.078,-0.214,-1.018,1.043
63.46542000770569,0.078,-0.214,-1.018,1.043
63.46552586555481,0.078,-0.214,-1.018,1.043
63.46563196182251,0.078,-0.214,-1.018,1.043
63.46574807167053,0.078,-0.214,-1.018,1.043
63.46585488319397,0.078,-0.214,-1.018,1.043
63.4659640789032,0.078,-0.214,-1.018,1.043
63.466070890426636,0.078,-0.214,-1.018,1.043
63.466176986694336,0.078,-0.214,-1.018,1.043
63.46623110771179,0.078,-0.214,-1.018,1.043
63.46638894081116,0.078,-0.214,-1.018,1.043
63.46651792526245,0.078,-0.214,-1.018,1.043
63.46662497520447,0.078,-0.214,-1.018,1.043
63.46673083305359,0.078,-0.214,-1.018,1.043
63.467007875442505,0.078,-0.214,-1.018,1.043
63.46711707115173,0.078,-0.214,-1.018,1.043
63.467222929000854,0.078,-0.214,-1.018,1.043
63.46732997894287,0.078,-0.214,-1.018,1.043
63.467522859573364,0.078,-0.214,-1.018,1.043
63.467657804489136,0.078,-0.214,-1.018,1.043
63.467768907547,0.078,-0.214,-1.018,1.043
63.4678750038147,0.078,-0.214,-1.018,1.043
63.4679811000824,0.078,-0.214,-1.018,1.043
63.46811890602112,0.078,-0.214,-1.018,1.043
63.46840310096741,0.074,-0.215,-1.005,1.03
63.46859693527222,0.074,-0.215,-1.005,1.03
63.4687077999115,0.074,-0.215,-1.005,1.03
63.46881604194641,0.074,-0.215,-1.005,1.03
63.46892285346985,0.074,-0.215,-1.005,1.03
63.469029903411865,0.074,-0.215,-1.005,1.03
63.469135999679565,0.074,-0.215,-1.005,1.03
63.469242811203,0.074,-0.215,-1.005,1.03
63.4693489074707,0.074,-0.215,-1.005,1.03
63.46945595741272,0.074,-0.215,-1.005,1.03
63.46956181526184,0.074,-0.215,-1.005,1.03
63.46966910362244,0.074,-0.215,-1.005,1.03
63.46977496147156,0.074,-0.215,-1.005,1.03
63.46988081932068,0.074,-0.215,-1.005,1.03
63.46998691558838,0.074,-0.215,-1.005,1.03
63.470093965530396,0.074,-0.215,-1.005,1.03
63.47019982337952,0.074,-0.215,-1.005,1.03
63.4703209400177,0.074,-0.215,-1.005,1.03
63.470431089401245,0.074,-0.215,-1.005,1.03
63.470547914505005,0.074,-0.215,-1.005,1.03
63.470654010772705,0.074,-0.215,-1.005,1.03
63.470760107040405,0.074,-0.215,-1.005,1.03
63.470865964889526,0.074,-0.215,-1.005,1.03
63.47097182273865,0.074,-0.215,-1.005,1.03
63.47107791900635,0.074,-0.215,-1.005,1.03
63.471197843551636,0.074,-0.215,-1.005,1.03
63.47130990028381,0.074,-0.215,-1.005,1.03
63.471415996551514,0.074,-0.215,-1.005,1.03
63.47152495384216,0.074,-0.215,-1.005,1.03
63.471630811691284,0.074,-0.215,-1.005,1.03
63.471736907958984,0.074,-0.215,-1.005,1.03
63.47184991836548,0.074,-0.215,-1.005,1.03
63.47195601463318,0.074,-0.215,-1.005,1.03
63.4720618724823,0.074,-0.215,-1.005,1.03
63.47216796875,0.074,-0.215,-1.005,1.03
63.47227501869202,0.074,-0.215,-1.005,1.03
63.47238278388977,0.074,-0.215,-1.005,1.03
63.47248101234436,0.074,-0.215,-1.005,1.03
63.47257995605469,0.074,-0.215,-1.005,1.03
63.47267985343933,0.074,-0.215,-1.005,1.03
63.47277808189392,0.074,-0.215,-1.005,1.03
63.47292494773865,0.074,-0.215,-1.005,1.03
63.47302293777466,0.074,-0.215,-1.005,1.03
63.473127126693726,0.074,-0.215,-1.005,1.03
63.47317695617676,0.074,-0.215,-1.005,1.03
63.47327899932861,0.074,-0.215,-1.005,1.03
63.473376989364624,0.074,-0.215,-1.005,1.03
63.473474979400635,0.074,-0.215,-1.005,1.03
63.473572969436646,0.074,-0.215,-1.005,1.03
63.473670959472656,0.074,-0.215,-1.005,1.03
63.47376990318298,0.074,-0.215,-1.005,1.03
63.47386813163757,0.074,-0.215,-1.005,1.03
63.473965883255005,0.074,-0.215,-1.005,1.03
63.474064111709595,0.074,-0.215,-1.005,1.03
63.474161863327026,0.074,-0.215,-1.005,1.03
63.474260091781616,0.074,-0.215,-1.005,1.03
63.47435784339905,0.074,-0.215,-1.005,1.03
63.47445607185364,0.074,-0.215,-1.005,1.03
63.474555015563965,0.074,-0.215,-1.005,1.03
63.47465395927429,0.074,-0.215,-1.005,1.03
63.4747519493103,0.074,-0.215,-1.005,1.03
63.474862813949585,0.074,-0.215,-1.005,1.03
63.474982023239136,0.074,-0.215,-1.005,1.03
63.47508883476257,0.074,-0.215,-1.005,1.03
63.47518706321716,0.074,-0.215,-1.005,1.03
63.475284814834595,0.074,-0.215,-1.005,1.03
63.47540783882141,0.074,-0.215,-1.005,1.03
63.47555494308472,0.074,-0.215,-1.005,1.03
63.47565793991089,0.074,-0.215,-1.005,1.03
63.47575783729553,0.074,-0.215,-1.005,1.03
63.47585701942444,0.074,-0.215,-1.005,1.03
63.47595691680908,0.074,-0.215,-1.005,1.03
63.47605586051941,0.074,-0.215,-1.005,1.03
63.47625184059143,0.074,-0.215,-1.005,1.03
63.47635102272034,0.074,-0.215,-1.005,1.03
63.476449966430664,0.074,-0.215,-1.005,1.03
63.47654604911804,0.074,-0.215,-1.005,1.03
63.47664189338684,0.074,-0.215,-1.005,1.03
63.47678589820862,0.074,-0.215,-1.005,1.03
63.476881980895996,0.074,-0.215,-1.005,1.03
63.476978063583374,0.074,-0.215,-1.005,1.03
63.47718405723572,0.074,-0.215,-1.005,1.03
63.47729301452637,0.074,-0.215,-1.005,1.03
63.47739386558533,0.074,-0.215,-1.005,1.03
63.477664947509766,0.074,-0.215,-1.005,1.03
63.4777889251709,0.074,-0.215,-1.005,1.03
63.47789001464844,0.074,-0.215,-1.005,1.03
63.47802996635437,0.054,-0.233,-0.953,0.983
63.47833299636841,0.054,-0.233,-0.953,0.983
63.47843599319458,0.054,-0.233,-0.953,0.983
63.478537797927856,0.054,-0.233,-0.953,0.983
63.478636026382446,0.054,-0.233,-0.953,0.983
63.47873401641846,0.054,-0.233,-0.953,0.983
63.47893404960632,0.054,-0.233,-0.953,0.983
63.47903800010681,0.054,-0.233,-0.953,0.983
63.47913694381714,0.054,-0.233,-0.953,0.983
63.47923493385315,0.054,-0.233,-0.953,0.983
63.47933292388916,0.054,-0.233,-0.953,0.983
63.47943186759949,0.054,-0.233,-0.953,0.983
63.479564905166626,0.054,-0.233,-0.953,0.983
63.47966408729553,0.054,-0.233,-0.953,0.983
63.47975993156433,0.054,-0.233,-0.953,0.983
63.47985482215881,0.054,-0.233,-0.953,0.983
63.47995090484619,0.054,-0.233,-0.953,0.983
63.48004698753357,0.054,-0.233,-0.953,0.983
63.48014187812805,0.054,-0.233,-0.953,0.983
63.48023796081543,0.054,-0.233,-0.953,0.983
63.480334997177124,0.054,-0.233,-0.953,0.983
63.48043084144592,0.054,-0.233,-0.953,0.983
63.480525970458984,0.054,-0.233,-0.953,0.983
63.480621099472046,0.054,-0.233,-0.953,0.983
63.48071599006653,0.054,-0.233,-0.953,0.983
63.48081088066101,0.054,-0.233,-0.953,0.983
63.48090600967407,0.054,-0.233,-0.953,0.983
63.48100399971008,0.054,-0.233,-0.953,0.983
63.481098890304565,0.054,-0.233,-0.953,0.983
63.48119401931763,0.054,-0.233,-0.953,0.983
63.48128890991211,0.054,-0.233,-0.953,0.983
63.48138499259949,0.054,-0.233,-0.953,0.983
63.48147892951965,0.054,-0.233,-0.953,0.983
63.48157501220703,0.054,-0.233,-0.953,0.983
63.481669902801514,0.054,-0.233,-0.953,0.983
63.48188495635986,0.054,-0.233,-0.953,0.983
63.481995820999146,0.054,-0.233,-0.953,0.983
63.48209595680237,0.054,-0.233,-0.953,0.983
63.48219299316406,0.054,-0.233,-0.953,0.983
63.48230695724487,0.054,-0.233,-0.953,0.983
63.48240303993225,0.054,-0.233,-0.953,0.983
63.48249888420105,0.054,-0.233,-0.953,0.983
63.48259496688843,0.054,-0.233,-0.953,0.983
63.482691049575806,0.054,-0.233,-0.953,0.983
63.48278594017029,0.054,-0.233,-0.953,0.983
63.48288178443909,0.054,-0.233,-0.953,0.983
63.48297691345215,0.054,-0.233,-0.953,0.983
63.483072996139526,0.054,-0.233,-0.953,0.983
63.483168840408325,0.054,-0.233,-0.953,0.983
63.483274936676025,0.054,-0.233,-0.953,0.983
63.4833710193634,0.054,-0.233,-0.953,0.983
63.483550786972046,0.054,-0.233,-0.953,0.983
63.483680963516235,0.054,-0.233,-0.953,0.983
63.48378396034241,0.054,-0.233,-0.953,0.983
63.48388409614563,0.054,-0.233,-0.953,0.983
63.48410201072693,0.054,-0.233,-0.953,0.983
63.48420190811157,0.054,-0.233,-0.953,0.983
63.48452091217041,0.054,-0.233,-0.953,0.983
63.48476004600525,0.054,-0.233,-0.953,0.983
63.48485994338989,0.054,-0.233,-0.953,0.983
63.48516011238098,0.054,-0.233,-0.953,0.983
63.4853150844574,0.054,-0.233,-0.953,0.983
63.48558688163757,0.054,-0.233,-0.953,0.983
63.48573398590088,0.054,-0.233,-0.953,0.983
63.48583698272705,0.054,-0.233,-0.953,0.983
63.485936880111694,0.054,-0.233,-0.953,0.983
63.4860360622406,0.054,-0.233,-0.953,0.983
63.48613500595093,0.054,-0.233,-0.953,0.983
63.48623299598694,0.054,-0.233,-0.953,0.983
63.486284017562866,0.054,-0.233,-0.953,0.983
63.48633408546448,0.054,-0.233,-0.953,0.983
63.486480951309204,0.054,-0.233,-0.953,0.983
63.48658299446106,0.054,-0.233,-0.953,0.983
63.48668885231018,0.054,-0.233,-0.953,0.983
63.48679280281067,0.054,-0.233,-0.953,0.983
63.48689913749695,0.054,-0.233,-0.953,0.983
63.48700308799744,0.054,-0.233,-0.953,0.983
63.487107038497925,0.054,-0.233,-0.953,0.983
63.48720598220825,0.054,-0.233,-0.953,0.983
63.48730111122131,0.054,-0.233,-0.953,0.983
63.48739695549011,0.054,-0.233,-0.953,0.983
63.48749279975891,0.054,-0.233,-0.953,0.983
63.48758912086487,0.054,-0.233,-0.953,0.983
63.48768401145935,0.054,-0.233,-0.953,0.983
63.48777985572815,0.054,-0.233,-0.953,0.983
63.48787593841553,0.054,-0.233,-0.953,0.983
63.48801779747009,0.054,-0.233,-0.953,0.983
63.48806691169739,0.054,-0.233,-0.953,0.983
63.48816180229187,0.054,-0.233,-0.953,0.983
63.48826003074646,0.054,-0.233,-0.953,0.983
63.488550901412964,0.05,-0.244,-0.931,0.964
63.48872208595276,0.05,-0.244,-0.931,0.964
63.488818883895874,0.05,-0.244,-0.931,0.964
63.48891496658325,0.05,-0.244,-0.931,0.964
63.48901104927063,0.05,-0.244,-0.931,0.964
63.48910593986511,0.05,-0.244,-0.931,0.964
63.489200830459595,0.05,-0.244,-0.931,0.964
63.489295959472656,0.05,-0.244,-0.931,0.964
63.489392042160034,0.05,-0.244,-0.931,0.964
63.48948693275452,0.05,-0.244,-0.931,0.964
63.489581823349,0.05,-0.244,-0.931,0.964
63.48967790603638,0.05,-0.244,-0.931,0.964
63.48977303504944,0.05,-0.244,-0.931,0.964
63.48986792564392,0.05,-0.244,-0.931,0.964
63.4899640083313,0.05,-0.244,-0.931,0.964
63.49005913734436,0.05,-0.244,-0.931,0.964
63.490155935287476,0.05,-0.244,-0.931,0.964
63.4902708530426,0.05,-0.244,-0.931,0.964
63.49037003517151,0.05,-0.244,-0.931,0.964
63.49046492576599,0.05,-0.244,-0.931,0.964
63.490559816360474,0.05,-0.244,-0.931,0.964
63.490654945373535,0.05,-0.244,-0.931,0.964
63.49075388908386,0.05,-0.244,-0.931,0.964
63.49085211753845,0.05,-0.244,-0.931,0.964
63.490955114364624,0.05,-0.244,-0.931,0.964
63.49112892150879,0.05,-0.244,-0.931,0.964
63.49127411842346,0.05,-0.244,-0.931,0.964
63.49142003059387,0.05,-0.244,-0.931,0.964
63.49152112007141,0.05,-0.244,-0.931,0.964
63.49161982536316,0.05,-0.244,-0.931,0.964
63.491719007492065,0.05,-0.244,-0.931,0.964
63.491816997528076,0.05,-0.244,-0.931,0.964
63.4919159412384,0.05,-0.244,-0.931,0.964
63.492016077041626,0.05,-0.244,-0.931,0.964
63.492111921310425,0.05,-0.244,-0.931,0.964
63.49220681190491,0.05,-0.244,-0.931,0.964
63.4922559261322,0.05,-0.244,-0.931,0.964
63.492356061935425,0.05,-0.244,-0.931,0.964
63.49245500564575,0.05,-0.244,-0.931,0.964
63.49255108833313,0.05,-0.244,-0.931,0.964
63.49264979362488,0.05,-0.244,-0.931,0.964
63.49280500411987,0.05,-0.244,-0.931,0.964
63.492908000946045,0.05,-0.244,-0.931,0.964
63.49300694465637,0.05,-0.244,-0.931,0.964
63.4930579662323,0.05,-0.244,-0.931,0.964
63.49320197105408,0.05,-0.244,-0.931,0.964
63.493297815322876,0.05,-0.244,-0.931,0.964
63.49339294433594,0.05,-0.244,-0.931,0.964
63.493489027023315,0.05,-0.244,-0.931,0.964
63.493584871292114,0.05,-0.244,-0.931,0.964
63.49368190765381,0.05,-0.244,-0.931,0.964
63.4937789440155,0.05,-0.244,-0.931,0.964
63.4938759803772,0.05,-0.244,-0.931,0.964
63.493977785110474,0.05,-0.244,-0.931,0.964
63.49407887458801,0.05,-0.244,-0.931,0.964
63.49418091773987,0.05,-0.244,-0.931,0.964
63.494282960891724,0.05,-0.244,-0.931,0.964
63.494383096694946,0.05,-0.244,-0.931,0.964
63.494483947753906,0.05,-0.244,-0.931,0.964
63.49458289146423,0.05,-0.244,-0.931,0.964
63.49467897415161,0.05,-0.244,-0.931,0.964
63.49480080604553,0.05,-0.244,-0.931,0.964
63.49495482444763,0.05,-0.244,-0.931,0.964
63.495059967041016,0.05,-0.244,-0.931,0.964
63.495157957077026,0.05,-0.244,-0.931,0.964
63.49525690078735,0.05,-0.244,-0.931,0.964
63.495352029800415,0.05,-0.244,-0.931,0.964
63.495447874069214,0.05,-0.244,-0.931,0.964
63.49554395675659,0.05,-0.244,-0.931,0.964
63.49564003944397,0.05,-0.244,-0.931,0.964
63.49573588371277,0.05,-0.244,-0.931,0.964
63.49583101272583,0.05,-0.244,-0.931,0.964
63.49592709541321,0.05,-0.244,-0.931,0.964
63.49602484703064,0.05,-0.244,-0.931,0.964
63.496073961257935,0.05,-0.244,-0.931,0.964
63.49621605873108,0.05,-0.244,-0.931,0.964
63.49631190299988,0.05,-0.244,-0.931,0.964
63.496407985687256,0.05,-0.244,-0.931,0.964
63.49650311470032,0.05,-0.244,-0.931,0.964
63.496598958969116,0.05,-0.244,-0.931,0.964
63.496694803237915,0.05,-0.244,-0.931,0.964
63.49678993225098,0.05,-0.244,-0.931,0.964
63.49693298339844,0.05,-0.244,-0.931,0.964
63.49698090553284,0.05,-0.244,-0.931,0.964
63.497076988220215,0.05,-0.244,-0.931,0.964
63.497172117233276,0.05,-0.244,-0.931,0.964
63.49726700782776,0.05,-0.244,-0.931,0.964
63.49736285209656,0.05,-0.244,-0.931,0.964
63.49745798110962,0.05,-0.244,-0.931,0.964
63.49755311012268,0.05,-0.244,-0.931,0.964
63.49764895439148,0.05,-0.244,-0.931,0.964
63.49774384498596,0.05,-0.244,-0.931,0.964
63.49783992767334,0.05,-0.244,-0.931,0.964
63.4979350566864,0.05,-0.244,-0.931,0.964
63.4980309009552,0.05,-0.244,-0.931,0.964
63.49815011024475,0.048,-0.247,-0.943,0.976
63.498453855514526,0.048,-0.247,-0.943,0.976
63.49855303764343,0.048,-0.247,-0.943,0.976
63.49864888191223,0.048,-0.247,-0.943,0.976
63.49875998497009,0.048,-0.247,-0.943,0.976
63.49885582923889,0.048,-0.247,-0.943,0.976
63.49895191192627,0.048,-0.247,-0.943,0.976
63.49901795387268,0.048,-0.247,-0.943,0.976
63.49916195869446,0.048,-0.247,-0.943,0.976
63.49925780296326,0.048,-0.247,-0.943,0.976
63.499354124069214,0.048,-0.247,-0.943,0.976
63.49945092201233,0.048,-0.247,-0.943,0.976
63.49954581260681,0.048,-0.247,-0.943,0.976
63.49964213371277,0.048,-0.247,-0.943,0.976
63.49973797798157,0.048,-0.247,-0.943,0.976
63.49983286857605,0.048,-0.247,-0.943,0.976
63.49993896484375,0.048,-0.247,-0.943,0.976
63.500036001205444,0.048,-0.247,-0.943,0.976
63.50023794174194,0.048,-0.247,-0.943,0.976
63.50034785270691,0.048,-0.247,-0.943,0.976
63.5004460811615,0.048,-0.247,-0.943,0.976
63.500542879104614,0.048,-0.247,-0.943,0.976
63.50063896179199,0.048,-0.247,-0.943,0.976
63.50073504447937,0.048,-0.247,-0.943,0.976
63.50083088874817,0.048,-0.247,-0.943,0.976
63.50092697143555,0.048,-0.247,-0.943,0.976
63.501023054122925,0.048,-0.247,-0.943,0.976
63.50111794471741,0.048,-0.247,-0.943,0.976
63.501213788986206,0.048,-0.247,-0.943,0.976
63.50131011009216,0.048,-0.247,-0.943,0.976
63.501405000686646,0.048,-0.247,-0.943,0.976
63.501500844955444,0.048,-0.247,-0.943,0.976
63.50159692764282,0.048,-0.247,-0.943,0.976
63.501692056655884,0.048,-0.247,-0.943,0.976
63.50178790092468,0.048,-0.247,-0.943,0.976
63.50188398361206,0.048,-0.247,-0.943,0.976
63.50198006629944,0.048,-0.247,-0.943,0.976
63.50207591056824,0.048,-0.247,-0.943,0.976
63.502171993255615,0.048,-0.247,-0.943,0.976
63.50226807594299,0.048,-0.247,-0.943,0.976
63.50236392021179,0.048,-0.247,-0.943,0.976
63.50246000289917,0.048,-0.247,-0.943,0.976
63.50255608558655,0.048,-0.247,-0.943,0.976
63.50265192985535,0.048,-0.247,-0.943,0.976
63.502748012542725,0.048,-0.247,-0.943,0.976
63.50284695625305,0.048,-0.247,-0.943,0.976
63.50294280052185,0.048,-0.247,-0.943,0.976
63.50303792953491,0.048,-0.247,-0.943,0.976
63.50313401222229,0.048,-0.247,-0.943,0.976
63.503183126449585,0.048,-0.247,-0.943,0.976
63.503297090530396,0.048,-0.247,-0.943,0.976
63.503397941589355,0.048,-0.247,-0.943,0.976
63.50349497795105,0.048,-0.247,-0.943,0.976
63.50358986854553,0.048,-0.247,-0.943,0.976
63.50369381904602,0.048,-0.247,-0.943,0.976
63.5037899017334,0.048,-0.247,-0.943,0.976
63.50384497642517,0.048,-0.247,-0.943,0.976
63.50394082069397,0.048,-0.247,-0.943,0.976
63.504040002822876,0.048,-0.247,-0.943,0.976
63.50413489341736,0.048,-0.247,-0.943,0.976
63.504230976104736,0.048,-0.247,-0.943,0.976
63.5043261051178,0.048,-0.247,-0.943,0.976
63.5044219493866,0.048,-0.247,-0.943,0.976
63.50451683998108,0.048,-0.247,-0.943,0.976
63.50461292266846,0.048,-0.247,-0.943,0.976
63.50471091270447,0.048,-0.247,-0.943,0.976
63.504806995391846,0.048,-0.247,-0.943,0.976
63.50494980812073,0.048,-0.247,-0.943,0.976
63.504997968673706,0.048,-0.247,-0.943,0.976
63.505093812942505,0.048,-0.247,-0.943,0.976
63.505188941955566,0.048,-0.247,-0.943,0.976
63.505285024642944,0.048,-0.247,-0.943,0.976
63.50537991523743,0.048,-0.247,-0.943,0.976
63.505475997924805,0.048,-0.247,-0.943,0.976
63.505571126937866,0.048,-0.247,-0.943,0.976
63.505666971206665,0.048,-0.247,-0.943,0.976
63.505762815475464,0.048,-0.247,-0.943,0.976
63.505857944488525,0.048,-0.247,-0.943,0.976
63.5059540271759,0.048,-0.247,-0.943,0.976
63.506048917770386,0.048,-0.247,-0.943,0.976
63.50614380836487,0.048,-0.247,-0.943,0.976
63.506240129470825,0.048,-0.247,-0.943,0.976
63.50633502006531,0.048,-0.247,-0.943,0.976
63.50642991065979,0.048,-0.247,-0.943,0.976
63.50652480125427,0.048,-0.247,-0.943,0.976
63.50662112236023,0.048,-0.247,-0.943,0.976
63.50671601295471,0.048,-0.247,-0.943,0.976
63.50676393508911,0.048,-0.247,-0.943,0.976
63.50690579414368,0.048,-0.247,-0.943,0.976
63.507002115249634,0.048,-0.247,-0.943,0.976
63.50709795951843,0.048,-0.247,-0.943,0.976
63.507192850112915,0.048,-0.247,-0.943,0.976
63.50728797912598,0.048,-0.247,-0.943,0.976
63.507384061813354,0.048,-0.247,-0.943,0.976
63.50748085975647,0.048,-0.247,-0.943,0.976
63.507609128952026,0.048,-0.247,-0.943,0.976
63.50776290893555,0.048,-0.247,-0.943,0.976
63.50791692733765,0.048,-0.247,-0.943,0.976
63.50801682472229,0.048,-0.247,-0.943,0.976
63.50811195373535,0.048,-0.247,-0.943,0.976
63.50820708274841,0.048,-0.247,-0.943,0.976
63.50832200050354,0.048,-0.247,-0.943,0.976
63.50841689109802,0.048,-0.247,-0.943,0.976
63.50853490829468,0.044,-0.251,-0.967,1.0
63.508816957473755,0.044,-0.251,-0.967,1.0
63.508914947509766,0.044,-0.251,-0.967,1.0
63.509011030197144,0.044,-0.251,-0.967,1.0
63.50910782814026,0.044,-0.251,-0.967,1.0
63.50920391082764,0.044,-0.251,-0.967,1.0
63.509299993515015,0.044,-0.251,-0.967,1.0
63.50939583778381,0.044,-0.251,-0.967,1.0
63.50949192047119,0.044,-0.251,-0.967,1.0
63.50958704948425,0.044,-0.251,-0.967,1.0
63.50968289375305,0.044,-0.251,-0.967,1.0
63.509777784347534,0.044,-0.251,-0.967,1.0
63.509872913360596,0.044,-0.251,-0.967,1.0
63.50996804237366,0.044,-0.251,-0.967,1.0
63.510063886642456,0.044,-0.251,-0.967,1.0
63.51015901565552,0.044,-0.251,-0.967,1.0
63.510255098342896,0.044,-0.251,-0.967,1.0
63.51030397415161,0.044,-0.251,-0.967,1.0
63.51044583320618,0.044,-0.251,-0.967,1.0
63.510493993759155,0.044,-0.251,-0.967,1.0
63.510643005371094,0.044,-0.251,-0.967,1.0
63.51074290275574,0.044,-0.251,-0.967,1.0
63.51083779335022,0.044,-0.251,-0.967,1.0
63.51093292236328,0.044,-0.251,-0.967,1.0
63.51102805137634,0.044,-0.251,-0.967,1.0
63.51107692718506,0.044,-0.251,-0.967,1.0
63.51121997833252,0.044,-0.251,-0.967,1.0
63.51131510734558,0.044,-0.251,-0.967,1.0
63.51146578788757,0.044,-0.251,-0.967,1.0
63.51162791252136,0.044,-0.251,-0.967,1.0
63.511730909347534,0.044,-0.251,-0.967,1.0
63.511829137802124,0.044,-0.251,-0.967,1.0
63.51192498207092,0.044,-0.251,-0.967,1.0
63.51202082633972,0.044,-0.251,-0.967,1.0
63.5121169090271,0.044,-0.251,-0.967,1.0
63.5121648311615,0.044,-0.251,-0.967,1.0
63.51230788230896,0.044,-0.251,-0.967,1.0
63.51240301132202,0.044,-0.251,-0.967,1.0
63.5124990940094,0.044,-0.251,-0.967,1.0
63.51259398460388,0.044,-0.251,-0.967,1.0
63.51268982887268,0.044,-0.251,-0.967,1.0
63.51273798942566,0.044,-0.251,-0.967,1.0
63.51288104057312,0.044,-0.251,-0.967,1.0
63.51297688484192,0.044,-0.251,-0.967,1.0
63.51307201385498,0.044,-0.251,-0.967,1.0
63.51316690444946,0.044,-0.251,-0.967,1.0
63.513262033462524,0.044,-0.251,-0.967,1.0
63.51335787773132,0.044,-0.251,-0.967,1.0
63.513453006744385,0.044,-0.251,-0.967,1.0
63.51354908943176,0.044,-0.251,-0.967,1.0
63.513643980026245,0.044,-0.251,-0.967,1.0
63.51373887062073,0.044,-0.251,-0.967,1.0
63.513834953308105,0.044,-0.251,-0.967,1.0
63.51393008232117,0.044,-0.251,-0.967,1.0
63.514025926589966,0.044,-0.251,-0.967,1.0
63.51412081718445,0.044,-0.251,-0.967,1.0
63.51421904563904,0.044,-0.251,-0.967,1.0
63.51431393623352,0.044,-0.251,-0.967,1.0
63.514408826828,0.044,-0.251,-0.967,1.0
63.51450490951538,0.044,-0.251,-0.967,1.0
63.51460003852844,0.044,-0.251,-0.967,1.0
63.514694929122925,0.044,-0.251,-0.967,1.0
63.5147910118103,0.044,-0.251,-0.967,1.0
63.514885902404785,0.044,-0.251,-0.967,1.0
63.51498103141785,0.044,-0.251,-0.967,1.0
63.515076875686646,0.044,-0.251,-0.967,1.0
63.51517605781555,0.044,-0.251,-0.967,1.0
63.51522397994995,0.044,-0.251,-0.967,1.0
63.51536583900452,0.044,-0.251,-0.967,1.0
63.515461921691895,0.044,-0.251,-0.967,1.0
63.515557050704956,0.044,-0.251,-0.967,1.0
63.515661001205444,0.044,-0.251,-0.967,1.0
63.51575779914856,0.044,-0.251,-0.967,1.0
63.51585292816162,0.044,-0.251,-0.967,1.0
63.51594805717468,0.044,-0.251,-0.967,1.0
63.5160448551178,0.044,-0.251,-0.967,1.0
63.51613998413086,0.044,-0.251,-0.967,1.0
63.51623606681824,0.044,-0.251,-0.967,1.0
63.51633095741272,0.044,-0.251,-0.967,1.0
63.516427993774414,0.044,-0.251,-0.967,1.0
63.516523122787476,0.044,-0.251,-0.967,1.0
63.5166289806366,0.044,-0.251,-0.967,1.0
63.516724824905396,0.044,-0.251,-0.967,1.0
63.5169198513031,0.044,-0.251,-0.967,1.0
63.51702284812927,0.044,-0.251,-0.967,1.0
63.51712107658386,0.044,-0.251,-0.967,1.0
63.51721692085266,0.044,-0.251,-0.967,1.0
63.517313957214355,0.044,-0.251,-0.967,1.0
63.51741003990173,0.044,-0.251,-0.967,1.0
63.51745796203613,0.044,-0.251,-0.967,1.0
63.51760196685791,0.044,-0.251,-0.967,1.0
63.51769995689392,0.044,-0.251,-0.967,1.0
63.51779580116272,0.044,-0.251,-0.967,1.0
63.51789212226868,0.044,-0.251,-0.967,1.0
63.517987966537476,0.044,-0.251,-0.967,1.0
63.518083810806274,0.044,-0.251,-0.967,1.0
63.51818013191223,0.044,-0.251,-0.967,1.0
63.51827597618103,0.044,-0.251,-0.967,1.0
63.518497943878174,0.047,-0.257,-0.985,1.019
63.51866602897644,0.047,-0.257,-0.985,1.019
63.518762826919556,0.047,-0.257,-0.985,1.019
63.518858909606934,0.047,-0.257,-0.985,1.019
63.518954038619995,0.047,-0.257,-0.985,1.019
63.519049882888794,0.047,-0.257,-0.985,1.019
63.51914596557617,0.047,-0.257,-0.985,1.019
63.51924204826355,0.047,-0.257,-0.985,1.019
63.519338846206665,0.047,-0.257,-0.985,1.019
63.51943612098694,0.047,-0.257,-0.985,1.019
63.51954388618469,0.047,-0.257,-0.985,1.019
63.51964998245239,0.047,-0.257,-0.985,1.019
63.51974701881409,0.047,-0.257,-0.985,1.019
63.5198450088501,0.047,-0.257,-0.985,1.019
63.51994585990906,0.047,-0.257,-0.985,1.019
63.52004313468933,0.047,-0.257,-0.985,1.019
63.52014088630676,0.047,-0.257,-0.985,1.019
63.52023696899414,0.047,-0.257,-0.985,1.019
63.52033305168152,0.047,-0.257,-0.985,1.019
63.52042889595032,0.047,-0.257,-0.985,1.019
63.520524978637695,0.047,-0.257,-0.985,1.019
63.520631074905396,0.047,-0.257,-0.985,1.019
63.52073407173157,0.047,-0.257,-0.985,1.019
63.520829916000366,0.047,-0.257,-0.985,1.019
63.52092790603638,0.047,-0.257,-0.985,1.019
63.521023988723755,0.047,-0.257,-0.985,1.019
63.52111887931824,0.047,-0.257,-0.985,1.019
63.521214962005615,0.047,-0.257,-0.985,1.019
63.52131104469299,0.047,-0.257,-0.985,1.019
63.521405935287476,0.047,-0.257,-0.985,1.019
63.52150201797485,0.047,-0.257,-0.985,1.019
63.521596908569336,0.047,-0.257,-0.985,1.019
63.521692991256714,0.047,-0.257,-0.985,1.019
63.52178883552551,0.047,-0.257,-0.985,1.019
63.52188491821289,0.047,-0.257,-0.985,1.019
63.52198004722595,0.047,-0.257,-0.985,1.019
63.52207589149475,0.047,-0.257,-0.985,1.019
63.52217078208923,0.047,-0.257,-0.985,1.019
63.52226710319519,0.047,-0.257,-0.985,1.019
63.52236294746399,0.047,-0.257,-0.985,1.019
63.52245783805847,0.047,-0.257,-0.985,1.019
63.52255392074585,0.047,-0.257,-0.985,1.019
63.52264904975891,0.047,-0.257,-0.985,1.019
63.52274489402771,0.047,-0.257,-0.985,1.019
63.52284097671509,0.047,-0.257,-0.985,1.019
63.522937059402466,0.047,-0.257,-0.985,1.019
63.523032903671265,0.047,-0.257,-0.985,1.019
63.52312779426575,0.047,-0.257,-0.985,1.019
63.52322292327881,0.047,-0.257,-0.985,1.019
63.52331900596619,0.047,-0.257,-0.985,1.019
63.523414850234985,0.047,-0.257,-0.985,1.019
63.52350997924805,0.047,-0.257,-0.985,1.019
63.52360701560974,0.047,-0.257,-0.985,1.019
63.52370285987854,0.047,-0.257,-0.985,1.019
63.5237979888916,0.047,-0.257,-0.985,1.019
63.52389407157898,0.047,-0.257,-0.985,1.019
63.52398896217346,0.047,-0.257,-0.985,1.019
63.52408480644226,0.047,-0.257,-0.985,1.019
63.52418303489685,0.047,-0.257,-0.985,1.019
63.52428197860718,0.047,-0.257,-0.985,1.019
63.524450063705444,0.047,-0.257,-0.985,1.019
63.52457094192505,0.047,-0.257,-0.985,1.019
63.52466797828674,0.047,-0.257,-0.985,1.019
63.524762868881226,0.047,-0.257,-0.985,1.019
63.52485990524292,0.047,-0.257,-0.985,1.019
63.52495503425598,0.047,-0.257,-0.985,1.019
63.52505087852478,0.047,-0.257,-0.985,1.019
63.52514696121216,0.047,-0.257,-0.985,1.019
63.525245904922485,0.047,-0.257,-0.985,1.019
63.525344133377075,0.047,-0.257,-0.985,1.019
63.525439977645874,0.047,-0.257,-0.985,1.019
63.52553582191467,0.047,-0.257,-0.985,1.019
63.52563190460205,0.047,-0.257,-0.985,1.019
63.52572798728943,0.047,-0.257,-0.985,1.019
63.52582383155823,0.047,-0.257,-0.985,1.019
63.525919914245605,0.047,-0.257,-0.985,1.019
63.52601599693298,0.047,-0.257,-0.985,1.019
63.52611184120178,0.047,-0.257,-0.985,1.019
63.52620792388916,0.047,-0.257,-0.985,1.019
63.52630400657654,0.047,-0.257,-0.985,1.019
63.52639985084534,0.047,-0.257,-0.985,1.019
63.526495933532715,0.047,-0.257,-0.985,1.019
63.52659201622009,0.047,-0.257,-0.985,1.019
63.52668881416321,0.047,-0.257,-0.985,1.019
63.52678608894348,0.047,-0.257,-0.985,1.019
63.52688193321228,0.047,-0.257,-0.985,1.019
63.52697801589966,0.047,-0.257,-0.985,1.019
63.527074098587036,0.047,-0.257,-0.985,1.019
63.527169942855835,0.047,-0.257,-0.985,1.019
63.527267932891846,0.047,-0.257,-0.985,1.019
63.52738094329834,0.047,-0.257,-0.985,1.019
63.52747702598572,0.047,-0.257,-0.985,1.019
63.52757287025452,0.047,-0.257,-0.985,1.019
63.527668952941895,0.047,-0.257,-0.985,1.019
63.52776503562927,0.047,-0.257,-0.985,1.019
63.527862787246704,0.047,-0.257,-0.985,1.019
63.528013944625854,0.047,-0.257,-0.985,1.019
63.52816390991211,0.047,-0.257,-0.985,1.019
63.52828001976013,0.047,-0.257,-0.985,1.019
63.528379917144775,0.047,-0.257,-0.985,1.019
63.5284788608551,0.047,-0.257,-0.985,1.019
63.528706789016724,0.048,-0.259,-0.989,1.023
63.52888607978821,0.048,-0.259,-0.989,1.023
63.52899479866028,0.048,-0.259,-0.989,1.023
63.52909994125366,0.048,-0.259,-0.989,1.023
63.52920413017273,0.048,-0.259,-0.989,1.023
63.5293071269989,0.048,-0.259,-0.989,1.023
63.52941298484802,0.048,-0.259,-0.989,1.023
63.52951693534851,0.048,-0.259,-0.989,1.023
63.529621839523315,0.048,-0.259,-0.989,1.023
63.5297269821167,0.048,-0.259,-0.989,1.023
63.529834032058716,0.048,-0.259,-0.989,1.023
63.52993988990784,0.048,-0.259,-0.989,1.023
63.5299928188324,0.048,-0.259,-0.989,1.023
63.530153036117554,0.048,-0.259,-0.989,1.023
63.53025984764099,0.048,-0.259,-0.989,1.023
63.53036379814148,0.048,-0.259,-0.989,1.023
63.53046798706055,0.048,-0.259,-0.989,1.023
63.530571937561035,0.048,-0.259,-0.989,1.023
63.53067493438721,0.048,-0.259,-0.989,1.023
63.53078007698059,0.048,-0.259,-0.989,1.023
63.53088402748108,0.048,-0.259,-0.989,1.023
63.53093600273132,0.048,-0.259,-0.989,1.023
63.53104281425476,0.048,-0.259,-0.989,1.023
63.531144857406616,0.048,-0.259,-0.989,1.023
63.531248807907104,0.048,-0.259,-0.989,1.023
63.531351804733276,0.048,-0.259,-0.989,1.023
63.53151297569275,0.048,-0.259,-0.989,1.023
63.53161597251892,0.048,-0.259,-0.989,1.023
63.53172183036804,0.048,-0.259,-0.989,1.023
63.531824827194214,0.048,-0.259,-0.989,1.023
63.5319299697876,0.048,-0.259,-0.989,1.023
63.53203296661377,0.048,-0.259,-0.989,1.023
63.53213596343994,0.048,-0.259,-0.989,1.023
63.532241106033325,0.048,-0.259,-0.989,1.023
63.53235602378845,0.048,-0.259,-0.989,1.023
63.53245997428894,0.048,-0.259,-0.989,1.023
63.53256392478943,0.048,-0.259,-0.989,1.023
63.53266978263855,0.048,-0.259,-0.989,1.023
63.53277397155762,0.048,-0.259,-0.989,1.023
63.53287696838379,0.048,-0.259,-0.989,1.023
63.53297996520996,0.048,-0.259,-0.989,1.023
63.53308296203613,0.048,-0.259,-0.989,1.023
63.533185958862305,0.048,-0.259,-0.989,1.023
63.5332989692688,0.048,-0.259,-0.989,1.023
63.533432960510254,0.048,-0.259,-0.989,1.023
63.533615827560425,0.048,-0.259,-0.989,1.023
63.53372883796692,0.048,-0.259,-0.989,1.023
63.53382992744446,0.048,-0.259,-0.989,1.023
63.533926010131836,0.048,-0.259,-0.989,1.023
63.534022092819214,0.048,-0.259,-0.989,1.023
63.53411889076233,0.048,-0.259,-0.989,1.023
63.53421497344971,0.048,-0.259,-0.989,1.023
63.534311056137085,0.048,-0.259,-0.989,1.023
63.53440594673157,0.048,-0.259,-0.989,1.023
63.534501791000366,0.048,-0.259,-0.989,1.023
63.53459811210632,0.048,-0.259,-0.989,1.023
63.534693002700806,0.048,-0.259,-0.989,1.023
63.534788846969604,0.048,-0.259,-0.989,1.023
63.53488492965698,0.048,-0.259,-0.989,1.023
63.534980058670044,0.048,-0.259,-0.989,1.023
63.53507685661316,0.048,-0.259,-0.989,1.023
63.53517293930054,0.048,-0.259,-0.989,1.023
63.535269021987915,0.048,-0.259,-0.989,1.023
63.5353639125824,0.048,-0.259,-0.989,1.023
63.53545880317688,0.048,-0.259,-0.989,1.023
63.53555512428284,0.048,-0.259,-0.989,1.023
63.53565001487732,0.048,-0.259,-0.989,1.023
63.53574585914612,0.048,-0.259,-0.989,1.023
63.53584098815918,0.048,-0.259,-0.989,1.023
63.53593611717224,0.048,-0.259,-0.989,1.023
63.53603196144104,0.048,-0.259,-0.989,1.023
63.53612780570984,0.048,-0.259,-0.989,1.023
63.53623700141907,0.048,-0.259,-0.989,1.023
63.53633189201355,0.048,-0.259,-0.989,1.023
63.53642797470093,0.048,-0.259,-0.989,1.023
63.53652310371399,0.048,-0.259,-0.989,1.023
63.536628007888794,0.048,-0.259,-0.989,1.023
63.53672385215759,0.048,-0.259,-0.989,1.023
63.5368230342865,0.048,-0.259,-0.989,1.023
63.53691792488098,0.048,-0.259,-0.989,1.023
63.53701400756836,0.048,-0.259,-0.989,1.023
63.53710913658142,0.048,-0.259,-0.989,1.023
63.537216901779175,0.048,-0.259,-0.989,1.023
63.537315130233765,0.048,-0.259,-0.989,1.023
63.53741693496704,0.048,-0.259,-0.989,1.023
63.53751301765442,0.048,-0.259,-0.989,1.023
63.53760886192322,0.048,-0.259,-0.989,1.023
63.53770399093628,0.048,-0.259,-0.989,1.023
63.53779911994934,0.048,-0.259,-0.989,1.023
63.53789496421814,0.048,-0.259,-0.989,1.023
63.53798985481262,0.048,-0.259,-0.989,1.023
63.538084983825684,0.048,-0.259,-0.989,1.023
63.538180112838745,0.048,-0.259,-0.989,1.023
63.53828692436218,0.048,-0.259,-0.989,1.023
63.538381814956665,0.048,-0.259,-0.989,1.023
63.538482904434204,0.045,-0.263,-0.987,1.022
63.53876090049744,0.045,-0.263,-0.987,1.022
63.53885793685913,0.045,-0.263,-0.987,1.022
63.53895401954651,0.045,-0.263,-0.987,1.022
63.53904986381531,0.045,-0.263,-0.987,1.022
63.53914499282837,0.045,-0.263,-0.987,1.022
63.53924012184143,0.045,-0.263,-0.987,1.022
63.53933501243591,0.045,-0.263,-0.987,1.022
63.539429903030396,0.045,-0.263,-0.987,1.022
63.53952598571777,0.045,-0.263,-0.987,1.022
63.53962302207947,0.045,-0.263,-0.987,1.022
63.53971886634827,0.045,-0.263,-0.987,1.022
63.53981399536133,0.045,-0.263,-0.987,1.022
63.53990912437439,0.045,-0.263,-0.987,1.022
63.54000496864319,0.045,-0.263,-0.987,1.022
63.540103912353516,0.045,-0.263,-0.987,1.022
63.54020595550537,0.045,-0.263,-0.987,1.022
63.54030108451843,0.045,-0.263,-0.987,1.022
63.540395975112915,0.045,-0.263,-0.987,1.022
63.540491819381714,0.045,-0.263,-0.987,1.022
63.540586948394775,0.045,-0.263,-0.987,1.022
63.54068112373352,0.045,-0.263,-0.987,1.022
63.540776014328,0.045,-0.263,-0.987,1.022
63.54087495803833,0.045,-0.263,-0.987,1.022
63.54097294807434,0.045,-0.263,-0.987,1.022
63.54107689857483,0.045,-0.263,-0.987,1.022
63.54117393493652,0.045,-0.263,-0.987,1.022
63.54127097129822,0.045,-0.263,-0.987,1.022
63.541369915008545,0.045,-0.263,-0.987,1.022
63.541465044021606,0.045,-0.263,-0.987,1.022
63.54155993461609,0.045,-0.263,-0.987,1.022
63.54165482521057,0.045,-0.263,-0.987,1.022
63.54174995422363,0.045,-0.263,-0.987,1.022
63.54184603691101,0.045,-0.263,-0.987,1.022
63.54193997383118,0.045,-0.263,-0.987,1.022
63.54203486442566,0.045,-0.263,-0.987,1.022
63.54212999343872,0.045,-0.263,-0.987,1.022
63.54222512245178,0.045,-0.263,-0.987,1.022
63.542320013046265,0.045,-0.263,-0.987,1.022
63.54241490364075,0.045,-0.263,-0.987,1.022
63.54250884056091,0.045,-0.263,-0.987,1.022
63.542603969573975,0.045,-0.263,-0.987,1.022
63.542699098587036,0.045,-0.263,-0.987,1.022
63.54279398918152,0.045,-0.263,-0.987,1.022
63.54288983345032,0.045,-0.263,-0.987,1.022
63.542993783950806,0.045,-0.263,-0.987,1.022
63.54308891296387,0.045,-0.263,-0.987,1.022
63.54318404197693,0.045,-0.263,-0.987,1.022
63.54327893257141,0.045,-0.263,-0.987,1.022
63.543373823165894,0.045,-0.263,-0.987,1.022
63.543468952178955,0.045,-0.263,-0.987,1.022
63.54356503486633,0.045,-0.263,-0.987,1.022
63.5436589717865,0.045,-0.263,-0.987,1.022
63.54375386238098,0.045,-0.263,-0.987,1.022
63.54384899139404,0.045,-0.263,-0.987,1.022
63.543944120407104,0.045,-0.263,-0.987,1.022
63.54403901100159,0.045,-0.263,-0.987,1.022
63.54413390159607,0.045,-0.263,-0.987,1.022
63.54422998428345,0.045,-0.263,-0.987,1.022
63.54432392120361,0.045,-0.263,-0.987,1.022
63.54442501068115,0.045,-0.263,-0.987,1.022
63.544519901275635,0.045,-0.263,-0.987,1.022
63.544620990753174,0.045,-0.263,-0.987,1.022
63.54471707344055,0.045,-0.263,-0.987,1.022
63.544811964035034,0.045,-0.263,-0.987,1.022
63.54492211341858,0.045,-0.263,-0.987,1.022
63.54501700401306,0.045,-0.263,-0.987,1.022
63.545111894607544,0.045,-0.263,-0.987,1.022
63.545206785202026,0.045,-0.263,-0.987,1.022
63.54530191421509,0.045,-0.263,-0.987,1.022
63.54539704322815,0.045,-0.263,-0.987,1.022
63.54549193382263,0.045,-0.263,-0.987,1.022
63.54559302330017,0.045,-0.263,-0.987,1.022
63.54568791389465,0.045,-0.263,-0.987,1.022
63.545782804489136,0.045,-0.263,-0.987,1.022
63.5458779335022,0.045,-0.263,-0.987,1.022
63.54597306251526,0.045,-0.263,-0.987,1.022
63.54607081413269,0.045,-0.263,-0.987,1.022
63.54621195793152,0.045,-0.263,-0.987,1.022
63.546306848526,0.045,-0.263,-0.987,1.022
63.54640197753906,0.045,-0.263,-0.987,1.022
63.546497106552124,0.045,-0.263,-0.987,1.022
63.54659104347229,0.045,-0.263,-0.987,1.022
63.54668593406677,0.045,-0.263,-0.987,1.022
63.546780824661255,0.045,-0.263,-0.987,1.022
63.546875953674316,0.045,-0.263,-0.987,1.022
63.54697108268738,0.045,-0.263,-0.987,1.022
63.54706883430481,0.045,-0.263,-0.987,1.022
63.547163009643555,0.045,-0.263,-0.987,1.022
63.547258138656616,0.045,-0.263,-0.987,1.022
63.5473530292511,0.045,-0.263,-0.987,1.022
63.54744791984558,0.045,-0.263,-0.987,1.022
63.54754281044006,0.045,-0.263,-0.987,1.022
63.547637939453125,0.045,-0.263,-0.987,1.022
63.54773211479187,0.045,-0.263,-0.987,1.022
63.54782700538635,0.045,-0.263,-0.987,1.022
63.547921895980835,0.045,-0.263,-0.987,1.022
63.548015832901,0.045,-0.263,-0.987,1.022
63.54811191558838,0.045,-0.263,-0.987,1.022
63.54820704460144,0.045,-0.263,-0.987,1.022
63.54830193519592,0.045,-0.263,-0.987,1.022
63.548396825790405,0.045,-0.263,-0.987,1.022
63.54849195480347,0.045,-0.263,-0.987,1.022
63.54860496520996,0.045,-0.263,-0.987,1.022
63.54870295524597,0.045,-0.263,-0.987,1.022
63.54887795448303,0.041,-0.266,-0.988,1.024
63.54905295372009,0.041,-0.266,-0.988,1.024
63.54914879798889,0.041,-0.266,-0.988,1.024
63.54924511909485,0.041,-0.266,-0.988,1.024
63.54934000968933,0.041,-0.266,-0.988,1.024
63.54943585395813,0.041,-0.266,-0.988,1.024
63.549535036087036,0.041,-0.266,-0.988,1.024
63.54962992668152,0.041,-0.266,-0.988,1.024
63.549724817276,0.041,-0.266,-0.988,1.024
63.54982113838196,0.041,-0.266,-0.988,1.024
63.54992604255676,0.041,-0.266,-0.988,1.024
63.550381898880005,0.041,-0.266,-0.988,1.024
63.55049395561218,0.041,-0.266,-0.988,1.024
63.550599813461304,0.041,-0.266,-0.988,1.024
63.55070495605469,0.041,-0.266,-0.988,1.024
63.55081105232239,0.041,-0.266,-0.988,1.024
63.55091595649719,0.041,-0.266,-0.988,1.024
63.55101990699768,0.041,-0.266,-0.988,1.024
63.55112600326538,0.041,-0.266,-0.988,1.024
63.55123209953308,0.041,-0.266,-0.988,1.024
63.55133891105652,0.041,-0.266,-0.988,1.024
63.55144286155701,0.041,-0.266,-0.988,1.024
63.55154800415039,0.041,-0.266,-0.988,1.024
63.55165195465088,0.041,-0.266,-0.988,1.024
63.55175590515137,0.041,-0.266,-0.988,1.024
63.551860094070435,0.041,-0.266,-0.988,1.024
63.55196404457092,0.041,-0.266,-0.988,1.024
63.55206894874573,0.041,-0.266,-0.988,1.024
63.552172899246216,0.041,-0.266,-0.988,1.024
63.552276849746704,0.041,-0.266,-0.988,1.024
63.55238080024719,0.041,-0.266,-0.988,1.024
63.55248498916626,0.041,-0.266,-0.988,1.024
63.55258893966675,0.041,-0.266,-0.988,1.024
63.55269408226013,0.041,-0.266,-0.988,1.024
63.552801847457886,0.041,-0.266,-0.988,1.024
63.552911043167114,0.041,-0.266,-0.988,1.024
63.55302691459656,0.041,-0.266,-0.988,1.024
63.55312991142273,0.041,-0.266,-0.988,1.024
63.55323386192322,0.041,-0.266,-0.988,1.024
63.55335307121277,0.041,-0.266,-0.988,1.024
63.553459882736206,0.041,-0.266,-0.988,1.024
63.55356287956238,0.041,-0.266,-0.988,1.024
63.55366778373718,0.041,-0.266,-0.988,1.024
63.55377507209778,0.041,-0.266,-0.988,1.024
63.55390381813049,0.041,-0.266,-0.988,1.024
63.5540189743042,0.041,-0.266,-0.988,1.024
63.55412411689758,0.041,-0.266,-0.988,1.024
63.55423188209534,0.041,-0.266,-0.988,1.024
63.55433678627014,0.041,-0.266,-0.988,1.024
63.55443978309631,0.041,-0.266,-0.988,1.024
63.5545449256897,0.041,-0.266,-0.988,1.024
63.55465006828308,0.041,-0.266,-0.988,1.024
63.55475211143494,0.041,-0.266,-0.988,1.024
63.55485510826111,0.041,-0.266,-0.988,1.024
63.55495810508728,0.041,-0.266,-0.988,1.024
63.55506205558777,0.041,-0.266,-0.988,1.024
63.555164098739624,0.041,-0.266,-0.988,1.024
63.555267095565796,0.041,-0.266,-0.988,1.024
63.5553719997406,0.041,-0.266,-0.988,1.024
63.555476903915405,0.041,-0.266,-0.988,1.024
63.555580854415894,0.041,-0.266,-0.988,1.024
63.555683851242065,0.041,-0.266,-0.988,1.024
63.55578684806824,0.041,-0.266,-0.988,1.024
63.55588984489441,0.041,-0.266,-0.988,1.024
63.55599284172058,0.041,-0.266,-0.988,1.024
63.55609583854675,0.041,-0.266,-0.988,1.024
63.556198835372925,0.041,-0.266,-0.988,1.024
63.5563018321991,0.041,-0.266,-0.988,1.024
63.55640482902527,0.041,-0.266,-0.988,1.024
63.55651497840881,0.041,-0.266,-0.988,1.024
63.556617975234985,0.041,-0.266,-0.988,1.024
63.556721925735474,0.041,-0.266,-0.988,1.024
63.55682587623596,0.041,-0.266,-0.988,1.024
63.55693507194519,0.041,-0.266,-0.988,1.024
63.55703902244568,0.041,-0.266,-0.988,1.024
63.55714201927185,0.041,-0.266,-0.988,1.024
63.55724501609802,0.041,-0.266,-0.988,1.024
63.557348012924194,0.041,-0.266,-0.988,1.024
63.557453870773315,0.041,-0.266,-0.988,1.024
63.55756497383118,0.041,-0.266,-0.988,1.024
63.55767297744751,0.041,-0.266,-0.988,1.024
63.557782888412476,0.041,-0.266,-0.988,1.024
63.55789113044739,0.041,-0.266,-0.988,1.024
63.557995080947876,0.041,-0.266,-0.988,1.024
63.558099031448364,0.041,-0.266,-0.988,1.024
63.55820298194885,0.041,-0.266,-0.988,1.024
63.558305978775024,0.041,-0.266,-0.988,1.024
63.55842399597168,0.041,-0.266,-0.988,1.024
63.558533906936646,0.04,-0.266,-0.988,1.024
63.558732986450195,0.04,-0.266,-0.988,1.024
63.55883812904358,0.04,-0.266,-0.988,1.024
63.55894207954407,0.04,-0.266,-0.988,1.024
63.559046030044556,0.04,-0.266,-0.988,1.024
63.55915093421936,0.04,-0.266,-0.988,1.024
63.55925488471985,0.04,-0.266,-0.988,1.024
63.559361934661865,0.04,-0.266,-0.988,1.024
63.559470891952515,0.04,-0.266,-0.988,1.024
63.55958008766174,0.04,-0.266,-0.988,1.024
63.55968499183655,0.04,-0.266,-0.988,1.024
63.559788942337036,0.04,-0.266,-0.988,1.024
63.55989384651184,0.04,-0.266,-0.988,1.024
63.559998989105225,0.04,-0.266,-0.988,1.024
63.56010890007019,0.04,-0.266,-0.988,1.024
63.56022000312805,0.04,-0.266,-0.988,1.024
63.5603289604187,0.04,-0.266,-0.988,1.024
63.560434103012085,0.04,-0.266,-0.988,1.024
63.56053900718689,0.04,-0.266,-0.988,1.024
63.56064796447754,0.04,-0.266,-0.988,1.024
63.56075692176819,0.04,-0.266,-0.988,1.024
63.56086492538452,0.04,-0.266,-0.988,1.024
63.56097197532654,0.04,-0.266,-0.988,1.024
63.56108093261719,0.04,-0.266,-0.988,1.024
63.56119179725647,0.04,-0.266,-0.988,1.024
63.56129598617554,0.04,-0.266,-0.988,1.024
63.5614058971405,0.04,-0.266,-0.988,1.024
63.56150984764099,0.04,-0.266,-0.988,1.024
63.56163287162781,0.04,-0.266,-0.988,1.024
63.56173801422119,0.04,-0.266,-0.988,1.024
63.56184101104736,0.04,-0.266,-0.988,1.024
63.561944007873535,0.04,-0.266,-0.988,1.024
63.56204700469971,0.04,-0.266,-0.988,1.024
63.56215000152588,0.04,-0.266,-0.988,1.024
63.56225299835205,0.04,-0.266,-0.988,1.024
63.56235599517822,0.04,-0.266,-0.988,1.024
63.562458992004395,0.04,-0.266,-0.988,1.024
63.562561988830566,0.04,-0.266,-0.988,1.024
63.56266498565674,0.04,-0.266,-0.988,1.024
63.56277298927307,0.04,-0.266,-0.988,1.024
63.56287598609924,0.04,-0.266,-0.988,1.024
63.562978982925415,0.04,-0.266,-0.988,1.024
63.56308197975159,0.04,-0.266,-0.988,1.024
63.56318402290344,0.04,-0.266,-0.988,1.024
63.56328797340393,0.04,-0.266,-0.988,1.024
63.5633909702301,0.04,-0.266,-0.988,1.024
63.563493967056274,0.04,-0.266,-0.988,1.024
63.56359601020813,0.04,-0.266,-0.988,1.024
63.5636990070343,0.04,-0.266,-0.988,1.024
63.563802003860474,0.04,-0.266,-0.988,1.024
63.563905000686646,0.04,-0.266,-0.988,1.024
63.56400799751282,0.04,-0.266,-0.988,1.024
63.56411099433899,0.04,-0.266,-0.988,1.024
63.56422209739685,0.04,-0.266,-0.988,1.024
63.56432509422302,0.04,-0.266,-0.988,1.024
63.56442904472351,0.04,-0.266,-0.988,1.024
63.564533948898315,0.04,-0.266,-0.988,1.024
63.564642906188965,0.04,-0.266,-0.988,1.024
63.56474590301514,0.04,-0.266,-0.988,1.024
63.56484913825989,0.04,-0.266,-0.988,1.024
63.56495499610901,0.04,-0.266,-0.988,1.024
63.56506085395813,0.04,-0.266,-0.988,1.024
63.56516480445862,0.04,-0.266,-0.988,1.024
63.565269947052,0.04,-0.266,-0.988,1.024
63.56537413597107,0.04,-0.266,-0.988,1.024
63.56547713279724,0.04,-0.266,-0.988,1.024
63.565629959106445,0.04,-0.266,-0.988,1.024
63.565683126449585,0.04,-0.266,-0.988,1.024
63.56584095954895,0.04,-0.266,-0.988,1.024
63.565892934799194,0.04,-0.266,-0.988,1.024
63.56599688529968,0.04,-0.266,-0.988,1.024
63.56604886054993,0.04,-0.266,-0.988,1.024
63.566152811050415,0.04,-0.266,-0.988,1.024
63.56625580787659,0.04,-0.266,-0.988,1.024
63.56635880470276,0.04,-0.266,-0.988,1.024
63.566462993621826,0.04,-0.266,-0.988,1.024
63.566569089889526,0.04,-0.266,-0.988,1.024
63.56668305397034,0.04,-0.266,-0.988,1.024
63.56689810752869,0.04,-0.266,-0.988,1.024
63.567004919052124,0.04,-0.266,-0.988,1.024
63.56710195541382,0.04,-0.266,-0.988,1.024
63.567221879959106,0.04,-0.266,-0.988,1.024
63.567320108413696,0.04,-0.266,-0.988,1.024
63.56741499900818,0.04,-0.266,-0.988,1.024
63.56751084327698,0.04,-0.266,-0.988,1.024
63.56760597229004,0.04,-0.266,-0.988,1.024
63.5677011013031,0.04,-0.266,-0.988,1.024
63.56779599189758,0.04,-0.266,-0.988,1.024
63.567890882492065,0.04,-0.266,-0.988,1.024
63.56798601150513,0.04,-0.266,-0.988,1.024
63.568082094192505,0.04,-0.266,-0.988,1.024
63.56817698478699,0.04,-0.266,-0.988,1.024
63.56827187538147,0.04,-0.266,-0.988,1.024
63.568365812301636,0.04,-0.266,-0.988,1.024
63.5684609413147,0.04,-0.266,-0.988,1.024
63.56855607032776,0.04,-0.266,-0.988,1.024
63.568655014038086,0.036,-0.268,-0.985,1.021
63.568933963775635,0.036,-0.268,-0.985,1.021
63.56903386116028,0.036,-0.268,-0.985,1.021
63.569129943847656,0.036,-0.268,-0.985,1.021
63.569226026535034,0.036,-0.268,-0.985,1.021
63.56932187080383,0.036,-0.268,-0.985,1.021
63.56941795349121,0.036,-0.268,-0.985,1.021
63.569514989852905,0.036,-0.268,-0.985,1.021
63.56960988044739,0.036,-0.268,-0.985,1.021
63.56970691680908,0.036,-0.268,-0.985,1.021
63.56980299949646,0.036,-0.268,-0.985,1.021
63.569899797439575,0.036,-0.268,-0.985,1.021
63.57000708580017,0.036,-0.268,-0.985,1.021
63.570103883743286,0.036,-0.268,-0.985,1.021
63.570199966430664,0.036,-0.268,-0.985,1.021
63.57029700279236,0.036,-0.268,-0.985,1.021
63.57039284706116,0.036,-0.268,-0.985,1.021
63.57050395011902,0.036,-0.268,-0.985,1.021
63.57060194015503,0.036,-0.268,-0.985,1.021
63.57069802284241,0.036,-0.268,-0.985,1.021
63.570793867111206,0.036,-0.268,-0.985,1.021
63.57089900970459,0.036,-0.268,-0.985,1.021
63.57099509239197,0.036,-0.268,-0.985,1.021
63.57109093666077,0.036,-0.268,-0.985,1.021
63.57118892669678,0.036,-0.268,-0.985,1.021
63.571285009384155,0.036,-0.268,-0.985,1.021
63.571382999420166,0.036,-0.268,-0.985,1.021
63.57147812843323,0.036,-0.268,-0.985,1.021
63.571573972702026,0.036,-0.268,-0.985,1.021
63.571669816970825,0.036,-0.268,-0.985,1.021
63.57176494598389,0.036,-0.268,-0.985,1.021
63.57186198234558,0.036,-0.268,-0.985,1.021
63.57195782661438,0.036,-0.268,-0.985,1.021
63.57205390930176,0.036,-0.268,-0.985,1.021
63.572149991989136,0.036,-0.268,-0.985,1.021
63.572245836257935,0.036,-0.268,-0.985,1.021
63.572340965270996,0.036,-0.268,-0.985,1.021
63.572437047958374,0.036,-0.268,-0.985,1.021
63.57253289222717,0.036,-0.268,-0.985,1.021
63.572627782821655,0.036,-0.268,-0.985,1.021
63.57272410392761,0.036,-0.268,-0.985,1.021
63.572821855545044,0.036,-0.268,-0.985,1.021
63.57291913032532,0.036,-0.268,-0.985,1.021
63.573014974594116,0.036,-0.268,-0.985,1.021
63.5731098651886,0.036,-0.268,-0.985,1.021
63.57320594787598,0.036,-0.268,-0.985,1.021
63.57330107688904,0.036,-0.268,-0.985,1.021
63.57339692115784,0.036,-0.268,-0.985,1.021
63.573493003845215,0.036,-0.268,-0.985,1.021
63.573588132858276,0.036,-0.268,-0.985,1.021
63.573683977127075,0.036,-0.268,-0.985,1.021
63.573779821395874,0.036,-0.268,-0.985,1.021
63.57387590408325,0.036,-0.268,-0.985,1.021
63.57397198677063,0.036,-0.268,-0.985,1.021
63.574068784713745,0.036,-0.268,-0.985,1.021
63.57417297363281,0.036,-0.268,-0.985,1.021
63.57427096366882,0.036,-0.268,-0.985,1.021
63.574373960494995,0.036,-0.268,-0.985,1.021
63.57447290420532,0.036,-0.268,-0.985,1.021
63.57457089424133,0.036,-0.268,-0.985,1.021
63.57466912269592,0.036,-0.268,-0.985,1.021
63.57476496696472,0.036,-0.268,-0.985,1.021
63.574859857559204,0.036,-0.268,-0.985,1.021
63.57495713233948,0.036,-0.268,-0.985,1.021
63.575052976608276,0.036,-0.268,-0.985,1.021
63.575148820877075,0.036,-0.268,-0.985,1.021
63.57524394989014,0.036,-0.268,-0.985,1.021
63.575340032577515,0.036,-0.268,-0.985,1.021
63.575434923172,0.036,-0.268,-0.985,1.021
63.575531005859375,0.036,-0.268,-0.985,1.021
63.57562708854675,0.036,-0.268,-0.985,1.021
63.57572293281555,0.036,-0.268,-0.985,1.021
63.575817823410034,0.036,-0.268,-0.985,1.021
63.57591390609741,0.036,-0.268,-0.985,1.021
63.57600998878479,0.036,-0.268,-0.985,1.021
63.57610583305359,0.036,-0.268,-0.985,1.021
63.57620191574097,0.036,-0.268,-0.985,1.021
63.576297998428345,0.036,-0.268,-0.985,1.021
63.576393842697144,0.036,-0.268,-0.985,1.021
63.57648992538452,0.036,-0.268,-0.985,1.021
63.5765860080719,0.036,-0.268,-0.985,1.021
63.57668089866638,0.036,-0.268,-0.985,1.021
63.57678008079529,0.036,-0.268,-0.985,1.021
63.57688784599304,0.036,-0.268,-0.985,1.021
63.57698392868042,0.036,-0.268,-0.985,1.021
63.5770800113678,0.036,-0.268,-0.985,1.021
63.5771758556366,0.036,-0.268,-0.985,1.021
63.577271938323975,0.036,-0.268,-0.985,1.021
63.577369928359985,0.036,-0.268,-0.985,1.021
63.57746911048889,0.036,-0.268,-0.985,1.021
63.57756781578064,0.036,-0.268,-0.985,1.021
63.577666997909546,0.036,-0.268,-0.985,1.021
63.57776379585266,0.036,-0.268,-0.985,1.021
63.57785892486572,0.036,-0.268,-0.985,1.021
63.5779550075531,0.036,-0.268,-0.985,1.021
63.5780508518219,0.036,-0.268,-0.985,1.021
63.57814598083496,0.036,-0.268,-0.985,1.021
63.57824778556824,0.036,-0.268,-0.985,1.021
63.57834792137146,0.036,-0.268,-0.985,1.021
63.578447103500366,0.036,-0.268,-0.985,1.021
63.578545808792114,0.036,-0.268,-0.985,1.021
63.57866096496582,0.036,-0.268,-0.985,1.021
63.57875609397888,0.036,-0.268,-0.985,1.021
63.57885193824768,0.036,-0.268,-0.985,1.021
63.578956842422485,0.036,-0.268,-0.985,1.021
63.57911801338196,0.038,-0.268,-0.973,1.01
63.579270124435425,0.038,-0.268,-0.973,1.01
63.579367876052856,0.038,-0.268,-0.973,1.01
63.57946491241455,0.038,-0.268,-0.973,1.01
63.57956099510193,0.038,-0.268,-0.973,1.01
63.579657793045044,0.038,-0.268,-0.973,1.01
63.57975506782532,0.038,-0.268,-0.973,1.01
63.57985186576843,0.038,-0.268,-0.973,1.01
63.57994794845581,0.038,-0.268,-0.973,1.01
63.58004403114319,0.038,-0.268,-0.973,1.01
63.580142974853516,0.038,-0.268,-0.973,1.01
63.58024001121521,0.038,-0.268,-0.973,1.01
63.58033585548401,0.038,-0.268,-0.973,1.01
63.58043313026428,0.038,-0.268,-0.973,1.01
63.58053493499756,0.038,-0.268,-0.973,1.01
63.58063101768494,0.038,-0.268,-0.973,1.01
63.580726861953735,0.038,-0.268,-0.973,1.01
63.58082294464111,0.038,-0.268,-0.973,1.01
63.58092188835144,0.038,-0.268,-0.973,1.01
63.58101797103882,0.038,-0.268,-0.973,1.01
63.581114053726196,0.038,-0.268,-0.973,1.01
63.58121085166931,0.038,-0.268,-0.973,1.01
63.58130693435669,0.038,-0.268,-0.973,1.01
63.58140301704407,0.038,-0.268,-0.973,1.01
63.581498861312866,0.038,-0.268,-0.973,1.01
63.581594944000244,0.038,-0.268,-0.973,1.01
63.58169102668762,0.038,-0.268,-0.973,1.01
63.58178782463074,0.038,-0.268,-0.973,1.01
63.581883907318115,0.038,-0.268,-0.973,1.01
63.58197999000549,0.038,-0.268,-0.973,1.01
63.58207583427429,0.038,-0.268,-0.973,1.01
63.58217191696167,0.038,-0.268,-0.973,1.01
63.582268953323364,0.038,-0.268,-0.973,1.01
63.5823769569397,0.038,-0.268,-0.973,1.01
63.582473039627075,0.038,-0.268,-0.973,1.01
63.582568883895874,0.038,-0.268,-0.973,1.01
63.58266592025757,0.038,-0.268,-0.973,1.01
63.582762002944946,0.038,-0.268,-0.973,1.01
63.582857847213745,0.038,-0.268,-0.973,1.01
63.58300185203552,0.038,-0.268,-0.973,1.01
63.583099126815796,0.038,-0.268,-0.973,1.01
63.58320498466492,0.038,-0.268,-0.973,1.01
63.583300828933716,0.038,-0.268,-0.973,1.01
63.58339810371399,0.038,-0.268,-0.973,1.01
63.58356308937073,0.038,-0.268,-0.973,1.01
63.58371901512146,0.038,-0.268,-0.973,1.01
63.58383893966675,0.038,-0.268,-0.973,1.01
63.58394503593445,0.038,-0.268,-0.973,1.01
63.58404994010925,0.038,-0.268,-0.973,1.01
63.58415484428406,0.038,-0.268,-0.973,1.01
63.58425998687744,0.038,-0.268,-0.973,1.01
63.584365129470825,0.038,-0.268,-0.973,1.01
63.58446907997131,0.038,-0.268,-0.973,1.01
63.584574937820435,0.038,-0.268,-0.973,1.01
63.58467984199524,0.038,-0.268,-0.973,1.01
63.58478379249573,0.038,-0.268,-0.973,1.01
63.584887981414795,0.038,-0.268,-0.973,1.01
63.58499193191528,0.038,-0.268,-0.973,1.01
63.58509707450867,0.038,-0.268,-0.973,1.01
63.58515000343323,0.038,-0.268,-0.973,1.01
63.585253953933716,0.038,-0.268,-0.973,1.01
63.58535695075989,0.038,-0.268,-0.973,1.01
63.585460901260376,0.038,-0.268,-0.973,1.01
63.58556580543518,0.038,-0.268,-0.973,1.01
63.58572196960449,0.038,-0.268,-0.973,1.01
63.58582592010498,0.038,-0.268,-0.973,1.01
63.58593201637268,0.038,-0.268,-0.973,1.01
63.585986852645874,0.038,-0.268,-0.973,1.01
63.5861599445343,0.038,-0.268,-0.973,1.01
63.58627700805664,0.038,-0.268,-0.973,1.01
63.5863299369812,0.038,-0.268,-0.973,1.01
63.58650088310242,0.038,-0.268,-0.973,1.01
63.586658000946045,0.038,-0.268,-0.973,1.01
63.586710929870605,0.038,-0.268,-0.973,1.01
63.58681607246399,0.038,-0.268,-0.973,1.01
63.58692288398743,0.038,-0.268,-0.973,1.01
63.587037801742554,0.038,-0.268,-0.973,1.01
63.58714294433594,0.038,-0.268,-0.973,1.01
63.58724808692932,0.038,-0.268,-0.973,1.01
63.58735394477844,0.038,-0.268,-0.973,1.01
63.587456941604614,0.038,-0.268,-0.973,1.01
63.587559938430786,0.038,-0.268,-0.973,1.01
63.587663888931274,0.038,-0.268,-0.973,1.01
63.58776879310608,0.038,-0.268,-0.973,1.01
63.58787178993225,0.038,-0.268,-0.973,1.01
63.58797597885132,0.038,-0.268,-0.973,1.01
63.58807897567749,0.038,-0.268,-0.973,1.01
63.58818197250366,0.038,-0.268,-0.973,1.01
63.58828592300415,0.038,-0.268,-0.973,1.01
63.58839201927185,0.038,-0.268,-0.973,1.01
63.58844494819641,0.038,-0.268,-0.973,1.01
63.588613986968994,0.038,-0.268,-0.973,1.01
63.58871793746948,0.038,-0.268,-0.973,1.01
63.588878870010376,0.036,-0.265,-0.966,1.002
63.5890429019928,0.036,-0.265,-0.966,1.002
63.589213132858276,0.036,-0.265,-0.966,1.002
63.58926200866699,0.036,-0.265,-0.966,1.002
63.58940601348877,0.036,-0.265,-0.966,1.002
63.58955001831055,0.036,-0.265,-0.966,1.002
63.58969283103943,0.036,-0.265,-0.966,1.002
63.58974099159241,0.036,-0.265,-0.966,1.002
63.589836835861206,0.036,-0.265,-0.966,1.002
63.589884996414185,0.036,-0.265,-0.966,1.002
63.59002900123596,0.036,-0.265,-0.966,1.002
63.59017205238342,0.036,-0.265,-0.966,1.002
63.59022092819214,0.036,-0.265,-0.966,1.002
63.5903639793396,0.036,-0.265,-0.966,1.002
63.590412855148315,0.036,-0.265,-0.966,1.002
63.59050893783569,0.036,-0.265,-0.966,1.002
63.590651988983154,0.036,-0.265,-0.966,1.002
63.59070086479187,0.036,-0.265,-0.966,1.002
63.59079909324646,0.036,-0.265,-0.966,1.002
63.59084892272949,0.036,-0.265,-0.966,1.002
63.5909960269928,0.036,-0.265,-0.966,1.002
63.591094970703125,0.036,-0.265,-0.966,1.002
63.59114480018616,0.036,-0.265,-0.966,1.002
63.59129595756531,0.036,-0.265,-0.966,1.002
63.591442823410034,0.036,-0.265,-0.966,1.002
63.59149193763733,0.036,-0.265,-0.966,1.002
63.59159207344055,0.036,-0.265,-0.966,1.002
63.59168791770935,0.036,-0.265,-0.966,1.002
63.59178400039673,0.036,-0.265,-0.966,1.002
63.591880083084106,0.036,-0.265,-0.966,1.002
63.59197497367859,0.036,-0.265,-0.966,1.002
63.59207081794739,0.036,-0.265,-0.966,1.002
63.59216594696045,0.036,-0.265,-0.966,1.002
63.59226202964783,0.036,-0.265,-0.966,1.002
63.59235692024231,0.036,-0.265,-0.966,1.002
63.59245300292969,0.036,-0.265,-0.966,1.002
63.592549085617065,0.036,-0.265,-0.966,1.002
63.59264397621155,0.036,-0.265,-0.966,1.002
63.59273982048035,0.036,-0.265,-0.966,1.002
63.59283494949341,0.036,-0.265,-0.966,1.002
63.592931032180786,0.036,-0.265,-0.966,1.002
63.593026876449585,0.036,-0.265,-0.966,1.002
63.59312200546265,0.036,-0.265,-0.966,1.002
63.593218088150024,0.036,-0.265,-0.966,1.002
63.59326696395874,0.036,-0.265,-0.966,1.002
63.5934100151062,0.036,-0.265,-0.966,1.002
63.59350800514221,0.036,-0.265,-0.966,1.002
63.59355807304382,0.036,-0.265,-0.966,1.002
63.59370493888855,0.036,-0.265,-0.966,1.002
63.59385085105896,0.036,-0.265,-0.966,1.002
63.59394907951355,0.036,-0.265,-0.966,1.002
63.5940477848053,0.036,-0.265,-0.966,1.002
63.59414601325989,0.036,-0.265,-0.966,1.002
63.59424591064453,0.036,-0.265,-0.966,1.002
63.59434199333191,0.036,-0.265,-0.966,1.002
63.594391107559204,0.036,-0.265,-0.966,1.002
63.59448599815369,0.036,-0.265,-0.966,1.002
63.59462809562683,0.036,-0.265,-0.966,1.002
63.59467697143555,0.036,-0.265,-0.966,1.002
63.59477210044861,0.036,-0.265,-0.966,1.002
63.59491491317749,0.036,-0.265,-0.966,1.002
63.594963788986206,0.036,-0.265,-0.966,1.002
63.59505891799927,0.036,-0.265,-0.966,1.002
63.59520196914673,0.036,-0.265,-0.966,1.002
63.59524989128113,0.036,-0.265,-0.966,1.002
63.595345973968506,0.036,-0.265,-0.966,1.002
63.59544110298157,0.036,-0.265,-0.966,1.002
63.595536947250366,0.036,-0.265,-0.966,1.002
63.595632791519165,0.036,-0.265,-0.966,1.002
63.59572792053223,0.036,-0.265,-0.966,1.002
63.595824003219604,0.036,-0.265,-0.966,1.002
63.59591889381409,0.036,-0.265,-0.966,1.002
63.596014976501465,0.036,-0.265,-0.966,1.002
63.596121072769165,0.036,-0.265,-0.966,1.002
63.596216917037964,0.036,-0.265,-0.966,1.002
63.59631299972534,0.036,-0.265,-0.966,1.002
63.59640908241272,0.036,-0.265,-0.966,1.002
63.5965039730072,0.036,-0.265,-0.966,1.002
63.596599817276,0.036,-0.265,-0.966,1.002
63.59669494628906,0.036,-0.265,-0.966,1.002
63.59679102897644,0.036,-0.265,-0.966,1.002
63.59688687324524,0.036,-0.265,-0.966,1.002
63.5969820022583,0.036,-0.265,-0.966,1.002
63.59707808494568,0.036,-0.265,-0.966,1.002
63.59717297554016,0.036,-0.265,-0.966,1.002
63.59726881980896,0.036,-0.265,-0.966,1.002
63.59736490249634,0.036,-0.265,-0.966,1.002
63.5974600315094,0.036,-0.265,-0.966,1.002
63.5975558757782,0.036,-0.265,-0.966,1.002
63.59765291213989,0.036,-0.265,-0.966,1.002
63.597748041152954,0.036,-0.265,-0.966,1.002
63.59784388542175,0.036,-0.265,-0.966,1.002
63.59794092178345,0.036,-0.265,-0.966,1.002
63.598037004470825,0.036,-0.265,-0.966,1.002
63.598132848739624,0.036,-0.265,-0.966,1.002
63.598228931427,0.036,-0.265,-0.966,1.002
63.598331928253174,0.036,-0.265,-0.966,1.002
63.59842801094055,0.036,-0.265,-0.966,1.002
63.59852385520935,0.036,-0.265,-0.966,1.002
63.598634004592896,0.036,-0.265,-0.966,1.002
63.598731994628906,0.036,-0.265,-0.966,1.002
63.598928928375244,0.046,-0.259,-0.97,1.005
63.59909391403198,0.046,-0.259,-0.97,1.005
63.59918999671936,0.046,-0.259,-0.97,1.005
63.59928584098816,0.046,-0.259,-0.97,1.005
63.59938192367554,0.046,-0.259,-0.97,1.005
63.5994770526886,0.046,-0.259,-0.97,1.005
63.5995728969574,0.046,-0.259,-0.97,1.005
63.59966778755188,0.046,-0.259,-0.97,1.005
63.59976410865784,0.046,-0.259,-0.97,1.005
63.59986901283264,0.046,-0.259,-0.97,1.005
63.599963903427124,0.046,-0.259,-0.97,1.005
63.600062131881714,0.046,-0.259,-0.97,1.005
63.600162982940674,0.046,-0.259,-0.97,1.005
63.600260972976685,0.046,-0.259,-0.97,1.005
63.60035681724548,0.046,-0.259,-0.97,1.005
63.60045313835144,0.046,-0.259,-0.97,1.005
63.60054802894592,0.046,-0.259,-0.97,1.005
63.600642919540405,0.046,-0.259,-0.97,1.005
63.60073900222778,0.046,-0.259,-0.97,1.005
63.60083508491516,0.046,-0.259,-0.97,1.005
63.600929975509644,0.046,-0.259,-0.97,1.005
63.60102581977844,0.046,-0.259,-0.97,1.005
63.601120948791504,0.046,-0.259,-0.97,1.005
63.601216077804565,0.046,-0.259,-0.97,1.005
63.601311922073364,0.046,-0.259,-0.97,1.005
63.60140681266785,0.046,-0.259,-0.97,1.005
63.60150194168091,0.046,-0.259,-0.97,1.005
63.60159707069397,0.046,-0.259,-0.97,1.005
63.60169291496277,0.046,-0.259,-0.97,1.005
63.60178780555725,0.046,-0.259,-0.97,1.005
63.60188293457031,0.046,-0.259,-0.97,1.005
63.601978063583374,0.046,-0.259,-0.97,1.005
63.602072954177856,0.046,-0.259,-0.97,1.005
63.602168798446655,0.046,-0.259,-0.97,1.005
63.60226392745972,0.046,-0.259,-0.97,1.005
63.602360010147095,0.046,-0.259,-0.97,1.005
63.60245490074158,0.046,-0.259,-0.97,1.005
63.602550983428955,0.046,-0.259,-0.97,1.005
63.60264611244202,0.046,-0.259,-0.97,1.005
63.602741956710815,0.046,-0.259,-0.97,1.005
63.60285305976868,0.046,-0.259,-0.97,1.005
63.602948904037476,0.046,-0.259,-0.97,1.005
63.60305380821228,0.046,-0.259,-0.97,1.005
63.60315299034119,0.046,-0.259,-0.97,1.005
63.60326290130615,0.046,-0.259,-0.97,1.005
63.603358030319214,0.046,-0.259,-0.97,1.005
63.60345387458801,0.046,-0.259,-0.97,1.005
63.60355496406555,0.046,-0.259,-0.97,1.005
63.60365080833435,0.046,-0.259,-0.97,1.005
63.603760957717896,0.046,-0.259,-0.97,1.005
63.60385584831238,0.046,-0.259,-0.97,1.005
63.603951930999756,0.046,-0.259,-0.97,1.005
63.60404706001282,0.046,-0.259,-0.97,1.005
63.6041419506073,0.046,-0.259,-0.97,1.005
63.60423684120178,0.046,-0.259,-0.97,1.005
63.60433292388916,0.046,-0.259,-0.97,1.005
63.60442805290222,0.046,-0.259,-0.97,1.005
63.604522943496704,0.046,-0.259,-0.97,1.005
63.6046187877655,0.046,-0.259,-0.97,1.005
63.60471510887146,0.046,-0.259,-0.97,1.005
63.60480999946594,0.046,-0.259,-0.97,1.005
63.60491394996643,0.046,-0.259,-0.97,1.005
63.60500884056091,0.046,-0.259,-0.97,1.005
63.60510492324829,0.046,-0.259,-0.97,1.005
63.60520100593567,0.046,-0.259,-0.97,1.005
63.60529589653015,0.046,-0.259,-0.97,1.005
63.60539412498474,0.046,-0.259,-0.97,1.005
63.605489015579224,0.046,-0.259,-0.97,1.005
63.605583906173706,0.046,-0.259,-0.97,1.005
63.605679988861084,0.046,-0.259,-0.97,1.005
63.605775117874146,0.046,-0.259,-0.97,1.005
63.60587000846863,0.046,-0.259,-0.97,1.005
63.60596585273743,0.046,-0.259,-0.97,1.005
63.60606098175049,0.046,-0.259,-0.97,1.005
63.60615611076355,0.046,-0.259,-0.97,1.005
63.60625195503235,0.046,-0.259,-0.97,1.005
63.60634684562683,0.046,-0.259,-0.97,1.005
63.60644292831421,0.046,-0.259,-0.97,1.005
63.60653805732727,0.046,-0.259,-0.97,1.005
63.60663294792175,0.046,-0.259,-0.97,1.005
63.60672879219055,0.046,-0.259,-0.97,1.005
63.60682392120361,0.046,-0.259,-0.97,1.005
63.606919050216675,0.046,-0.259,-0.97,1.005
63.607014894485474,0.046,-0.259,-0.97,1.005
63.607109785079956,0.046,-0.259,-0.97,1.005
63.60720610618591,0.046,-0.259,-0.97,1.005
63.607300996780396,0.046,-0.259,-0.97,1.005
63.607396841049194,0.046,-0.259,-0.97,1.005
63.607495069503784,0.046,-0.259,-0.97,1.005
63.607592821121216,0.046,-0.259,-0.97,1.005
63.60769486427307,0.046,-0.259,-0.97,1.005
63.60779309272766,0.046,-0.259,-0.97,1.005
63.60789084434509,0.046,-0.259,-0.97,1.005
63.607990026474,0.046,-0.259,-0.97,1.005
63.6080858707428,0.046,-0.259,-0.97,1.005
63.60818099975586,0.046,-0.259,-0.97,1.005
63.60827612876892,0.046,-0.259,-0.97,1.005
63.60837197303772,0.046,-0.259,-0.97,1.005
63.6084668636322,0.046,-0.259,-0.97,1.005
63.608561992645264,0.046,-0.259,-0.97,1.005
63.60865807533264,0.046,-0.259,-0.97,1.005
63.608752965927124,0.046,-0.259,-0.97,1.005
63.608850955963135,0.046,-0.259,-0.97,1.005
63.6090190410614,0.058,-0.263,-0.961,0.998
63.60918593406677,0.058,-0.263,-0.961,0.998
63.609288930892944,0.058,-0.263,-0.961,0.998
63.60939693450928,0.058,-0.263,-0.961,0.998
63.60950589179993,0.058,-0.263,-0.961,0.998
63.60961699485779,0.058,-0.263,-0.961,0.998
63.60972189903259,0.058,-0.263,-0.961,0.998
63.609824895858765,0.058,-0.263,-0.961,0.998
63.60992884635925,0.058,-0.263,-0.961,0.998
63.610037088394165,0.058,-0.263,-0.961,0.998
63.610142946243286,0.058,-0.263,-0.961,0.998
63.61024880409241,0.058,-0.263,-0.961,0.998
63.61035394668579,0.058,-0.263,-0.961,0.998
63.61046004295349,0.058,-0.263,-0.961,0.998
63.61056995391846,0.058,-0.263,-0.961,0.998
63.61067795753479,0.058,-0.263,-0.961,0.998
63.61079287528992,0.058,-0.263,-0.961,0.998
63.6108980178833,0.058,-0.263,-0.961,0.998
63.611002922058105,0.058,-0.263,-0.961,0.998
63.61110591888428,0.058,-0.263,-0.961,0.998
63.61120891571045,0.058,-0.263,-0.961,0.998
63.61131310462952,0.058,-0.263,-0.961,0.998
63.611417055130005,0.058,-0.263,-0.961,0.998
63.61152100563049,0.058,-0.263,-0.961,0.998
63.61162495613098,0.058,-0.263,-0.961,0.998
63.61172795295715,0.058,-0.263,-0.961,0.998
63.611830949783325,0.058,-0.263,-0.961,0.998
63.6119339466095,0.058,-0.263,-0.961,0.998
63.612037897109985,0.058,-0.263,-0.961,0.998
63.612141847610474,0.058,-0.263,-0.961,0.998
63.61224389076233,0.058,-0.263,-0.961,0.998
63.6123468875885,0.058,-0.263,-0.961,0.998
63.612448930740356,0.058,-0.263,-0.961,0.998
63.61255192756653,0.058,-0.263,-0.961,0.998
63.6126549243927,0.058,-0.263,-0.961,0.998
63.61275792121887,0.058,-0.263,-0.961,0.998
63.612809896469116,0.058,-0.263,-0.961,0.998
63.61292099952698,0.058,-0.263,-0.961,0.998
63.6139349937439,0.058,-0.263,-0.961,0.998
63.614489793777466,0.058,-0.263,-0.961,0.998
63.61473798751831,0.058,-0.263,-0.961,0.998
63.6149959564209,0.058,-0.263,-0.961,0.998
63.615097999572754,0.058,-0.263,-0.961,0.998
63.61534380912781,0.058,-0.263,-0.961,0.998
63.61552691459656,0.058,-0.263,-0.961,0.998
63.615702867507935,0.058,-0.263,-0.961,0.998
63.615922927856445,0.058,-0.263,-0.961,0.998
63.61602592468262,0.058,-0.263,-0.961,0.998
63.61626982688904,0.058,-0.263,-0.961,0.998
63.61650991439819,0.058,-0.263,-0.961,0.998
63.61662411689758,0.058,-0.263,-0.961,0.998
63.61695098876953,0.058,-0.263,-0.961,0.998
63.6170539855957,0.058,-0.263,-0.961,0.998
63.61735200881958,0.058,-0.263,-0.961,0.998
63.61764883995056,0.058,-0.263,-0.961,0.998
63.61775183677673,0.058,-0.263,-0.961,0.998
63.618046045303345,0.058,-0.263,-0.961,0.998
63.61814999580383,0.058,-0.263,-0.961,0.998
63.62090611457825,0.047,-0.273,-0.959,0.998
63.63091206550598,0.029,-0.286,-0.976,1.017
63.64122295379639,0.017,-0.294,-0.978,1.021
63.66468596458435,0.023,-0.273,-0.976,1.014
63.66480493545532,0.023,-0.273,-0.976,1.014
63.670957803726196,0.03,-0.257,-0.965,0.999
63.68119192123413,0.032,-0.246,-0.959,0.991
63.691571950912476,0.026,-0.256,-0.946,0.98
63.715131998062134,0.046,-0.274,-0.943,0.983
63.71542692184448,0.046,-0.274,-0.943,0.983
63.72183895111084,0.046,-0.274,-0.941,0.981
63.73016381263733,0.039,-0.27,-0.948,0.986
63.74731397628784,0.019,-0.268,-0.96,0.997
63.75035309791565,-0.001,-0.278,-0.966,1.005
63.761762857437134,-0.008,-0.294,-0.954,0.998
63.772347927093506,-0.001,-0.31,-0.937,0.987
63.780497789382935,0.007,-0.321,-0.947,1.0
63.79748892784119,0.018,-0.322,-0.957,1.01
63.80069613456726,0.021,-0.316,-0.944,0.996
63.811800956726074,0.014,-0.32,-0.937,0.99
63.82261681556702,0.011,-0.336,-0.956,1.013
63.847265005111694,0.031,-0.331,-0.97,1.025
63.84738278388977,0.031,-0.331,-0.97,1.025
63.85246682167053,0.014,-0.343,-0.986,1.044
63.8610417842865,0.007,-0.34,-0.977,1.034
63.88010287284851,0.019,-0.315,-0.969,1.019
63.881407022476196,0.025,-0.292,-0.962,1.006
63.89164400100708,0.025,-0.279,-0.958,0.998
63.9143009185791,0.048,-0.258,-0.931,0.967
63.914608001708984,0.048,-0.258,-0.931,0.967
63.92325186729431,0.053,-0.249,-0.931,0.965
63.94722390174866,0.048,-0.234,-0.94,0.97
63.94751000404358,0.048,-0.234,-0.94,0.97
63.95272707939148,0.038,-0.233,-0.954,0.983
63.962806940078735,0.031,-0.248,-0.984,1.015
63.98054480552673,0.042,-0.269,-1.005,1.041
63.98201107978821,0.052,-0.278,-1.012,1.051
63.99244499206543,0.053,-0.276,-1.014,1.052
64.01417183876038,0.044,-0.301,-0.993,1.039
64.01442098617554,0.044,-0.301,-0.993,1.039
64.02259492874146,0.036,-0.308,-0.982,1.03
64.04644513130188,0.023,-0.291,-0.956,1.0
64.04675889015198,0.023,-0.291,-0.956,1.0
64.07713007926941,0.029,-0.252,-0.978,1.01
64.07742094993591,0.029,-0.252,-0.978,1.01
64.07753992080688,0.029,-0.252,-0.978,1.01
64.08429312705994,0.052,-0.251,-0.978,1.011
64.10529899597168,0.058,-0.256,-0.934,0.97
64.10541701316833,0.058,-0.256,-0.934,0.97
64.11428380012512,0.056,-0.242,-0.935,0.967
64.13803887367249,0.057,-0.218,-0.93,0.957
64.13830780982971,0.057,-0.218,-0.93,0.957
64.14474511146545,0.059,-0.206,-0.923,0.948
64.15274596214294,0.055,-0.199,-0.911,0.934
64.172367811203,0.038,-0.243,-0.904,0.937
64.17358183860779,0.038,-0.243,-0.904,0.937
64.18373799324036,0.043,-0.265,-0.93,0.968
64.20493292808533,0.042,-0.285,-0.954,0.997
64.20504307746887,0.042,-0.285,-0.954,0.997
64.21396803855896,0.039,-0.285,-0.976,1.018
64.23968195915222,-0.0,-0.292,-1.011,1.052
64.23979210853577,-0.0,-0.292,-1.011,1.052
64.2450749874115,-0.012,-0.295,-1.007,1.049
64.25385212898254,-0.016,-0.292,-0.961,1.005
64.2740638256073,0.024,-0.279,-0.879,0.923
64.27418398857117,0.024,-0.279,-0.879,0.923
64.28504395484924,0.037,-0.289,-0.86,0.908
64.29536890983582,0.075,-0.31,-0.896,0.951
64.30488181114197,0.109,-0.31,-0.95,1.005
64.32390284538269,0.079,-0.286,-0.979,1.023
64.32438206672668,0.079,-0.286,-0.979,1.023
64.33473086357117,0.045,-0.284,-0.954,0.996
64.34510397911072,0.035,-0.279,-0.941,0.982
64.3542730808258,0.034,-0.28,-0.94,0.981
64.37202501296997,0.036,-0.293,-0.968,1.012
64.37470889091492,0.035,-0.306,-1.009,1.055
64.38553190231323,0.009,-0.307,-1.003,1.049
64.40576910972595,0.024,-0.269,-0.922,0.961
64.40588593482971,0.024,-0.269,-0.922,0.961
64.41529107093811,0.067,-0.256,-0.906,0.944
64.42507195472717,0.073,-0.257,-0.898,0.937
64.43539690971375,0.032,-0.274,-0.848,0.892
64.45774102210999,0.076,-0.255,-1.006,1.041
64.45785880088806,0.076,-0.255,-1.006,1.041
64.47463202476501,0.083,-0.304,-1.17,1.212
64.47509098052979,0.083,-0.304,-1.17,1.212
64.48446106910706,0.026,-0.322,-1.099,1.145
