time,gFx,gFy,gFz,gFTotal
0.006946086883544922,0.215,-0.256,-0.623,0.707
0.011188030242919922,0.156,-0.26,-0.576,0.651
0.021214962005615234,0.114,-0.239,-0.604,0.659
0.031445980072021484,0.086,-0.22,-0.719,0.757
0.04190397262573242,0.085,-0.231,-0.815,0.851
0.05189180374145508,0.083,-0.267,-0.833,0.879
0.07152509689331055,0.065,-0.287,-0.758,0.813
0.07404398918151855,0.065,-0.287,-0.758,0.813
0.08163690567016602,0.062,-0.287,-0.781,0.834
0.0918879508972168,0.088,-0.329,-0.818,0.886
0.1021571159362793,0.2,-0.383,-0.863,0.965
0.11222410202026367,0.299,-0.383,-0.967,1.082
0.12245607376098633,0.364,-0.365,-1.157,1.267
0.1325240135192871,0.384,-0.386,-1.385,1.488
0.14275789260864258,0.359,-0.465,-1.535,1.644
0.15271592140197754,0.303,-0.565,-1.612,1.735
0.17357683181762695,0.182,-0.569,-1.531,1.643
0.17408299446105957,0.182,-0.569,-1.531,1.643
0.18260598182678223,0.115,-0.523,-1.453,1.549
0.19295978546142578,0.082,-0.433,-1.455,1.52
0.20264792442321777,0.027,-0.376,-1.492,1.539
0.21296095848083496,-0.012,-0.392,-1.468,1.519
0.22305011749267578,-0.008,-0.468,-1.491,1.563
0.23309707641601562,0.053,-0.554,-1.528,1.626
0.24302291870117188,0.109,-0.584,-1.467,1.583
0.25287890434265137,0.127,-0.569,-1.292,1.417
0.2756528854370117,0.155,-0.516,-0.905,1.053
0.2759439945220947,0.155,-0.516,-0.905,1.053
0.2828230857849121,0.175,-0.51,-0.821,0.982
0.2938060760498047,0.157,-0.525,-0.772,0.947
0.30321693420410156,0.087,-0.521,-0.7,0.877
0.31357812881469727,0.086,-0.477,-0.625,0.791
0.3237948417663574,0.088,-0.439,-0.595,0.745
0.334183931350708,0.111,-0.44,-0.598,0.751
0.3442800045013428,0.12,-0.34,-0.682,0.771
0.35471010208129883,0.191,-0.315,-0.655,0.751
0.37489795684814453,0.163,-0.558,-0.163,0.604
0.3751819133758545,0.163,-0.558,-0.163,0.604
0.38376593589782715,0.038,-0.34,-0.327,0.473
0.39432382583618164,-0.056,-0.102,-0.414,0.43
0.40392589569091797,-0.229,-0.051,-0.471,0.526
0.41481781005859375,-0.244,-0.094,-0.45,0.52
0.424670934677124,-0.132,-0.085,-0.432,0.46
0.43494510650634766,-0.215,-0.119,-0.422,0.488
0.44484400749206543,-0.418,-0.132,-0.331,0.549
0.45494985580444336,-0.507,-0.092,-0.273,0.583
0.4756598472595215,-0.234,0.015,-0.224,0.324
0.475970983505249,-0.234,0.015,-0.224,0.324
0.4842338562011719,-0.392,-0.021,-0.146,0.419
0.49471092224121094,-0.528,-0.032,-0.124,0.543
0.5047318935394287,-0.246,0.015,-0.276,0.37
0.5149440765380859,0.51,0.105,-0.731,0.897
0.5244488716125488,0.486,-0.096,-0.517,0.716
0.534121036529541,-0.14,-0.431,-0.129,0.471
0.5441489219665527,-0.459,-0.741,-0.494,1.002
0.554175853729248,-0.428,-0.986,-1.006,1.472
0.5708880424499512,-0.313,-0.927,-1.049,1.434
0.5744228363037109,-0.491,-0.657,-0.916,1.23
0.5842618942260742,-0.76,-0.456,-1.027,1.357
0.5942709445953369,-0.8,-0.456,-1.195,1.509
0.6046857833862305,-0.803,-0.591,-1.282,1.624
0.614530086517334,-0.859,-0.719,-1.415,1.805
0.6244640350341797,-0.814,-0.68,-1.501,1.838
0.6347250938415527,-0.795,-0.59,-1.528,1.821
0.644819974899292,-0.912,-0.562,-1.579,1.908
0.6547880172729492,-0.833,-0.494,-1.597,1.868
0.6707510948181152,-0.655,-0.453,-1.634,1.818
0.6757187843322754,-0.633,-0.425,-1.61,1.781
0.6849329471588135,-0.641,-0.356,-1.496,1.666
0.6961297988891602,-0.515,-0.293,-1.354,1.478
0.7055468559265137,-0.392,-0.268,-1.245,1.332
0.7164731025695801,-0.353,-0.235,-1.165,1.24
0.7269830703735352,-0.288,-0.289,-1.064,1.14
0.7367110252380371,-0.272,-0.395,-0.943,1.058
0.746549129486084,-0.335,-0.361,-0.755,0.901
0.7570219039916992,-0.388,-0.332,-0.691,0.859
0.7764809131622314,-0.231,-0.475,-0.572,0.779
0.7767548561096191,-0.231,-0.475,-0.572,0.779
0.7858519554138184,-0.22,-0.477,-0.481,0.712
0.7966909408569336,-0.229,-0.501,-0.459,0.717
0.8063650131225586,-0.183,-0.468,-0.49,0.702
0.816478967666626,-0.196,-0.49,-0.532,0.749
0.8270750045776367,-0.208,-0.499,-0.568,0.784
0.8371269702911377,-0.218,-0.408,-0.625,0.778
0.8472399711608887,-0.108,-0.584,-0.628,0.864
0.8574569225311279,-0.081,-0.511,-0.581,0.778
0.8770051002502441,-0.06,-0.427,-0.702,0.824
0.8773250579833984,-0.06,-0.427,-0.702,0.824
0.8866379261016846,0.011,-0.283,-0.671,0.728
0.8969249725341797,0.01,-0.345,-0.779,0.852
0.9070079326629639,-0.063,-0.286,-0.836,0.886
0.9170598983764648,-0.286,-0.305,-0.945,1.033
0.9272029399871826,-0.497,-0.372,-1.024,1.197
0.9375090599060059,-0.613,-0.438,-0.956,1.217
0.9472320079803467,-0.808,-0.475,-0.91,1.306
0.9578979015350342,-0.957,-0.495,-0.944,1.432
0.9780139923095703,-0.872,-0.633,-1.48,1.831
0.9782910346984863,-0.872,-0.633,-1.48,1.831
0.9870948791503906,-1.046,-0.75,-1.505,1.98
0.9976859092712402,-1.161,-0.659,-1.565,2.057
1.0075709819793701,-1.192,-0.525,-1.521,2.002
1.017754077911377,-1.183,-0.535,-1.334,1.862
1.0279209613800049,-1.097,-0.631,-1.25,1.779
1.0377068519592285,-0.96,-0.669,-1.172,1.656
1.0483508110046387,-0.738,-0.701,-1.069,1.476
1.0588629245758057,-0.471,-0.685,-0.91,1.233
1.0770869255065918,-0.683,-0.101,-0.839,1.087
1.0791058540344238,-0.683,-0.101,-0.839,1.087
1.0882189273834229,-0.735,-0.358,-0.804,1.147
1.097944974899292,-0.527,-0.733,-0.577,1.071
1.1080899238586426,-0.584,-0.38,-0.589,0.912
1.1182780265808105,-0.576,-0.123,-0.632,0.864
1.128814935684204,-0.589,-0.211,-0.561,0.84
1.1395330429077148,-0.486,-0.157,-0.477,0.699
1.148859977722168,-0.51,-0.113,-0.4,0.658
1.159477949142456,-0.526,-0.027,-0.363,0.64
1.180217981338501,-0.519,0.039,-0.274,0.588
1.1805109977722168,-0.519,0.039,-0.274,0.588
1.1880998611450195,-0.469,0.017,-0.256,0.535
1.1987438201904297,-0.442,-0.01,-0.243,0.504
1.2087109088897705,-0.333,-0.026,-0.128,0.358
1.218949794769287,-0.257,-0.005,-0.04,0.26
1.2294340133666992,-0.27,0.1,0.037,0.29
1.2399940490722656,-0.264,0.155,0.088,0.319
1.2499051094055176,-0.231,0.218,0.128,0.342
1.2597880363464355,-0.222,0.292,0.175,0.406
1.2791779041290283,-0.13,0.494,0.213,0.553
1.279468059539795,-0.13,0.494,0.213,0.553
1.2890799045562744,-0.055,0.559,0.154,0.582
1.2992501258850098,-0.029,0.598,0.061,0.602
1.3095369338989258,-0.064,0.649,-0.032,0.653
1.3192639350891113,-0.071,0.754,-0.11,0.765
1.3293681144714355,-0.101,0.877,-0.157,0.897
1.340343952178955,-0.189,1.023,-0.194,1.058
1.350121021270752,-0.351,1.192,-0.241,1.266
1.3609609603881836,-0.553,1.321,-0.347,1.474
1.3825020790100098,-1.172,1.2,-0.741,1.834
1.3828577995300293,-1.172,1.2,-0.741,1.834
1.3897380828857422,-1.522,1.323,-0.833,2.182
1.3999509811401367,-1.911,1.481,-0.878,2.572
1.4113450050354004,-2.4,1.332,-0.939,2.901
1.4210669994354248,-2.831,0.882,-1.285,3.232
1.4312748908996582,-3.219,0.594,-1.476,3.591
1.441598892211914,-3.518,0.618,-1.413,3.841
1.4511339664459229,-3.519,0.678,-1.227,3.788
1.4615809917449951,-3.459,0.569,-1.082,3.669
1.4792649745941162,-3.25,0.328,-0.969,3.407
1.4808650016784668,-2.953,0.107,-0.802,3.062
1.4912281036376953,-2.625,-0.061,-0.629,2.7
1.5009119510650635,-2.341,-0.301,-0.425,2.398
1.51127290725708,-2.175,-0.542,-0.201,2.251
1.5200889110565186,-1.972,-0.622,0.104,2.07
1.530709981918335,-1.582,-0.536,0.348,1.706
1.5406041145324707,-0.963,-0.385,0.429,1.122
1.5512049198150635,-0.656,-0.615,0.342,0.962
1.5618069171905518,-0.719,-1.124,0.358,1.381
1.5808839797973633,-0.339,-0.614,0.244,0.743
1.58253812789917,-0.339,-0.614,0.244,0.743
1.5905580520629883,-0.25,-0.552,0.19,0.635
1.6011338233947754,-0.086,-0.487,0.1,0.505
1.6110248565673828,-0.02,-0.456,0.075,0.463
1.6213278770446777,0.064,-0.463,0.056,0.471
1.631208896636963,0.113,-0.42,0.079,0.442
1.641880989074707,0.095,-0.402,0.094,0.424
1.6519439220428467,0.024,-0.403,0.075,0.411
1.6613068580627441,-0.051,-0.385,0.086,0.398
1.6830620765686035,-0.307,-0.378,0.091,0.495
1.6833620071411133,-0.307,-0.378,0.091,0.495
1.6911859512329102,-0.43,-0.37,0.032,0.568
1.701051950454712,-0.581,-0.228,-0.003,0.624
1.7115609645843506,-0.739,-0.106,-0.069,0.75
1.7216169834136963,-0.839,-0.007,-0.118,0.847
1.73179292678833,-0.986,0.189,-0.078,1.007
1.7407341003417969,-1.167,0.625,0.17,1.335
1.7686419486999512,-1.484,1.078,0.238,1.85
1.7695739269256592,-1.484,1.078,0.238,1.85
1.773420810699463,-1.49,1.216,-0.234,1.937
1.7815659046173096,-1.78,1.259,-0.382,2.213
1.7919697761535645,-2.159,1.048,-0.466,2.445
1.8020730018615723,-2.418,0.916,-0.422,2.62
1.8136019706726074,-2.58,0.91,-0.312,2.754
1.8222107887268066,-2.598,0.919,-0.442,2.791
1.8331069946289062,-2.676,0.828,-0.716,2.891
1.8430299758911133,-2.791,0.64,-0.879,2.995
1.8557379245758057,-2.682,0.405,-0.907,2.86
1.8643698692321777,-2.431,0.208,-0.917,2.607
1.8820478916168213,-1.873,-0.096,-0.629,1.978
1.884469985961914,-1.873,-0.096,-0.629,1.978
1.8927929401397705,-1.711,-0.132,-0.392,1.76
1.9022917747497559,-1.546,-0.216,-0.178,1.571
1.9127130508422852,-1.387,-0.347,-0.075,1.432
2.5734570026397705,-1.756,-0.184,0.748,1.918
2.5738558769226074,-1.756,-0.184,0.748,1.918
2.574049949645996,-1.756,-0.184,0.748,1.918
2.5763168334960938,-2.37,0.296,0.997,2.588
2.5765271186828613,-2.37,0.296,0.997,2.588
2.576733112335205,-2.37,0.296,0.997,2.588
2.57696795463562,-2.37,0.296,0.997,2.588
2.5772128105163574,-2.37,0.296,0.997,2.588
2.5773909091949463,-2.37,0.296,0.997,2.588
2.5775609016418457,-2.37,0.296,0.997,2.588
2.577727794647217,-2.37,0.296,0.997,2.588
2.577913999557495,-2.37,0.296,0.997,2.588
2.578130006790161,-2.37,0.296,0.997,2.588
2.578385829925537,-2.37,0.296,0.997,2.588
2.5785651206970215,-2.37,0.296,0.997,2.588
2.578742027282715,-2.37,0.296,0.997,2.588
2.5789217948913574,-2.37,0.296,0.997,2.588
2.579102039337158,-2.37,0.296,0.997,2.588
2.579281806945801,-2.37,0.296,0.997,2.588
2.579457998275757,-2.37,0.296,0.997,2.588
2.579637050628662,-2.37,0.296,0.997,2.588
2.5798158645629883,-2.37,0.296,0.997,2.588
2.580024003982544,-2.37,0.296,0.997,2.588
2.5802009105682373,-2.37,0.296,0.997,2.588
2.5803771018981934,-2.37,0.296,0.997,2.588
2.580564022064209,-2.37,0.296,0.997,2.588
2.5807409286499023,-2.37,0.296,0.997,2.588
2.580935001373291,-2.37,0.296,0.997,2.588
2.581110954284668,-2.37,0.296,0.997,2.588
2.5812888145446777,-2.37,0.296,0.997,2.588
2.581465005874634,-2.37,0.296,0.997,2.588
2.581641912460327,-2.37,0.296,0.997,2.588
2.5818190574645996,-2.37,0.296,0.997,2.588
2.5819950103759766,-2.37,0.296,0.997,2.588
2.5821938514709473,-2.37,0.296,0.997,2.588
2.58237886428833,-2.37,0.296,0.997,2.588
2.582554817199707,-2.37,0.296,0.997,2.588
2.582736015319824,-2.37,0.296,0.997,2.588
2.5829310417175293,-2.37,0.296,0.997,2.588
2.583108901977539,-2.37,0.296,0.997,2.588
2.5832879543304443,-2.37,0.296,0.997,2.588
2.5834739208221436,-2.37,0.296,0.997,2.588
2.5836548805236816,-2.37,0.296,0.997,2.588
2.5838329792022705,-2.37,0.296,0.997,2.588
2.5840089321136475,-2.37,0.296,0.997,2.588
2.584183931350708,-2.37,0.296,0.997,2.588
2.584360122680664,-2.37,0.296,0.997,2.588
2.5845398902893066,-2.37,0.296,0.997,2.588
2.584716796875,-2.37,0.296,0.997,2.588
2.584916114807129,-2.37,0.296,0.997,2.588
2.585094928741455,-2.37,0.296,0.997,2.588
2.5852699279785156,-2.37,0.296,0.997,2.588
2.585587978363037,-2.37,0.296,0.997,2.588
2.5858359336853027,-2.37,0.296,0.997,2.588
2.586012840270996,-3.084,-0.464,0.883,3.241
2.58673095703125,-3.084,-0.464,0.883,3.241
2.5869319438934326,-3.084,-0.464,0.883,3.241
2.5871119499206543,-3.084,-0.464,0.883,3.241
2.5872929096221924,-3.084,-0.464,0.883,3.241
2.587474822998047,-3.084,-0.464,0.883,3.241
2.5876660346984863,-3.084,-0.464,0.883,3.241
2.587843894958496,-3.084,-0.464,0.883,3.241
2.5880208015441895,-3.084,-0.464,0.883,3.241
2.588212013244629,-3.084,-0.464,0.883,3.241
2.5883889198303223,-3.084,-0.464,0.883,3.241
2.5891289710998535,-3.084,-0.464,0.883,3.241
2.590888023376465,-3.084,-0.464,0.883,3.241
2.597707986831665,-2.819,-0.086,0.564,2.876
2.606718063354492,-2.428,0.769,0.384,2.576
2.616952896118164,-2.249,-0.101,0.577,2.324
2.6268720626831055,-2.049,0.443,0.396,2.133
2.6368207931518555,-2.015,1.038,-0.223,2.278
2.6468920707702637,-2.12,1.012,-0.261,2.364
2.6567111015319824,-2.151,0.832,-0.151,2.311
2.6667959690093994,-1.985,0.924,-0.049,2.19
2.6787309646606445,-1.853,0.895,-0.009,2.058
2.68676495552063,-1.714,0.918,0.019,1.944
3.345986843109131,-0.041,-0.717,0.663,0.977
3.346190929412842,-0.041,-0.717,0.663,0.977
3.346363067626953,-0.041,-0.717,0.663,0.977
3.3465309143066406,-0.041,-0.717,0.663,0.977
3.3466999530792236,-0.041,-0.717,0.663,0.977
3.3468658924102783,-0.041,-0.717,0.663,0.977
3.347032070159912,-0.041,-0.717,0.663,0.977
3.3473048210144043,-0.041,-0.717,0.663,0.977
3.3475899696350098,-0.041,-0.717,0.663,0.977
3.3477730751037598,-0.041,-0.717,0.663,0.977
3.3479480743408203,-0.041,-0.717,0.663,0.977
3.3481221199035645,-0.041,-0.717,0.663,0.977
3.348297119140625,-0.041,-0.717,0.663,0.977
3.348544120788574,-0.041,-0.717,0.663,0.977
3.348809003829956,-0.041,-0.717,0.663,0.977
3.348989963531494,-0.041,-0.717,0.663,0.977
3.349163055419922,-0.041,-0.717,0.663,0.977
3.349362850189209,-0.041,-0.717,0.663,0.977
3.349529981613159,-0.041,-0.717,0.663,0.977
3.3496971130371094,-0.041,-0.717,0.663,0.977
3.3498640060424805,-0.037,-0.335,1.058,1.11
3.350886821746826,-0.037,-0.335,1.058,1.11
3.351085901260376,-0.037,-0.335,1.058,1.11
3.351256847381592,-0.037,-0.335,1.058,1.11
3.351564884185791,-0.037,-0.335,1.058,1.11
3.351736068725586,-0.037,-0.335,1.058,1.11
3.3519058227539062,-0.037,-0.335,1.058,1.11
3.3520889282226562,-0.037,-0.335,1.058,1.11
3.3522558212280273,-0.037,-0.335,1.058,1.11
3.352423906326294,-0.037,-0.335,1.058,1.11
3.352591037750244,-0.037,-0.335,1.058,1.11
3.3527719974517822,-0.037,-0.335,1.058,1.11
3.352950096130371,-0.037,-0.335,1.058,1.11
3.3531229496002197,-0.037,-0.335,1.058,1.11
3.3532979488372803,-0.037,-0.335,1.058,1.11
3.3535008430480957,-0.037,-0.335,1.058,1.11
3.3537440299987793,-0.037,-0.335,1.058,1.11
3.3539299964904785,-0.037,-0.335,1.058,1.11
3.3541078567504883,-0.037,-0.335,1.058,1.11
3.354280948638916,-0.037,-0.335,1.058,1.11
3.354449987411499,-0.037,-0.335,1.058,1.11
3.3546218872070312,-0.037,-0.335,1.058,1.11
3.3547887802124023,-0.037,-0.335,1.058,1.11
3.3549599647521973,-0.037,-0.335,1.058,1.11
3.3551249504089355,-0.037,-0.335,1.058,1.11
3.355292797088623,-0.037,-0.335,1.058,1.11
3.3554599285125732,-0.037,-0.335,1.058,1.11
3.3556270599365234,-0.037,-0.335,1.058,1.11
3.355792999267578,-0.037,-0.335,1.058,1.11
3.355963945388794,-0.037,-0.335,1.058,1.11
3.3561301231384277,-0.037,-0.335,1.058,1.11
3.356311798095703,-0.037,-0.335,1.058,1.11
3.356602907180786,-0.037,-0.335,1.058,1.11
3.356796979904175,-0.037,-0.335,1.058,1.11
3.357043981552124,-0.037,-0.335,1.058,1.11
3.3572797775268555,-0.037,-0.335,1.058,1.11
3.3575658798217773,-0.037,-0.335,1.058,1.11
3.357773780822754,-0.037,-0.335,1.058,1.11
3.35801100730896,-0.037,-0.335,1.058,1.11
3.358258008956909,-0.037,-0.335,1.058,1.11
3.3584580421447754,-0.037,-0.335,1.058,1.11
3.3586549758911133,-0.037,-0.335,1.058,1.11
3.358832836151123,-0.037,-0.335,1.058,1.11
3.359044075012207,-0.037,-0.335,1.058,1.11
3.35929012298584,-0.037,-0.335,1.058,1.11
3.362046957015991,0.019,-0.089,1.032,1.036
3.362244129180908,0.019,-0.089,1.032,1.036
3.3710179328918457,0.034,-0.055,0.386,0.391
3.3914270401000977,0.05,0.003,0.19,0.196
3.3936610221862793,0.17,0.913,2.103,2.299
3.394073963165283,0.17,0.913,2.103,2.299
3.4043049812316895,0.211,0.894,0.865,1.262
3.4131178855895996,0.303,0.746,-0.332,0.871
3.4233388900756836,0.351,1.307,-0.269,1.38
3.433698892593384,0.626,2.197,-0.412,2.321
3.4456419944763184,1.132,2.835,-0.546,3.101
3.453540802001953,1.77,3.202,-0.761,3.737
3.463688850402832,2.271,3.502,-0.849,4.259
64.3679039478302,0.581,0.454,0.335,0.81
64.36843490600586,0.964,1.482,0.635,1.879
64.3689398765564,0.096,0.147,-0.204,0.269
64.36965489387512,0.511,0.769,2.369,2.543
64.37028884887695,5.403,-2.766,-0.694,6.109
64.37177896499634,1.41,0.288,-0.261,1.463
64.3726110458374,1.41,0.288,-0.261,1.463
64.3728199005127,1.41,0.288,-0.261,1.463
64.37299394607544,1.41,0.288,-0.261,1.463
64.3731689453125,1.41,0.288,-0.261,1.463
64.37333583831787,1.41,0.288,-0.261,1.463
64.37350082397461,1.41,0.288,-0.261,1.463
64.37366795539856,1.41,0.288,-0.261,1.463
64.37383389472961,1.41,0.288,-0.261,1.463
64.37406897544861,1.41,0.288,-0.261,1.463
64.37427711486816,1.41,0.288,-0.261,1.463
64.37447500228882,1.41,0.288,-0.261,1.463
64.37465000152588,1.41,0.288,-0.261,1.463
64.37481880187988,1.41,0.288,-0.261,1.463
64.37498807907104,1.41,0.288,-0.261,1.463
64.37515592575073,1.41,0.288,-0.261,1.463
64.37532591819763,1.41,0.288,-0.261,1.463
64.37549304962158,1.41,0.288,-0.261,1.463
64.37565898895264,1.41,0.288,-0.261,1.463
64.37582588195801,1.41,0.288,-0.261,1.463
64.37599277496338,1.41,0.288,-0.261,1.463
64.37620997428894,1.41,0.288,-0.261,1.463
64.37642908096313,1.41,0.288,-0.261,1.463
64.37660598754883,1.41,0.288,-0.261,1.463
64.37677907943726,1.41,0.288,-0.261,1.463
64.37694597244263,1.41,0.288,-0.261,1.463
64.377121925354,1.41,0.288,-0.261,1.463
64.37728881835938,1.41,0.288,-0.261,1.463
64.37745499610901,1.41,0.288,-0.261,1.463
64.37761998176575,1.41,0.288,-0.261,1.463
64.3777859210968,1.41,0.288,-0.261,1.463
64.37795090675354,1.41,0.288,-0.261,1.463
64.37811708450317,1.41,0.288,-0.261,1.463
64.37828779220581,1.41,0.288,-0.261,1.463
64.37845396995544,1.41,0.288,-0.261,1.463
64.37861895561218,1.41,0.288,-0.261,1.463
64.37878608703613,1.41,0.288,-0.261,1.463
64.37895107269287,1.41,0.288,-0.261,1.463
64.37911701202393,1.41,0.288,-0.261,1.463
64.37928199768066,1.41,0.288,-0.261,1.463
64.37952709197998,1.41,0.288,-0.261,1.463
64.37971782684326,1.41,0.288,-0.261,1.463
64.37989091873169,1.41,0.288,-0.261,1.463
64.38009977340698,1.41,0.288,-0.261,1.463
64.38028287887573,1.41,0.288,-0.261,1.463
64.38045978546143,1.41,0.288,-0.261,1.463
64.3806381225586,1.41,0.288,-0.261,1.463
64.38087511062622,-0.093,-0.392,-0.911,0.996
64.3816409111023,-0.093,-0.392,-0.911,0.996
64.38183212280273,-0.093,-0.392,-0.911,0.996
64.38200998306274,-0.093,-0.392,-0.911,0.996
64.38218212127686,-0.093,-0.392,-0.911,0.996
64.3823549747467,-0.093,-0.392,-0.911,0.996
64.38252782821655,-0.093,-0.392,-0.911,0.996
64.38269996643066,-0.093,-0.392,-0.911,0.996
64.38291883468628,-0.093,-0.392,-0.911,0.996
64.3831160068512,-0.093,-0.392,-0.911,0.996
64.38332891464233,-0.093,-0.392,-0.911,0.996
64.38350582122803,-0.093,-0.392,-0.911,0.996
64.38367795944214,-0.093,-0.392,-0.911,0.996
64.38384699821472,-0.093,-0.392,-0.911,0.996
64.38401699066162,-0.093,-0.392,-0.911,0.996
64.38418579101562,-0.093,-0.392,-0.911,0.996
64.38435506820679,-0.093,-0.392,-0.911,0.996
64.38452386856079,-0.093,-0.392,-0.911,0.996
64.38469195365906,-0.093,-0.392,-0.911,0.996
64.38486099243164,-0.093,-0.392,-0.911,0.996
64.38503098487854,-0.093,-0.392,-0.911,0.996
64.38665103912354,-0.093,-0.392,-0.911,0.996
64.38682508468628,-0.093,-0.392,-0.911,0.996
64.3869948387146,-0.093,-0.392,-0.911,0.996
64.38716411590576,-0.093,-0.392,-0.911,0.996
64.38733196258545,-0.093,-0.392,-0.911,0.996
64.38749980926514,-0.093,-0.392,-0.911,0.996
64.38772797584534,-0.093,-0.392,-0.911,0.996
64.38809895515442,-0.093,-0.392,-0.911,0.996
64.38832187652588,-0.093,-0.392,-0.911,0.996
64.38849592208862,-0.093,-0.392,-0.911,0.996
64.3886649608612,-0.093,-0.392,-0.911,0.996
64.38883399963379,-0.093,-0.392,-0.911,0.996
64.3890027999878,-0.093,-0.392,-0.911,0.996
64.38917112350464,-0.093,-0.392,-0.911,0.996
64.38933992385864,-0.093,-0.392,-0.911,0.996
64.38950896263123,-0.093,-0.392,-0.911,0.996
64.38968181610107,-0.093,-0.392,-0.911,0.996
64.38984990119934,-0.093,-0.392,-0.911,0.996
64.39001798629761,-0.093,-0.392,-0.911,0.996
64.3902440071106,-0.093,-0.392,-0.911,0.996
64.39044690132141,-0.093,-0.392,-0.911,0.996
64.39061784744263,-0.093,-0.392,-0.911,0.996
64.3907859325409,-0.106,-0.376,-0.897,0.978
64.3914680480957,-0.106,-0.376,-0.897,0.978
64.39166307449341,-0.106,-0.376,-0.897,0.978
64.39186000823975,-0.106,-0.376,-0.897,0.978
64.39212608337402,-0.106,-0.376,-0.897,0.978
64.39233589172363,-0.106,-0.376,-0.897,0.978
64.39252090454102,-0.106,-0.376,-0.897,0.978
64.3926990032196,-0.106,-0.376,-0.897,0.978
64.39287400245667,-0.106,-0.376,-0.897,0.978
64.39310503005981,-0.106,-0.376,-0.897,0.978
64.39322280883789,-0.106,-0.376,-0.897,0.978
64.39330196380615,-0.106,-0.376,-0.897,0.978
64.39337491989136,-0.106,-0.376,-0.897,0.978
64.39344787597656,-0.106,-0.376,-0.897,0.978
64.39351892471313,-0.106,-0.376,-0.897,0.978
64.3935899734497,-0.106,-0.376,-0.897,0.978
64.3936619758606,-0.106,-0.376,-0.897,0.978
64.39373207092285,-0.106,-0.376,-0.897,0.978
64.39380407333374,-0.106,-0.376,-0.897,0.978
64.39387607574463,-0.106,-0.376,-0.897,0.978
64.3939459323883,-0.106,-0.376,-0.897,0.978
64.39401698112488,-0.106,-0.376,-0.897,0.978
64.39408779144287,-0.106,-0.376,-0.897,0.978
64.39415979385376,-0.106,-0.376,-0.897,0.978
64.39423084259033,-0.106,-0.376,-0.897,0.978
64.3943018913269,-0.106,-0.376,-0.897,0.978
64.39437198638916,-0.106,-0.376,-0.897,0.978
64.39444303512573,-0.106,-0.376,-0.897,0.978
64.3945140838623,-0.106,-0.376,-0.897,0.978
64.3945848941803,-0.106,-0.376,-0.897,0.978
64.39465498924255,-0.106,-0.376,-0.897,0.978
64.39472579956055,-0.106,-0.376,-0.897,0.978
64.39479684829712,-0.106,-0.376,-0.897,0.978
64.39486789703369,-0.106,-0.376,-0.897,0.978
64.39493894577026,-0.106,-0.376,-0.897,0.978
64.39500904083252,-0.106,-0.376,-0.897,0.978
64.39508104324341,-0.106,-0.376,-0.897,0.978
64.39515089988708,-0.106,-0.376,-0.897,0.978
64.39522194862366,-0.106,-0.376,-0.897,0.978
64.39529299736023,-0.106,-0.376,-0.897,0.978
64.39547491073608,-0.106,-0.376,-0.897,0.978
64.39554595947266,-0.106,-0.376,-0.897,0.978
64.39561700820923,-0.106,-0.376,-0.897,0.978
64.39568710327148,-0.106,-0.376,-0.897,0.978
64.39575791358948,-0.106,-0.376,-0.897,0.978
64.39582800865173,-0.106,-0.376,-0.897,0.978
64.39589881896973,-0.106,-0.376,-0.897,0.978
64.39596891403198,-0.106,-0.376,-0.897,0.978
64.39603996276855,-0.106,-0.376,-0.897,0.978
64.39611005783081,-0.106,-0.376,-0.897,0.978
64.39617991447449,-0.106,-0.376,-0.897,0.978
64.39625000953674,-0.106,-0.376,-0.897,0.978
64.39632081985474,-0.106,-0.376,-0.897,0.978
64.39639091491699,-0.106,-0.376,-0.897,0.978
64.39646100997925,-0.106,-0.376,-0.897,0.978
64.39653205871582,-0.106,-0.376,-0.897,0.978
64.39660310745239,-0.106,-0.376,-0.897,0.978
64.39667296409607,-0.106,-0.376,-0.897,0.978
64.39674377441406,-0.106,-0.376,-0.897,0.978
64.39681482315063,-0.106,-0.376,-0.897,0.978
64.39688491821289,-0.106,-0.376,-0.897,0.978
64.39695596694946,-0.106,-0.376,-0.897,0.978
64.39702606201172,-0.106,-0.376,-0.897,0.978
64.39709711074829,-0.106,-0.376,-0.897,0.978
64.39716696739197,-0.106,-0.376,-0.897,0.978
64.39723777770996,-0.106,-0.376,-0.897,0.978
64.39730787277222,-0.106,-0.376,-0.897,0.978
64.39737796783447,-0.106,-0.376,-0.897,0.978
64.39744901657104,-0.106,-0.376,-0.897,0.978
64.3975191116333,-0.106,-0.376,-0.897,0.978
64.39765405654907,-0.106,-0.376,-0.897,0.978
64.39776277542114,-0.106,-0.376,-0.897,0.978
64.3978419303894,-0.106,-0.376,-0.897,0.978
64.39791584014893,-0.106,-0.376,-0.897,0.978
64.3979868888855,-0.106,-0.376,-0.897,0.978
64.39805793762207,-0.106,-0.376,-0.897,0.978
64.39812898635864,-0.106,-0.376,-0.897,0.978
64.3981990814209,-0.106,-0.376,-0.897,0.978
64.39826893806458,-0.106,-0.376,-0.897,0.978
64.39833879470825,-0.106,-0.376,-0.897,0.978
64.39840888977051,-0.106,-0.376,-0.897,0.978
64.39847993850708,-0.106,-0.376,-0.897,0.978
64.39854907989502,-0.106,-0.376,-0.897,0.978
64.3986189365387,-0.106,-0.376,-0.897,0.978
64.39868879318237,-0.106,-0.376,-0.897,0.978
64.39875793457031,-0.106,-0.376,-0.897,0.978
64.39882802963257,-0.106,-0.376,-0.897,0.978
64.39889693260193,-0.106,-0.376,-0.897,0.978
64.3989667892456,-0.106,-0.376,-0.897,0.978
64.39903688430786,-0.106,-0.376,-0.897,0.978
64.39910697937012,-0.106,-0.376,-0.897,0.978
64.39917707443237,-0.106,-0.376,-0.897,0.978
64.39924597740173,-0.106,-0.376,-0.897,0.978
64.39931583404541,-0.106,-0.376,-0.897,0.978
64.39938592910767,-0.106,-0.376,-0.897,0.978
64.39945602416992,-0.106,-0.376,-0.897,0.978
64.39952611923218,-0.106,-0.376,-0.897,0.978
64.39959907531738,-0.106,-0.376,-0.897,0.978
64.39967203140259,-0.106,-0.376,-0.897,0.978
64.39974093437195,-0.106,-0.376,-0.897,0.978
64.39981079101562,-0.106,-0.376,-0.897,0.978
64.39988088607788,-0.106,-0.376,-0.897,0.978
64.39995098114014,-0.106,-0.376,-0.897,0.978
64.40002107620239,-0.106,-0.376,-0.897,0.978
64.40009093284607,-0.106,-0.376,-0.897,0.978
64.40015983581543,-0.106,-0.376,-0.897,0.978
64.40022993087769,-0.106,-0.376,-0.897,0.978
64.40030288696289,-0.106,-0.376,-0.897,0.978
64.40037393569946,-0.106,-0.376,-0.897,0.978
64.4004430770874,-0.106,-0.376,-0.897,0.978
64.40051293373108,-0.106,-0.376,-0.897,0.978
64.40058279037476,-0.106,-0.376,-0.897,0.978
64.4006519317627,-0.106,-0.376,-0.897,0.978
64.40072202682495,-0.106,-0.376,-0.897,0.978
64.4007921218872,-0.106,-0.376,-0.897,0.978
64.40086197853088,-0.106,-0.376,-0.897,0.978
64.40098094940186,-0.109,-0.355,-0.877,0.952
64.40126609802246,-0.109,-0.355,-0.877,0.952
64.40134811401367,-0.109,-0.355,-0.877,0.952
64.40142297744751,-0.109,-0.355,-0.877,0.952
64.4014949798584,-0.109,-0.355,-0.877,0.952
64.40156698226929,-0.109,-0.355,-0.877,0.952
64.40163803100586,-0.109,-0.355,-0.877,0.952
64.40170907974243,-0.109,-0.355,-0.877,0.952
64.401780128479,-0.109,-0.355,-0.877,0.952
64.401850938797,-0.109,-0.355,-0.877,0.952
64.40192198753357,-0.109,-0.355,-0.877,0.952
64.40199184417725,-0.109,-0.355,-0.877,0.952
64.40206289291382,-0.109,-0.355,-0.877,0.952
64.40213394165039,-0.109,-0.355,-0.877,0.952
64.40220403671265,-0.109,-0.355,-0.877,0.952
64.40227508544922,-0.109,-0.355,-0.877,0.952
64.40234589576721,-0.109,-0.355,-0.877,0.952
64.40241599082947,-0.109,-0.355,-0.877,0.952
64.40248584747314,-0.109,-0.355,-0.877,0.952
64.40255689620972,-0.109,-0.355,-0.877,0.952
64.40262794494629,-0.109,-0.355,-0.877,0.952
64.40269899368286,-0.109,-0.355,-0.877,0.952
64.40276908874512,-0.109,-0.355,-0.877,0.952
64.40283989906311,-0.109,-0.355,-0.877,0.952
64.40291094779968,-0.109,-0.355,-0.877,0.952
64.40305495262146,-0.109,-0.355,-0.877,0.952
64.40319800376892,-0.109,-0.355,-0.877,0.952
64.4033420085907,-0.109,-0.355,-0.877,0.952
64.40348482131958,-0.109,-0.355,-0.877,0.952
64.40362882614136,-0.109,-0.355,-0.877,0.952
64.40377283096313,-0.109,-0.355,-0.877,0.952
64.4039158821106,-0.109,-0.355,-0.877,0.952
64.40405988693237,-0.109,-0.355,-0.877,0.952
64.40420389175415,-0.109,-0.355,-0.877,0.952
64.40434885025024,-0.109,-0.355,-0.877,0.952
64.40449380874634,-0.109,-0.355,-0.877,0.952
64.40463781356812,-0.109,-0.355,-0.877,0.952
64.40474605560303,-0.109,-0.355,-0.877,0.952
64.4048171043396,-0.109,-0.355,-0.877,0.952
64.40488696098328,-0.109,-0.355,-0.877,0.952
64.40495491027832,-0.109,-0.355,-0.877,0.952
64.40501499176025,-0.109,-0.355,-0.877,0.952
64.40511298179626,-0.109,-0.355,-0.877,0.952
64.40522193908691,-0.109,-0.355,-0.877,0.952
64.40529012680054,-0.109,-0.355,-0.877,0.952
64.40535306930542,-0.109,-0.355,-0.877,0.952
64.40541410446167,-0.109,-0.355,-0.877,0.952
64.40547394752502,-0.109,-0.355,-0.877,0.952
64.40553498268127,-0.109,-0.355,-0.877,0.952
64.40559482574463,-0.109,-0.355,-0.877,0.952
64.40565490722656,-0.109,-0.355,-0.877,0.952
64.4057149887085,-0.109,-0.355,-0.877,0.952
64.40577411651611,-0.109,-0.355,-0.877,0.952
64.40583395957947,-0.109,-0.355,-0.877,0.952
64.40589380264282,-0.109,-0.355,-0.877,0.952
64.40595293045044,-0.109,-0.355,-0.877,0.952
64.40601301193237,-0.109,-0.355,-0.877,0.952
64.4060730934143,-0.109,-0.355,-0.877,0.952
64.40613293647766,-0.109,-0.355,-0.877,0.952
64.40619277954102,-0.109,-0.355,-0.877,0.952
64.40625286102295,-0.109,-0.355,-0.877,0.952
64.40631198883057,-0.109,-0.355,-0.877,0.952
64.4063720703125,-0.109,-0.355,-0.877,0.952
64.40643095970154,-0.109,-0.355,-0.877,0.952
64.40649080276489,-0.109,-0.355,-0.877,0.952
64.40654993057251,-0.109,-0.355,-0.877,0.952
64.40661001205444,-0.109,-0.355,-0.877,0.952
64.40666890144348,-0.109,-0.355,-0.877,0.952
64.40672898292542,-0.109,-0.355,-0.877,0.952
64.40678787231445,-0.109,-0.355,-0.877,0.952
64.40684795379639,-0.109,-0.355,-0.877,0.952
64.406907081604,-0.109,-0.355,-0.877,0.952
64.40696692466736,-0.109,-0.355,-0.877,0.952
64.4070258140564,-0.109,-0.355,-0.877,0.952
64.40708589553833,-0.109,-0.355,-0.877,0.952
64.40714597702026,-0.109,-0.355,-0.877,0.952
64.40720510482788,-0.109,-0.355,-0.877,0.952
64.40726399421692,-0.109,-0.355,-0.877,0.952
64.40732383728027,-0.109,-0.355,-0.877,0.952
64.40738296508789,-0.109,-0.355,-0.877,0.952
64.40744209289551,-0.109,-0.355,-0.877,0.952
64.40750193595886,-0.109,-0.355,-0.877,0.952
64.4075608253479,-0.109,-0.355,-0.877,0.952
64.40762090682983,-0.109,-0.355,-0.877,0.952
64.40768003463745,-0.109,-0.355,-0.877,0.952
64.40773892402649,-0.109,-0.355,-0.877,0.952
64.40779781341553,-0.109,-0.355,-0.877,0.952
64.40785789489746,-0.109,-0.355,-0.877,0.952
64.40791702270508,-0.109,-0.355,-0.877,0.952
64.40797591209412,-0.109,-0.355,-0.877,0.952
64.40803599357605,-0.109,-0.355,-0.877,0.952
64.40809488296509,-0.109,-0.355,-0.877,0.952
64.4081540107727,-0.109,-0.355,-0.877,0.952
64.40821409225464,-0.109,-0.355,-0.877,0.952
64.40827298164368,-0.109,-0.355,-0.877,0.952
64.40833187103271,-0.109,-0.355,-0.877,0.952
64.40839195251465,-0.109,-0.355,-0.877,0.952
64.40845108032227,-0.109,-0.355,-0.877,0.952
64.40851092338562,-0.109,-0.355,-0.877,0.952
64.40856981277466,-0.109,-0.355,-0.877,0.952
64.40862894058228,-0.109,-0.355,-0.877,0.952
64.40868806838989,-0.109,-0.355,-0.877,0.952
64.40874791145325,-0.109,-0.355,-0.877,0.952
64.40880799293518,-0.109,-0.355,-0.877,0.952
64.40886688232422,-0.109,-0.355,-0.877,0.952
64.40892791748047,-0.109,-0.355,-0.877,0.952
64.40898704528809,-0.109,-0.355,-0.877,0.952
64.40904593467712,-0.109,-0.355,-0.877,0.952
64.40910577774048,-0.109,-0.355,-0.877,0.952
64.4091649055481,-0.109,-0.355,-0.877,0.952
64.40922403335571,-0.109,-0.355,-0.877,0.952
64.40928292274475,-0.109,-0.355,-0.877,0.952
64.40934300422668,-0.109,-0.355,-0.877,0.952
64.40940284729004,-0.109,-0.355,-0.877,0.952
64.40946197509766,-0.109,-0.355,-0.877,0.952
64.40952110290527,-0.109,-0.355,-0.877,0.952
64.40958094596863,-0.109,-0.355,-0.877,0.952
64.40963983535767,-0.109,-0.355,-0.877,0.952
64.40969896316528,-0.109,-0.355,-0.877,0.952
64.40975904464722,-0.109,-0.355,-0.877,0.952
64.40981793403625,-0.109,-0.355,-0.877,0.952
64.40987777709961,-0.109,-0.355,-0.877,0.952
64.40993785858154,-0.109,-0.355,-0.877,0.952
64.40999698638916,-0.109,-0.355,-0.877,0.952
64.4100570678711,-0.109,-0.355,-0.877,0.952
64.41011595726013,-0.109,-0.355,-0.877,0.952
64.41017484664917,-0.109,-0.355,-0.877,0.952
64.4102349281311,-0.109,-0.355,-0.877,0.952
64.41029405593872,-0.109,-0.355,-0.877,0.952
64.41035294532776,-0.109,-0.355,-0.877,0.952
64.41041278839111,-0.109,-0.355,-0.877,0.952
64.41047191619873,-0.109,-0.355,-0.877,0.952
64.41053199768066,-0.109,-0.355,-0.877,0.952
64.41059112548828,-0.109,-0.355,-0.877,0.952
64.41065096855164,-0.109,-0.355,-0.877,0.952
64.4108247756958,-0.193,-0.398,-0.843,0.952
64.41088581085205,-0.193,-0.398,-0.843,0.952
64.41094779968262,-0.193,-0.398,-0.843,0.952
64.41100788116455,-0.193,-0.398,-0.843,0.952
64.41106796264648,-0.193,-0.398,-0.843,0.952
64.41112804412842,-0.193,-0.398,-0.843,0.952
64.41118693351746,-0.193,-0.398,-0.843,0.952
64.41124677658081,-0.193,-0.398,-0.843,0.952
64.41130590438843,-0.193,-0.398,-0.843,0.952
64.41136598587036,-0.193,-0.398,-0.843,0.952
64.4114260673523,-0.193,-0.398,-0.843,0.952
64.41148591041565,-0.193,-0.398,-0.843,0.952
64.41154479980469,-0.193,-0.398,-0.843,0.952
64.41160488128662,-0.193,-0.398,-0.843,0.952
64.41166496276855,-0.193,-0.398,-0.843,0.952
64.41172504425049,-0.193,-0.398,-0.843,0.952
64.41178393363953,-0.193,-0.398,-0.843,0.952
64.41184377670288,-0.193,-0.398,-0.843,0.952
64.4119029045105,-0.193,-0.398,-0.843,0.952
64.41196298599243,-0.193,-0.398,-0.843,0.952
64.41202211380005,-0.193,-0.398,-0.843,0.952
64.4120819568634,-0.193,-0.398,-0.843,0.952
64.41214084625244,-0.193,-0.398,-0.843,0.952
64.41220092773438,-0.193,-0.398,-0.843,0.952
64.41226100921631,-0.193,-0.398,-0.843,0.952
64.41231989860535,-0.193,-0.398,-0.843,0.952
64.4123809337616,-0.193,-0.398,-0.843,0.952
64.41244077682495,-0.193,-0.398,-0.843,0.952
64.41250085830688,-0.193,-0.398,-0.843,0.952
64.41256093978882,-0.193,-0.398,-0.843,0.952
64.41262102127075,-0.193,-0.398,-0.843,0.952
64.41268110275269,-0.193,-0.398,-0.843,0.952
64.41273999214172,-0.193,-0.398,-0.843,0.952
64.41279983520508,-0.193,-0.398,-0.843,0.952
64.4128589630127,-0.193,-0.398,-0.843,0.952
64.41291999816895,-0.193,-0.398,-0.843,0.952
64.41297912597656,-0.193,-0.398,-0.843,0.952
64.41303896903992,-0.193,-0.398,-0.843,0.952
64.41309881210327,-0.193,-0.398,-0.843,0.952
64.4131588935852,-0.193,-0.398,-0.843,0.952
64.41321802139282,-0.193,-0.398,-0.843,0.952
64.41327810287476,-0.193,-0.398,-0.843,0.952
64.4133369922638,-0.193,-0.398,-0.843,0.952
64.41339683532715,-0.193,-0.398,-0.843,0.952
64.41345691680908,-0.193,-0.398,-0.843,0.952
64.41351699829102,-0.193,-0.398,-0.843,0.952
64.41359996795654,-0.193,-0.398,-0.843,0.952
64.41366004943848,-0.193,-0.398,-0.843,0.952
64.41371989250183,-0.193,-0.398,-0.843,0.952
64.41377878189087,-0.193,-0.398,-0.843,0.952
64.4138388633728,-0.193,-0.398,-0.843,0.952
64.41389894485474,-0.193,-0.398,-0.843,0.952
64.41395902633667,-0.193,-0.398,-0.843,0.952
64.41401791572571,-0.193,-0.398,-0.843,0.952
64.41407799720764,-0.193,-0.398,-0.843,0.952
64.41413688659668,-0.193,-0.398,-0.843,0.952
64.41419696807861,-0.193,-0.398,-0.843,0.952
64.41429710388184,-0.193,-0.398,-0.843,0.952
64.41438388824463,-0.193,-0.398,-0.843,0.952
64.41445207595825,-0.193,-0.398,-0.843,0.952
64.41451597213745,-0.193,-0.398,-0.843,0.952
64.4145770072937,-0.193,-0.398,-0.843,0.952
64.41463804244995,-0.193,-0.398,-0.843,0.952
64.41469478607178,-0.193,-0.398,-0.843,0.952
64.41475009918213,-0.193,-0.398,-0.843,0.952
64.41480493545532,-0.193,-0.398,-0.843,0.952
64.4148600101471,-0.193,-0.398,-0.843,0.952
64.41491389274597,-0.193,-0.398,-0.843,0.952
64.41496896743774,-0.193,-0.398,-0.843,0.952
64.41502285003662,-0.193,-0.398,-0.843,0.952
64.4150779247284,-0.193,-0.398,-0.843,0.952
64.41513299942017,-0.193,-0.398,-0.843,0.952
64.41518688201904,-0.193,-0.398,-0.843,0.952
64.41524195671082,-0.193,-0.398,-0.843,0.952
64.41529703140259,-0.193,-0.398,-0.843,0.952
64.41535091400146,-0.193,-0.398,-0.843,0.952
64.41540598869324,-0.193,-0.398,-0.843,0.952
64.4154601097107,-0.193,-0.398,-0.843,0.952
64.41551399230957,-0.193,-0.398,-0.843,0.952
64.41556882858276,-0.193,-0.398,-0.843,0.952
64.41562390327454,-0.193,-0.398,-0.843,0.952
64.41567802429199,-0.193,-0.398,-0.843,0.952
64.41573190689087,-0.193,-0.398,-0.843,0.952
64.41578698158264,-0.193,-0.398,-0.843,0.952
64.4158411026001,-0.193,-0.398,-0.843,0.952
64.41589593887329,-0.193,-0.398,-0.843,0.952
64.41594982147217,-0.193,-0.398,-0.843,0.952
64.41600608825684,-0.193,-0.398,-0.843,0.952
64.41605997085571,-0.193,-0.398,-0.843,0.952
64.4161148071289,-0.193,-0.398,-0.843,0.952
64.41617012023926,-0.193,-0.398,-0.843,0.952
64.41622400283813,-0.193,-0.398,-0.843,0.952
64.41627883911133,-0.193,-0.398,-0.843,0.952
64.4163339138031,-0.193,-0.398,-0.843,0.952
64.41638898849487,-0.193,-0.398,-0.843,0.952
64.41644382476807,-0.193,-0.398,-0.843,0.952
64.41649889945984,-0.193,-0.398,-0.843,0.952
64.4165530204773,-0.193,-0.398,-0.843,0.952
64.41660785675049,-0.193,-0.398,-0.843,0.952
64.41666293144226,-0.193,-0.398,-0.843,0.952
64.41671705245972,-0.193,-0.398,-0.843,0.952
64.4167709350586,-0.193,-0.398,-0.843,0.952
64.41682600975037,-0.193,-0.398,-0.843,0.952
64.41687989234924,-0.193,-0.398,-0.843,0.952
64.41693496704102,-0.193,-0.398,-0.843,0.952
64.41698980331421,-0.193,-0.398,-0.843,0.952
64.41704511642456,-0.193,-0.398,-0.843,0.952
64.41709899902344,-0.193,-0.398,-0.843,0.952
64.41715383529663,-0.193,-0.398,-0.843,0.952
64.4172089099884,-0.193,-0.398,-0.843,0.952
64.41726398468018,-0.193,-0.398,-0.843,0.952
64.41731786727905,-0.193,-0.398,-0.843,0.952
64.41737294197083,-0.193,-0.398,-0.843,0.952
64.4174280166626,-0.193,-0.398,-0.843,0.952
64.41748189926147,-0.193,-0.398,-0.843,0.952
64.41753697395325,-0.193,-0.398,-0.843,0.952
64.4175910949707,-0.193,-0.398,-0.843,0.952
64.4176459312439,-0.193,-0.398,-0.843,0.952
64.41769981384277,-0.193,-0.398,-0.843,0.952
64.41775512695312,-0.193,-0.398,-0.843,0.952
64.417809009552,-0.193,-0.398,-0.843,0.952
64.4178638458252,-0.193,-0.398,-0.843,0.952
64.41791796684265,-0.193,-0.398,-0.843,0.952
64.41797304153442,-0.193,-0.398,-0.843,0.952
64.4180269241333,-0.193,-0.398,-0.843,0.952
64.41808199882507,-0.193,-0.398,-0.843,0.952
64.41813707351685,-0.193,-0.398,-0.843,0.952
64.41819095611572,-0.193,-0.398,-0.843,0.952
64.4182448387146,-0.193,-0.398,-0.843,0.952
64.41829991340637,-0.193,-0.398,-0.843,0.952
64.41835498809814,-0.193,-0.398,-0.843,0.952
64.41840887069702,-0.193,-0.398,-0.843,0.952
64.4184958934784,-0.193,-0.398,-0.843,0.952
64.41859579086304,-0.193,-0.398,-0.843,0.952
64.41869688034058,-0.193,-0.398,-0.843,0.952
64.41879796981812,-0.193,-0.398,-0.843,0.952
64.41889810562134,-0.193,-0.398,-0.843,0.952
64.4189989566803,-0.193,-0.398,-0.843,0.952
64.41909980773926,-0.193,-0.398,-0.843,0.952
64.41919994354248,-0.193,-0.398,-0.843,0.952
64.4193000793457,-0.193,-0.398,-0.843,0.952
64.41940093040466,-0.193,-0.398,-0.843,0.952
64.4195008277893,-0.193,-0.398,-0.843,0.952
64.41960191726685,-0.193,-0.398,-0.843,0.952
64.41970300674438,-0.193,-0.398,-0.843,0.952
64.41980504989624,-0.193,-0.398,-0.843,0.952
64.41990494728088,-0.193,-0.398,-0.843,0.952
64.42000579833984,-0.193,-0.398,-0.843,0.952
64.42010593414307,-0.193,-0.398,-0.843,0.952
64.42020797729492,-0.193,-0.398,-0.843,0.952
64.42030906677246,-0.193,-0.398,-0.843,0.952
64.42040991783142,-0.193,-0.398,-0.843,0.952
64.42048788070679,-0.193,-0.398,-0.843,0.952
64.42054295539856,-0.193,-0.398,-0.843,0.952
64.42059707641602,-0.193,-0.398,-0.843,0.952
64.42065191268921,-0.193,-0.398,-0.843,0.952
64.42070579528809,-0.193,-0.398,-0.843,0.952
64.42076110839844,-0.193,-0.398,-0.843,0.952
64.42081689834595,-0.272,-0.424,-0.792,0.939
64.42098999023438,-0.272,-0.424,-0.792,0.939
64.42104578018188,-0.272,-0.424,-0.792,0.939
64.42110109329224,-0.272,-0.424,-0.792,0.939
64.42115497589111,-0.272,-0.424,-0.792,0.939
64.4212098121643,-0.272,-0.424,-0.792,0.939
64.42126393318176,-0.272,-0.424,-0.792,0.939
64.42136693000793,-0.272,-0.424,-0.792,0.939
64.42143893241882,-0.272,-0.424,-0.792,0.939
64.42150402069092,-0.272,-0.424,-0.792,0.939
64.42156100273132,-0.272,-0.424,-0.792,0.939
64.42161703109741,-0.272,-0.424,-0.792,0.939
64.4216718673706,-0.272,-0.424,-0.792,0.939
64.42175388336182,-0.272,-0.424,-0.792,0.939
64.42185688018799,-0.272,-0.424,-0.792,0.939
64.42192077636719,-0.272,-0.424,-0.792,0.939
64.42197799682617,-0.272,-0.424,-0.792,0.939
64.42203378677368,-0.272,-0.424,-0.792,0.939
64.42208909988403,-0.272,-0.424,-0.792,0.939
64.42214393615723,-0.272,-0.424,-0.792,0.939
64.4221978187561,-0.272,-0.424,-0.792,0.939
64.42225289344788,-0.272,-0.424,-0.792,0.939
64.42230701446533,-0.272,-0.424,-0.792,0.939
64.42236089706421,-0.272,-0.424,-0.792,0.939
64.42241477966309,-0.272,-0.424,-0.792,0.939
64.42247200012207,-0.272,-0.424,-0.792,0.939
64.42252206802368,-0.272,-0.424,-0.792,0.939
64.42257308959961,-0.272,-0.424,-0.792,0.939
64.42262291908264,-0.272,-0.424,-0.792,0.939
64.42267394065857,-0.272,-0.424,-0.792,0.939
64.42272400856018,-0.272,-0.424,-0.792,0.939
64.42277383804321,-0.272,-0.424,-0.792,0.939
64.42282390594482,-0.272,-0.424,-0.792,0.939
64.42287397384644,-0.272,-0.424,-0.792,0.939
64.42292404174805,-0.272,-0.424,-0.792,0.939
64.42297506332397,-0.272,-0.424,-0.792,0.939
64.423024892807,-0.272,-0.424,-0.792,0.939
64.42307496070862,-0.272,-0.424,-0.792,0.939
64.42312479019165,-0.272,-0.424,-0.792,0.939
64.42317581176758,-0.272,-0.424,-0.792,0.939
64.42322587966919,-0.272,-0.424,-0.792,0.939
64.4232759475708,-0.272,-0.424,-0.792,0.939
64.42332601547241,-0.272,-0.424,-0.792,0.939
64.42337608337402,-0.272,-0.424,-0.792,0.939
64.42342591285706,-0.272,-0.424,-0.792,0.939
64.42347598075867,-0.272,-0.424,-0.792,0.939
64.4235270023346,-0.272,-0.424,-0.792,0.939
64.42357683181763,-0.272,-0.424,-0.792,0.939
64.42362594604492,-0.272,-0.424,-0.792,0.939
64.42367601394653,-0.272,-0.424,-0.792,0.939
64.42372608184814,-0.272,-0.424,-0.792,0.939
64.42377591133118,-0.272,-0.424,-0.792,0.939
64.4238269329071,-0.272,-0.424,-0.792,0.939
64.42387700080872,-0.272,-0.424,-0.792,0.939
64.42392683029175,-0.272,-0.424,-0.792,0.939
64.42397689819336,-0.272,-0.424,-0.792,0.939
64.42402696609497,-0.272,-0.424,-0.792,0.939
64.42407703399658,-0.272,-0.424,-0.792,0.939
64.42412900924683,-0.272,-0.424,-0.792,0.939
64.42417907714844,-0.272,-0.424,-0.792,0.939
64.42422890663147,-0.272,-0.424,-0.792,0.939
64.42428398132324,-0.272,-0.424,-0.792,0.939
64.42433500289917,-0.272,-0.424,-0.792,0.939
64.42438507080078,-0.272,-0.424,-0.792,0.939
64.42443609237671,-0.272,-0.424,-0.792,0.939
64.42448806762695,-0.272,-0.424,-0.792,0.939
64.42453789710999,-0.272,-0.424,-0.792,0.939
64.4245879650116,-0.272,-0.424,-0.792,0.939
64.42463779449463,-0.272,-0.424,-0.792,0.939
64.42468786239624,-0.272,-0.424,-0.792,0.939
64.42473888397217,-0.272,-0.424,-0.792,0.939
64.42478895187378,-0.272,-0.424,-0.792,0.939
64.42483901977539,-0.272,-0.424,-0.792,0.939
64.424889087677,-0.272,-0.424,-0.792,0.939
64.42493891716003,-0.272,-0.424,-0.792,0.939
64.42498898506165,-0.272,-0.424,-0.792,0.939
64.42503881454468,-0.272,-0.424,-0.792,0.939
64.42508888244629,-0.272,-0.424,-0.792,0.939
64.42514991760254,-0.272,-0.424,-0.792,0.939
64.42519998550415,-0.272,-0.424,-0.792,0.939
64.42525005340576,-0.272,-0.424,-0.792,0.939
64.42530012130737,-0.272,-0.424,-0.792,0.939
64.42535090446472,-0.272,-0.424,-0.792,0.939
64.42540097236633,-0.272,-0.424,-0.792,0.939
64.42545080184937,-0.272,-0.424,-0.792,0.939
64.42550086975098,-0.272,-0.424,-0.792,0.939
64.4255518913269,-0.272,-0.424,-0.792,0.939
64.42560195922852,-0.272,-0.424,-0.792,0.939
64.42565202713013,-0.272,-0.424,-0.792,0.939
64.42570209503174,-0.272,-0.424,-0.792,0.939
64.42575192451477,-0.272,-0.424,-0.792,0.939
64.42580199241638,-0.272,-0.424,-0.792,0.939
64.42585182189941,-0.272,-0.424,-0.792,0.939
64.42590188980103,-0.272,-0.424,-0.792,0.939
64.42595195770264,-0.272,-0.424,-0.792,0.939
64.42600202560425,-0.272,-0.424,-0.792,0.939
64.42605209350586,-0.272,-0.424,-0.792,0.939
64.42610192298889,-0.272,-0.424,-0.792,0.939
64.4261519908905,-0.272,-0.424,-0.792,0.939
64.42620182037354,-0.272,-0.424,-0.792,0.939
64.42625689506531,-0.272,-0.424,-0.792,0.939
64.42631483078003,-0.272,-0.424,-0.792,0.939
64.42636489868164,-0.272,-0.424,-0.792,0.939
64.42641592025757,-0.272,-0.424,-0.792,0.939
64.42646598815918,-0.272,-0.424,-0.792,0.939
64.42651605606079,-0.272,-0.424,-0.792,0.939
64.42656707763672,-0.272,-0.424,-0.792,0.939
64.42661690711975,-0.272,-0.424,-0.792,0.939
64.42666697502136,-0.272,-0.424,-0.792,0.939
64.4267168045044,-0.272,-0.424,-0.792,0.939
64.42677211761475,-0.272,-0.424,-0.792,0.939
64.42682194709778,-0.272,-0.424,-0.792,0.939
64.42687177658081,-0.272,-0.424,-0.792,0.939
64.42692184448242,-0.272,-0.424,-0.792,0.939
64.42697191238403,-0.272,-0.424,-0.792,0.939
64.42702293395996,-0.272,-0.424,-0.792,0.939
64.42707300186157,-0.272,-0.424,-0.792,0.939
64.42712306976318,-0.272,-0.424,-0.792,0.939
64.42717409133911,-0.272,-0.424,-0.792,0.939
64.42722392082214,-0.272,-0.424,-0.792,0.939
64.42727398872375,-0.272,-0.424,-0.792,0.939
64.42732501029968,-0.272,-0.424,-0.792,0.939
64.42737483978271,-0.272,-0.424,-0.792,0.939
64.42742490768433,-0.272,-0.424,-0.792,0.939
64.42747497558594,-0.272,-0.424,-0.792,0.939
64.42752599716187,-0.272,-0.424,-0.792,0.939
64.42757606506348,-0.272,-0.424,-0.792,0.939
64.42762589454651,-0.272,-0.424,-0.792,0.939
64.42767691612244,-0.272,-0.424,-0.792,0.939
64.42772698402405,-0.272,-0.424,-0.792,0.939
64.42777681350708,-0.272,-0.424,-0.792,0.939
64.42782688140869,-0.272,-0.424,-0.792,0.939
64.42787599563599,-0.272,-0.424,-0.792,0.939
64.42792701721191,-0.272,-0.424,-0.792,0.939
64.42797708511353,-0.272,-0.424,-0.792,0.939
64.42802691459656,-0.272,-0.424,-0.792,0.939
64.42807698249817,-0.272,-0.424,-0.792,0.939
64.4281280040741,-0.272,-0.424,-0.792,0.939
64.42817783355713,-0.272,-0.424,-0.792,0.939
64.42822790145874,-0.272,-0.424,-0.792,0.939
64.42828607559204,-0.272,-0.424,-0.792,0.939
64.42833590507507,-0.272,-0.424,-0.792,0.939
64.42838597297668,-0.272,-0.424,-0.792,0.939
64.42843699455261,-0.272,-0.424,-0.792,0.939
64.42848682403564,-0.272,-0.424,-0.792,0.939
64.42853689193726,-0.272,-0.424,-0.792,0.939
64.42858695983887,-0.272,-0.424,-0.792,0.939
64.4286379814148,-0.272,-0.424,-0.792,0.939
64.42869091033936,-0.272,-0.424,-0.792,0.939
64.42874097824097,-0.272,-0.424,-0.792,0.939
64.4287919998169,-0.272,-0.424,-0.792,0.939
64.4288420677185,-0.272,-0.424,-0.792,0.939
64.42889189720154,-0.272,-0.424,-0.792,0.939
64.42894196510315,-0.272,-0.424,-0.792,0.939
64.42899298667908,-0.272,-0.424,-0.792,0.939
64.4290418624878,-0.272,-0.424,-0.792,0.939
64.42909288406372,-0.272,-0.424,-0.792,0.939
64.42914295196533,-0.272,-0.424,-0.792,0.939
64.42919301986694,-0.272,-0.424,-0.792,0.939
64.42924308776855,-0.272,-0.424,-0.792,0.939
64.42929291725159,-0.272,-0.424,-0.792,0.939
64.4293429851532,-0.272,-0.424,-0.792,0.939
64.42939281463623,-0.272,-0.424,-0.792,0.939
64.42945384979248,-0.272,-0.424,-0.792,0.939
64.42950677871704,-0.272,-0.424,-0.792,0.939
64.42955684661865,-0.272,-0.424,-0.792,0.939
64.42960596084595,-0.272,-0.424,-0.792,0.939
64.42965602874756,-0.272,-0.424,-0.792,0.939
64.42970705032349,-0.272,-0.424,-0.792,0.939
64.4297571182251,-0.272,-0.424,-0.792,0.939
64.42981600761414,-0.272,-0.424,-0.792,0.939
64.42986583709717,-0.272,-0.424,-0.792,0.939
64.42991590499878,-0.272,-0.424,-0.792,0.939
64.42996597290039,-0.272,-0.424,-0.792,0.939
64.430016040802,-0.272,-0.424,-0.792,0.939
64.43006610870361,-0.272,-0.424,-0.792,0.939
64.43011593818665,-0.272,-0.424,-0.792,0.939
64.43016600608826,-0.272,-0.424,-0.792,0.939
64.43021583557129,-0.272,-0.424,-0.792,0.939
64.4302659034729,-0.272,-0.424,-0.792,0.939
64.43031692504883,-0.272,-0.424,-0.792,0.939
64.43037796020508,-0.272,-0.424,-0.792,0.939
64.43044805526733,-0.272,-0.424,-0.792,0.939
64.43051791191101,-0.272,-0.424,-0.792,0.939
64.43058681488037,-0.272,-0.424,-0.792,0.939
64.43067789077759,-0.272,-0.424,-0.792,0.939
64.43074798583984,-0.272,-0.424,-0.792,0.939
64.4308180809021,-0.272,-0.424,-0.792,0.939
64.43088793754578,-0.272,-0.424,-0.792,0.939
64.43100786209106,-0.217,-0.352,-0.743,0.85
64.43120288848877,-0.217,-0.352,-0.743,0.85
64.43126583099365,-0.217,-0.352,-0.743,0.85
64.43132400512695,-0.217,-0.352,-0.743,0.85
64.43137884140015,-0.217,-0.352,-0.743,0.85
64.43143391609192,-0.217,-0.352,-0.743,0.85
64.43148899078369,-0.217,-0.352,-0.743,0.85
64.43154382705688,-0.217,-0.352,-0.743,0.85
64.43159794807434,-0.217,-0.352,-0.743,0.85
64.43165302276611,-0.217,-0.352,-0.743,0.85
64.43170690536499,-0.217,-0.352,-0.743,0.85
64.43176198005676,-0.217,-0.352,-0.743,0.85
64.43181610107422,-0.217,-0.352,-0.743,0.85
64.4318699836731,-0.217,-0.352,-0.743,0.85
64.43192481994629,-0.217,-0.352,-0.743,0.85
64.43197894096375,-0.217,-0.352,-0.743,0.85
64.4320330619812,-0.217,-0.352,-0.743,0.85
64.4320878982544,-0.217,-0.352,-0.743,0.85
64.43214178085327,-0.217,-0.352,-0.743,0.85
64.43219590187073,-0.217,-0.352,-0.743,0.85
64.4322509765625,-0.217,-0.352,-0.743,0.85
64.4323058128357,-0.217,-0.352,-0.743,0.85
64.43235993385315,-0.217,-0.352,-0.743,0.85
64.4324140548706,-0.217,-0.352,-0.743,0.85
64.4324688911438,-0.217,-0.352,-0.743,0.85
64.43252277374268,-0.217,-0.352,-0.743,0.85
64.43257689476013,-0.217,-0.352,-0.743,0.85
64.43263101577759,-0.217,-0.352,-0.743,0.85
64.43268585205078,-0.217,-0.352,-0.743,0.85
64.43273997306824,-0.217,-0.352,-0.743,0.85
64.4327940940857,-0.217,-0.352,-0.743,0.85
64.43284893035889,-0.217,-0.352,-0.743,0.85
64.43290281295776,-0.217,-0.352,-0.743,0.85
64.43295693397522,-0.217,-0.352,-0.743,0.85
64.43301200866699,-0.217,-0.352,-0.743,0.85
64.43306589126587,-0.217,-0.352,-0.743,0.85
64.43311977386475,-0.217,-0.352,-0.743,0.85
64.4331738948822,-0.217,-0.352,-0.743,0.85
64.43322896957397,-0.217,-0.352,-0.743,0.85
64.43328285217285,-0.217,-0.352,-0.743,0.85
64.43333697319031,-0.217,-0.352,-0.743,0.85
64.43339109420776,-0.217,-0.352,-0.743,0.85
64.43345594406128,-0.217,-0.352,-0.743,0.85
64.43351078033447,-0.217,-0.352,-0.743,0.85
64.43356609344482,-0.217,-0.352,-0.743,0.85
64.43362092971802,-0.217,-0.352,-0.743,0.85
64.4336748123169,-0.217,-0.352,-0.743,0.85
64.43373107910156,-0.217,-0.352,-0.743,0.85
64.43378591537476,-0.217,-0.352,-0.743,0.85
64.43383979797363,-0.217,-0.352,-0.743,0.85
64.43389391899109,-0.217,-0.352,-0.743,0.85
64.43394804000854,-0.217,-0.352,-0.743,0.85
64.43400192260742,-0.217,-0.352,-0.743,0.85
64.4340569972992,-0.217,-0.352,-0.743,0.85
64.43411111831665,-0.217,-0.352,-0.743,0.85
64.43416500091553,-0.217,-0.352,-0.743,0.85
64.4342188835144,-0.217,-0.352,-0.743,0.85
64.43428802490234,-0.217,-0.352,-0.743,0.85
64.43436098098755,-0.217,-0.352,-0.743,0.85
64.4344310760498,-0.217,-0.352,-0.743,0.85
64.43450093269348,-0.217,-0.352,-0.743,0.85
64.43457078933716,-0.217,-0.352,-0.743,0.85
64.43464088439941,-0.217,-0.352,-0.743,0.85
64.43471097946167,-0.217,-0.352,-0.743,0.85
64.43478012084961,-0.217,-0.352,-0.743,0.85
64.43484997749329,-0.217,-0.352,-0.743,0.85
64.43491983413696,-0.217,-0.352,-0.743,0.85
64.43499803543091,-0.217,-0.352,-0.743,0.85
64.43506789207458,-0.217,-0.352,-0.743,0.85
64.43513798713684,-0.217,-0.352,-0.743,0.85
64.43520784378052,-0.217,-0.352,-0.743,0.85
64.43527793884277,-0.217,-0.352,-0.743,0.85
64.43534803390503,-0.217,-0.352,-0.743,0.85
64.43541693687439,-0.217,-0.352,-0.743,0.85
64.43548679351807,-0.217,-0.352,-0.743,0.85
64.43555688858032,-0.217,-0.352,-0.743,0.85
64.43562698364258,-0.217,-0.352,-0.743,0.85
64.43569803237915,-0.217,-0.352,-0.743,0.85
64.4357681274414,-0.217,-0.352,-0.743,0.85
64.43583679199219,-0.217,-0.352,-0.743,0.85
64.43590688705444,-0.217,-0.352,-0.743,0.85
64.4359769821167,-0.217,-0.352,-0.743,0.85
64.43604707717896,-0.217,-0.352,-0.743,0.85
64.43611598014832,-0.217,-0.352,-0.743,0.85
64.43618679046631,-0.217,-0.352,-0.743,0.85
64.43625688552856,-0.217,-0.352,-0.743,0.85
64.43632793426514,-0.217,-0.352,-0.743,0.85
64.43638181686401,-0.217,-0.352,-0.743,0.85
64.43643593788147,-0.217,-0.352,-0.743,0.85
64.43649578094482,-0.217,-0.352,-0.743,0.85
64.43654990196228,-0.217,-0.352,-0.743,0.85
64.43660402297974,-0.217,-0.352,-0.743,0.85
64.43665885925293,-0.217,-0.352,-0.743,0.85
64.43671298027039,-0.217,-0.352,-0.743,0.85
64.43676710128784,-0.217,-0.352,-0.743,0.85
64.43682098388672,-0.217,-0.352,-0.743,0.85
64.4368748664856,-0.217,-0.352,-0.743,0.85
64.43692898750305,-0.217,-0.352,-0.743,0.85
64.43698310852051,-0.217,-0.352,-0.743,0.85
64.43703699111938,-0.217,-0.352,-0.743,0.85
64.43709087371826,-0.217,-0.352,-0.743,0.85
64.43714499473572,-0.217,-0.352,-0.743,0.85
64.43719911575317,-0.217,-0.352,-0.743,0.85
64.43725395202637,-0.217,-0.352,-0.743,0.85
64.43730878829956,-0.217,-0.352,-0.743,0.85
64.43736290931702,-0.217,-0.352,-0.743,0.85
64.43741703033447,-0.217,-0.352,-0.743,0.85
64.43747091293335,-0.217,-0.352,-0.743,0.85
64.43752598762512,-0.217,-0.352,-0.743,0.85
64.43758010864258,-0.217,-0.352,-0.743,0.85
64.43763494491577,-0.217,-0.352,-0.743,0.85
64.43768882751465,-0.217,-0.352,-0.743,0.85
64.43774390220642,-0.217,-0.352,-0.743,0.85
64.43779802322388,-0.217,-0.352,-0.743,0.85
64.43789291381836,-0.217,-0.352,-0.743,0.85
64.4379711151123,-0.217,-0.352,-0.743,0.85
64.43803191184998,-0.217,-0.352,-0.743,0.85
64.43808889389038,-0.217,-0.352,-0.743,0.85
64.43814492225647,-0.217,-0.352,-0.743,0.85
64.43819999694824,-0.217,-0.352,-0.743,0.85
64.43825387954712,-0.217,-0.352,-0.743,0.85
64.43830895423889,-0.217,-0.352,-0.743,0.85
64.43836402893066,-0.217,-0.352,-0.743,0.85
64.43846702575684,-0.217,-0.352,-0.743,0.85
64.43857479095459,-0.217,-0.352,-0.743,0.85
64.43863487243652,-0.217,-0.352,-0.743,0.85
64.43869090080261,-0.217,-0.352,-0.743,0.85
64.43875885009766,-0.217,-0.352,-0.743,0.85
64.43881392478943,-0.217,-0.352,-0.743,0.85
64.4388689994812,-0.217,-0.352,-0.743,0.85
64.43892288208008,-0.217,-0.352,-0.743,0.85
64.43897795677185,-0.217,-0.352,-0.743,0.85
64.43903493881226,-0.217,-0.352,-0.743,0.85
64.43908882141113,-0.217,-0.352,-0.743,0.85
64.43914294242859,-0.217,-0.352,-0.743,0.85
64.43919801712036,-0.217,-0.352,-0.743,0.85
64.43925189971924,-0.217,-0.352,-0.743,0.85
64.43930578231812,-0.217,-0.352,-0.743,0.85
64.43935990333557,-0.217,-0.352,-0.743,0.85
64.43941402435303,-0.217,-0.352,-0.743,0.85
64.43946886062622,-0.217,-0.352,-0.743,0.85
64.43952298164368,-0.217,-0.352,-0.743,0.85
64.43957710266113,-0.217,-0.352,-0.743,0.85
64.43963098526001,-0.217,-0.352,-0.743,0.85
64.43968486785889,-0.217,-0.352,-0.743,0.85
64.43973898887634,-0.217,-0.352,-0.743,0.85
64.4397931098938,-0.217,-0.352,-0.743,0.85
64.43984699249268,-0.217,-0.352,-0.743,0.85
64.44008994102478,-0.217,-0.352,-0.743,0.85
64.44090986251831,-0.175,-0.278,-0.681,0.756
64.44128704071045,-0.175,-0.278,-0.681,0.756
64.44145798683167,-0.175,-0.278,-0.681,0.756
64.44152212142944,-0.175,-0.278,-0.681,0.756
64.44190192222595,-0.175,-0.278,-0.681,0.756
64.44255685806274,-0.175,-0.278,-0.681,0.756
64.45166206359863,-0.14,-0.202,-0.636,0.682
64.46166896820068,-0.084,-0.134,-0.631,0.651
64.47123384475708,-0.04,-0.179,-0.64,0.666
64.48126602172852,0.008,-0.386,-0.661,0.765
64.4913399219513,0.015,-0.397,-0.705,0.809
64.50162506103516,0.008,-0.367,-0.696,0.787
64.5116958618164,-0.004,-0.419,-0.592,0.725
64.52179384231567,0.025,-0.448,-0.379,0.587
64.53179097175598,0.054,-0.458,-0.671,0.814
64.54307389259338,0.083,-0.447,-0.685,0.822
64.5519859790802,0.106,-0.425,-0.749,0.868
64.59310102462769,0.164,-0.449,-0.8,0.932
64.59318494796753,0.164,-0.449,-0.8,0.932
64.59324312210083,0.164,-0.449,-0.8,0.932
64.59551477432251,0.171,-0.396,-0.915,1.012
64.60217595100403,0.148,-0.39,-0.986,1.071
64.61220693588257,0.157,-0.439,-0.959,1.066
64.62228989601135,0.179,-0.442,-0.888,1.008
64.63336396217346,0.169,-0.401,-0.907,1.006
64.64227294921875,0.178,-0.389,-0.911,1.006
64.65278911590576,0.197,-0.45,-0.856,0.987
64.66286492347717,0.252,-0.447,-0.899,1.035
64.67563104629517,0.278,-0.371,-1.022,1.122
64.68324398994446,0.242,-0.349,-1.087,1.167
64.69345283508301,0.228,-0.362,-1.054,1.138
66.75890302658081,0.236,-0.36,-1.03,1.116
66.76862597465515,0.171,-0.381,-0.904,0.996
66.7688307762146,0.171,-0.381,-0.904,0.996
66.76901698112488,0.171,-0.381,-0.904,0.996
66.76919794082642,0.171,-0.381,-0.904,0.996
66.76937794685364,0.171,-0.381,-0.904,0.996
66.76955795288086,0.171,-0.381,-0.904,0.996
66.76973581314087,0.171,-0.381,-0.904,0.996
66.76991295814514,0.171,-0.381,-0.904,0.996
66.77009010314941,0.171,-0.381,-0.904,0.996
66.77026891708374,0.171,-0.381,-0.904,0.996
66.77044486999512,0.171,-0.381,-0.904,0.996
66.77062177658081,0.171,-0.381,-0.904,0.996
66.77079796791077,0.171,-0.381,-0.904,0.996
66.77098512649536,0.171,-0.381,-0.904,0.996
66.77116203308105,0.171,-0.381,-0.904,0.996
66.77133798599243,0.171,-0.381,-0.904,0.996
66.77151393890381,0.171,-0.381,-0.904,0.996
66.77168989181519,0.171,-0.381,-0.904,0.996
66.77186894416809,0.171,-0.381,-0.904,0.996
66.77204489707947,0.171,-0.381,-0.904,0.996
66.77222108840942,0.171,-0.381,-0.904,0.996
66.77239608764648,0.171,-0.381,-0.904,0.996
66.77257490158081,0.171,-0.381,-0.904,0.996
66.77275085449219,0.171,-0.381,-0.904,0.996
66.77292680740356,0.171,-0.381,-0.904,0.996
66.77310395240784,0.171,-0.381,-0.904,0.996
66.77327990531921,0.171,-0.381,-0.904,0.996
66.77345490455627,0.171,-0.381,-0.904,0.996
66.77363109588623,0.171,-0.381,-0.904,0.996
66.77380895614624,0.171,-0.381,-0.904,0.996
66.7739839553833,0.171,-0.381,-0.904,0.996
66.77416181564331,0.171,-0.381,-0.904,0.996
66.77434206008911,0.171,-0.381,-0.904,0.996
66.77451801300049,0.171,-0.381,-0.904,0.996
66.77469897270203,0.171,-0.381,-0.904,0.996
66.77487993240356,0.122,-0.393,-0.923,1.011
66.77549695968628,0.122,-0.393,-0.923,1.011
66.77568483352661,0.122,-0.393,-0.923,1.011
66.7759759426117,0.122,-0.393,-0.923,1.011
66.77618789672852,0.122,-0.393,-0.923,1.011
66.77637910842896,0.122,-0.393,-0.923,1.011
66.77657389640808,0.122,-0.393,-0.923,1.011
66.77679991722107,0.122,-0.393,-0.923,1.011
66.77700996398926,0.122,-0.393,-0.923,1.011
66.77718877792358,0.122,-0.393,-0.923,1.011
66.77736496925354,0.122,-0.393,-0.923,1.011
66.7775399684906,0.122,-0.393,-0.923,1.011
66.77771282196045,0.122,-0.393,-0.923,1.011
66.77795100212097,0.122,-0.393,-0.923,1.011
66.77816581726074,0.122,-0.393,-0.923,1.011
66.77835607528687,0.122,-0.393,-0.923,1.011
66.77862310409546,0.122,-0.393,-0.923,1.011
66.77884197235107,0.122,-0.393,-0.923,1.011
66.77905607223511,0.122,-0.393,-0.923,1.011
66.77926778793335,0.122,-0.393,-0.923,1.011
66.77946281433105,0.122,-0.393,-0.923,1.011
66.77963900566101,0.122,-0.393,-0.923,1.011
66.77981901168823,0.122,-0.393,-0.923,1.011
66.77999687194824,0.122,-0.393,-0.923,1.011
66.78017377853394,0.122,-0.393,-0.923,1.011
66.78034996986389,0.122,-0.393,-0.923,1.011
66.78053283691406,0.122,-0.393,-0.923,1.011
66.78074789047241,0.122,-0.393,-0.923,1.011
66.78106093406677,0.122,-0.393,-0.923,1.011
66.78124189376831,0.122,-0.393,-0.923,1.011
66.78141403198242,0.122,-0.393,-0.923,1.011
66.78158378601074,0.122,-0.393,-0.923,1.011
66.78175091743469,0.122,-0.393,-0.923,1.011
66.78191900253296,0.122,-0.393,-0.923,1.011
66.78209686279297,0.122,-0.393,-0.923,1.011
66.78226399421692,0.122,-0.393,-0.923,1.011
66.78243207931519,0.122,-0.393,-0.923,1.011
66.78260278701782,0.122,-0.393,-0.923,1.011
66.78277206420898,0.122,-0.393,-0.923,1.011
66.78293991088867,0.122,-0.393,-0.923,1.011
66.78310894966125,0.122,-0.393,-0.923,1.011
66.78327798843384,0.122,-0.393,-0.923,1.011
66.78344678878784,0.122,-0.393,-0.923,1.011
66.783616065979,0.122,-0.393,-0.923,1.011
66.78378391265869,0.122,-0.393,-0.923,1.011
66.78395295143127,0.122,-0.393,-0.923,1.011
66.78450107574463,0.122,-0.393,-0.923,1.011
66.78472089767456,0.086,-0.404,-0.943,1.029
66.7850239276886,0.086,-0.404,-0.943,1.029
66.78511381149292,0.086,-0.404,-0.943,1.029
66.78518891334534,0.086,-0.404,-0.943,1.029
66.78526091575623,0.086,-0.404,-0.943,1.029
66.78533291816711,0.086,-0.404,-0.943,1.029
66.78540396690369,0.086,-0.404,-0.943,1.029
66.78547477722168,0.086,-0.404,-0.943,1.029
66.78554582595825,0.086,-0.404,-0.943,1.029
66.78561687469482,0.086,-0.404,-0.943,1.029
66.7856879234314,0.086,-0.404,-0.943,1.029
66.78575801849365,0.086,-0.404,-0.943,1.029
66.78582906723022,0.086,-0.404,-0.943,1.029
66.7858989238739,0.086,-0.404,-0.943,1.029
66.78596997261047,0.086,-0.404,-0.943,1.029
66.78603982925415,0.086,-0.404,-0.943,1.029
66.78611087799072,0.086,-0.404,-0.943,1.029
66.7861819267273,0.086,-0.404,-0.943,1.029
66.78625202178955,0.086,-0.404,-0.943,1.029
66.7863221168518,0.086,-0.404,-0.943,1.029
66.78639197349548,0.086,-0.404,-0.943,1.029
66.78646278381348,0.086,-0.404,-0.943,1.029
66.78653287887573,0.086,-0.404,-0.943,1.029
66.7866039276123,0.086,-0.404,-0.943,1.029
66.78667402267456,0.086,-0.404,-0.943,1.029
66.78674411773682,0.086,-0.404,-0.943,1.029
66.7868139743805,0.086,-0.404,-0.943,1.029
66.78688383102417,0.086,-0.404,-0.943,1.029
66.78695487976074,0.086,-0.404,-0.943,1.029
66.787024974823,0.086,-0.404,-0.943,1.029
66.78709602355957,0.086,-0.404,-0.943,1.029
66.78716611862183,0.086,-0.404,-0.943,1.029
66.78723692893982,0.086,-0.404,-0.943,1.029
66.7873067855835,0.086,-0.404,-0.943,1.029
66.78737688064575,0.086,-0.404,-0.943,1.029
66.78744792938232,0.086,-0.404,-0.943,1.029
66.78751802444458,0.086,-0.404,-0.943,1.029
66.78758811950684,0.086,-0.404,-0.943,1.029
66.78765797615051,0.086,-0.404,-0.943,1.029
66.78772783279419,0.086,-0.404,-0.943,1.029
66.78779792785645,0.086,-0.404,-0.943,1.029
66.78786897659302,0.086,-0.404,-0.943,1.029
66.78793907165527,0.086,-0.404,-0.943,1.029
66.78800892829895,0.086,-0.404,-0.943,1.029
66.78807997703552,0.086,-0.404,-0.943,1.029
66.7881498336792,0.086,-0.404,-0.943,1.029
66.78821992874146,0.086,-0.404,-0.943,1.029
66.78829097747803,0.086,-0.404,-0.943,1.029
66.7883620262146,0.086,-0.404,-0.943,1.029
66.78843212127686,0.086,-0.404,-0.943,1.029
66.78850603103638,0.086,-0.404,-0.943,1.029
66.78857612609863,0.086,-0.404,-0.943,1.029
66.78864693641663,0.086,-0.404,-0.943,1.029
66.7887167930603,0.086,-0.404,-0.943,1.029
66.78878688812256,0.086,-0.404,-0.943,1.029
66.78885698318481,0.086,-0.404,-0.943,1.029
66.78892707824707,0.086,-0.404,-0.943,1.029
66.78899812698364,0.086,-0.404,-0.943,1.029
66.78906798362732,0.086,-0.404,-0.943,1.029
66.789137840271,0.086,-0.404,-0.943,1.029
66.78920078277588,0.086,-0.404,-0.943,1.029
66.78925085067749,0.086,-0.404,-0.943,1.029
66.78930187225342,0.086,-0.404,-0.943,1.029
66.78935289382935,0.086,-0.404,-0.943,1.029
66.78940296173096,0.086,-0.404,-0.943,1.029
66.78945398330688,0.086,-0.404,-0.943,1.029
66.7895040512085,0.086,-0.404,-0.943,1.029
66.78955507278442,0.086,-0.404,-0.943,1.029
66.78960609436035,0.086,-0.404,-0.943,1.029
66.78965711593628,0.086,-0.404,-0.943,1.029
66.78970789909363,0.086,-0.404,-0.943,1.029
66.78975892066956,0.086,-0.404,-0.943,1.029
66.78980898857117,0.086,-0.404,-0.943,1.029
66.7898600101471,0.086,-0.404,-0.943,1.029
66.78991079330444,0.086,-0.404,-0.943,1.029
66.78996086120605,0.086,-0.404,-0.943,1.029
66.79001188278198,0.086,-0.404,-0.943,1.029
66.7900619506836,0.086,-0.404,-0.943,1.029
66.79011392593384,0.086,-0.404,-0.943,1.029
66.79016399383545,0.086,-0.404,-0.943,1.029
66.79021787643433,0.086,-0.404,-0.943,1.029
66.79026889801025,0.086,-0.404,-0.943,1.029
66.79031896591187,0.086,-0.404,-0.943,1.029
66.7903699874878,0.086,-0.404,-0.943,1.029
66.7904200553894,0.086,-0.404,-0.943,1.029
66.79047012329102,0.086,-0.404,-0.943,1.029
66.79052090644836,0.086,-0.404,-0.943,1.029
66.79057192802429,0.086,-0.404,-0.943,1.029
66.79062294960022,0.086,-0.404,-0.943,1.029
66.79067397117615,0.086,-0.404,-0.943,1.029
66.79072380065918,0.086,-0.404,-0.943,1.029
66.79091691970825,0.086,-0.404,-0.943,1.029
66.79097390174866,0.086,-0.404,-0.943,1.029
66.79102492332458,0.086,-0.404,-0.943,1.029
66.79107999801636,0.086,-0.404,-0.943,1.029
66.79113006591797,0.086,-0.404,-0.943,1.029
66.7911810874939,0.086,-0.404,-0.943,1.029
66.79123210906982,0.086,-0.404,-0.943,1.029
66.79128408432007,0.086,-0.404,-0.943,1.029
66.791335105896,0.086,-0.404,-0.943,1.029
66.79138803482056,0.086,-0.404,-0.943,1.029
66.79144096374512,0.086,-0.404,-0.943,1.029
66.79149198532104,0.086,-0.404,-0.943,1.029
66.79154682159424,0.086,-0.404,-0.943,1.029
66.79159879684448,0.086,-0.404,-0.943,1.029
66.7916488647461,0.086,-0.404,-0.943,1.029
66.79170083999634,0.086,-0.404,-0.943,1.029
66.79175090789795,0.086,-0.404,-0.943,1.029
66.79180192947388,0.086,-0.404,-0.943,1.029
66.79185581207275,0.086,-0.404,-0.943,1.029
66.79190993309021,0.086,-0.404,-0.943,1.029
66.79196190834045,0.086,-0.404,-0.943,1.029
66.79201292991638,0.086,-0.404,-0.943,1.029
66.79206395149231,0.086,-0.404,-0.943,1.029
66.79211902618408,0.086,-0.404,-0.943,1.029
66.79219007492065,0.086,-0.404,-0.943,1.029
66.79225993156433,0.086,-0.404,-0.943,1.029
66.7923309803009,0.086,-0.404,-0.943,1.029
66.79240298271179,0.086,-0.404,-0.943,1.029
66.79247379302979,0.086,-0.404,-0.943,1.029
66.79270696640015,0.086,-0.404,-0.943,1.029
66.79282999038696,0.086,-0.404,-0.943,1.029
66.79295897483826,0.086,-0.404,-0.943,1.029
66.79481291770935,0.086,-0.404,-0.943,1.029
66.79503297805786,0.086,-0.404,-0.943,1.029
66.79624509811401,0.071,-0.426,-0.956,1.049
66.81302309036255,0.077,-0.444,-0.95,1.051
66.81702494621277,0.091,-0.457,-0.96,1.067
66.82970690727234,0.109,-0.45,-0.962,1.068
66.84622001647949,0.089,-0.421,-0.951,1.044
66.84650802612305,0.089,-0.421,-0.951,1.044
66.8624939918518,0.092,-0.412,-0.948,1.038
66.87890577316284,0.105,-0.395,-0.923,1.009
66.87998485565186,0.105,-0.395,-0.923,1.009
66.89637899398804,0.085,-0.389,-0.925,1.007
66.89938592910767,0.085,-0.389,-0.925,1.007
66.91313290596008,0.063,-0.384,-0.944,1.021
66.91714596748352,0.054,-0.384,-0.977,1.051
66.92996311187744,0.057,-0.379,-0.972,1.045
66.93621492385864,0.041,-0.377,-0.936,1.01
66.94605493545532,0.024,-0.378,-0.91,0.986
66.95615577697754,0.009,-0.381,-0.904,0.981
66.96646189689636,-0.009,-0.386,-0.899,0.978
66.976478099823,-0.041,-0.405,-0.885,0.974
66.99053382873535,-0.059,-0.415,-0.887,0.981
66.99668097496033,-0.037,-0.412,-0.919,1.008
67.00659084320068,0.006,-0.4,-0.963,1.043
67.0174469947815,0.028,-0.4,-1.003,1.08
67.02764391899109,0.032,-0.413,-1.027,1.107
67.03741502761841,0.026,-0.418,-1.017,1.1
67.04797410964966,0.006,-0.413,-0.997,1.079
67.05799698829651,-0.037,-0.402,-1.008,1.086
67.0676040649414,-0.066,-0.387,-1.039,1.111
67.07773995399475,-0.068,-0.376,-1.045,1.113
67.09356594085693,-0.064,-0.369,-1.046,1.111
67.09782886505127,-0.048,-0.359,-1.06,1.12
67.10755777359009,-0.034,-0.339,-1.081,1.133
67.11799812316895,-0.02,-0.315,-1.109,1.153
67.12769508361816,-0.012,-0.29,-1.134,1.171
67.1384949684143,-0.01,-0.265,-1.141,1.171
67.14805197715759,-0.008,-0.249,-1.127,1.154
67.15804481506348,-0.003,-0.235,-1.089,1.114
67.16794395446777,0.009,-0.213,-1.041,1.063
67.178062915802,0.023,-0.187,-1.015,1.032
67.19375610351562,0.033,-0.159,-1.009,1.022
67.19828081130981,0.05,-0.131,-1.016,1.026
67.20831298828125,0.068,-0.116,-1.004,1.013
67.21810007095337,0.059,-0.131,-0.946,0.957
67.22802686691284,0.016,-0.154,-0.904,0.917
67.23840999603271,-0.012,-0.153,-0.909,0.922
67.24860191345215,-0.02,-0.151,-0.911,0.924
67.25849890708923,-0.025,-0.173,-0.888,0.905
67.26851177215576,-0.031,-0.191,-0.883,0.904
67.27846789360046,-0.046,-0.195,-0.899,0.921
67.29394698143005,-0.054,-0.201,-0.891,0.915
67.2986888885498,-0.074,-0.2,-0.894,0.919
67.30854988098145,-0.092,-0.203,-0.907,0.934
67.31883096694946,-0.099,-0.206,-0.927,0.955
67.33775091171265,-0.096,-0.205,-0.937,0.964
67.33930897712708,-0.093,-0.202,-0.929,0.955
67.34932494163513,-0.091,-0.2,-0.918,0.944
67.36025285720825,-0.088,-0.205,-0.907,0.934
67.37025785446167,-0.084,-0.211,-0.896,0.924
67.38099002838135,-0.071,-0.213,-0.882,0.91
67.39734601974487,-0.055,-0.21,-0.866,0.893
67.40130805969238,-0.045,-0.213,-0.848,0.875
67.41067790985107,-0.041,-0.221,-0.836,0.866
67.42102098464966,-0.031,-0.226,-0.846,0.876
67.43098402023315,-0.014,-0.233,-0.875,0.906
67.4412899017334,-0.011,-0.245,-0.874,0.908
67.45258712768555,-0.024,-0.254,-0.797,0.837
67.46096086502075,0.029,-0.231,-0.592,0.636
67.47209405899048,0.012,-0.269,-0.899,0.938
67.48197603225708,0.029,-0.281,-1.073,1.11
