time,gFx,gFy,gFz,gFTotal
0.007025003433227539,-0.098,-0.488,-0.924,1.05
0.011437177658081055,-0.085,-0.462,-0.824,0.948
0.021928071975708008,-0.07,-0.426,-0.836,0.941
0.030956029891967773,-0.08,-0.443,-0.888,0.996
0.049314022064208984,-0.066,-0.495,-0.868,1.001
0.05169320106506348,-0.033,-0.516,-0.85,0.995
0.061721086502075195,-0.018,-0.504,-0.851,0.989
0.07226395606994629,-0.015,-0.482,-0.844,0.972
0.08491802215576172,-0.032,-0.475,-0.829,0.956
0.09226799011230469,-0.046,-0.473,-0.833,0.959
0.10269308090209961,-0.061,-0.469,-0.849,0.972
0.11264801025390625,-0.072,-0.465,-0.858,0.979
0.12351703643798828,-0.077,-0.464,-0.865,0.985
0.1335909366607666,-0.08,-0.466,-0.871,0.991
0.15320515632629395,-0.091,-0.472,-0.876,0.999
0.1549530029296875,-0.091,-0.472,-0.876,0.999
0.16244006156921387,-0.093,-0.483,-0.876,1.005
0.17328715324401855,-0.083,-0.485,-0.868,0.998
0.1861410140991211,-0.088,-0.481,-0.87,0.998
0.19274210929870605,-0.088,-0.478,-0.888,1.012
0.20378398895263672,-0.048,-0.495,-0.882,1.013
0.21274018287658691,-0.048,-0.501,-0.856,0.993
0.22400116920471191,-0.047,-0.499,-0.855,0.991
0.23447608947753906,-0.077,-0.488,-0.848,0.981
0.25443387031555176,-0.11,-0.492,-0.859,0.996
0.2549769878387451,-0.11,-0.492,-0.859,0.996
0.2632920742034912,-0.101,-0.504,-0.857,0.999
0.2739288806915283,-0.086,-0.506,-0.844,0.988
0.2873380184173584,-0.076,-0.5,-0.848,0.987
0.293612003326416,-0.084,-0.5,-0.843,0.984
0.3045179843902588,-0.08,-0.491,-0.81,0.951
0.31453704833984375,-0.072,-0.483,-0.793,0.931
0.3245871067047119,-0.058,-0.49,-0.798,0.938
0.3347971439361572,-0.057,-0.499,-0.793,0.939
0.35352492332458496,-0.095,-0.532,-0.787,0.955
0.35498690605163574,-0.095,-0.532,-0.787,0.955
0.36422204971313477,-0.069,-0.543,-0.766,0.941
0.3743870258331299,-0.079,-0.56,-0.784,0.967
0.3867380619049072,-0.091,-0.578,-0.802,0.993
0.3941972255706787,-0.082,-0.575,-0.799,0.988
0.4046170711517334,-0.098,-0.54,-0.803,0.973
0.4142749309539795,-0.117,-0.492,-0.868,1.005
0.4239671230316162,-0.082,-0.539,-0.793,0.962
0.43566393852233887,-0.084,-0.592,-0.72,0.936
0.45198988914489746,-0.091,-0.608,-0.705,0.935
0.4540719985961914,-0.082,-0.605,-0.712,0.938
0.4648621082305908,-0.075,-0.6,-0.707,0.93
0.47449803352355957,-0.062,-0.582,-0.691,0.906
0.48691606521606445,-0.055,-0.57,-0.704,0.907
0.49436116218566895,-0.079,-0.56,-0.751,0.94
0.5052390098571777,-0.171,-0.544,-0.784,0.969
0.5152320861816406,-0.299,-0.518,-0.729,0.943
0.5251200199127197,-0.384,-0.478,-0.612,0.866
0.5361402034759521,-0.415,-0.445,-0.526,0.804
0.5549829006195068,-0.213,-0.505,-0.527,0.76
0.5565850734710693,-0.213,-0.505,-0.527,0.76
0.5657269954681396,-0.152,-0.536,-0.65,0.856
0.5754170417785645,-0.257,-0.52,-0.677,0.892
0.5865499973297119,-0.375,-0.547,-0.622,0.909
0.5949180126190186,-0.111,-1.165,-0.502,1.273
0.6056790351867676,0.16,-1.482,-0.577,1.598
0.615319013595581,-0.056,-0.773,-0.468,0.905
0.6257150173187256,-0.127,-0.317,-0.545,0.643
0.6352732181549072,-0.042,-0.349,-0.581,0.679
0.658560037612915,-0.388,-0.493,-0.63,0.889
0.659081220626831,-0.388,-0.493,-0.63,0.889
0.6663281917572021,-0.363,-0.489,-0.6,0.855
0.6755359172821045,-0.276,-0.533,-0.582,0.836
0.6893551349639893,-0.294,-0.523,-0.594,0.844
0.6959412097930908,-0.283,-0.479,-0.586,0.808
0.706740140914917,-0.244,-0.432,-0.561,0.749
0.7175881862640381,-0.253,-0.421,-0.494,0.697
0.7266290187835693,-0.272,-0.379,-0.482,0.671
0.7369511127471924,-0.294,-0.344,-0.491,0.668
0.7559859752655029,-0.368,-0.301,-0.445,0.651
0.7579891681671143,-0.368,-0.301,-0.445,0.651
0.7667100429534912,-0.416,-0.265,-0.403,0.637
0.7765309810638428,-0.486,-0.25,-0.384,0.668
0.7891840934753418,-0.481,-0.224,-0.391,0.659
0.7966091632843018,-0.443,-0.185,-0.365,0.603
0.807081937789917,-0.441,-0.114,-0.276,0.533
0.8178420066833496,-0.443,-0.073,-0.226,0.503
0.8273351192474365,-0.484,-0.056,-0.255,0.55
0.837658166885376,-0.56,-0.055,-0.291,0.633
0.8571078777313232,-0.717,-0.118,-0.281,0.779
0.8589980602264404,-0.717,-0.118,-0.281,0.779
0.8672950267791748,-0.773,-0.1,-0.317,0.841
0.8773200511932373,-0.826,-0.088,-0.332,0.895
0.8895618915557861,-0.887,-0.101,-0.313,0.946
0.8973519802093506,-0.959,-0.106,-0.3,1.01
0.9073741436004639,-1.01,-0.077,-0.279,1.051
0.9186429977416992,-1.057,-0.033,-0.243,1.085
0.9278161525726318,-1.13,-0.02,-0.219,1.151
0.9382379055023193,-1.196,-0.011,-0.208,1.214
0.9573640823364258,-1.284,-0.041,-0.181,1.297
0.9588639736175537,-1.284,-0.041,-0.181,1.297
0.96834397315979,-1.318,-0.049,-0.182,1.331
0.9778039455413818,-1.334,-0.042,-0.184,1.347
0.9919400215148926,-1.329,-0.046,-0.172,1.341
0.9980862140655518,-1.301,-0.054,-0.15,1.311
1.0077378749847412,-1.319,-0.017,-0.126,1.325
1.018686056137085,-1.329,0.024,-0.09,1.332
1.0277791023254395,-1.351,0.047,-0.061,1.353
1.0390560626983643,-1.415,0.04,-0.028,1.416
1.0557911396026611,-1.482,-0.001,-0.024,1.482
1.0586769580841064,-1.513,-0.014,-0.059,1.514
1.067929983139038,-1.482,-0.016,-0.053,1.483
1.0782768726348877,-1.447,-0.033,-0.053,1.448
1.0910429954528809,-1.439,-0.018,-0.059,1.44
1.0985970497131348,-1.422,-0.004,-0.015,1.422
1.1088011264801025,-1.391,-0.011,0.02,1.391
1.1194541454315186,-1.355,-0.032,0.033,1.356
1.1295320987701416,-1.389,-0.041,0.051,1.391
1.1394379138946533,-1.433,-0.057,0.054,1.435
1.1588032245635986,-1.477,-0.136,0.057,1.484
1.1590402126312256,-1.477,-0.136,0.057,1.484
1.1687681674957275,-1.462,-0.155,0.071,1.472
1.1788671016693115,-1.439,-0.147,0.084,1.449
1.194504976272583,-1.412,-0.142,0.1,1.423
1.2318971157073975,-1.298,-0.116,0.115,1.308
1.2343308925628662,-1.298,-0.116,0.115,1.308
1.234666109085083,-1.298,-0.116,0.115,1.308
1.234833002090454,-1.298,-0.116,0.115,1.308
1.2384121417999268,-1.173,-0.063,0.146,1.184
1.2513959407806396,-1.144,-0.05,0.151,1.155
1.2588841915130615,-1.116,-0.035,0.139,1.125
1.2689249515533447,-1.095,-0.028,0.128,1.103
1.2791390419006348,-1.08,-0.024,0.121,1.087
1.2951509952545166,-1.074,-0.009,0.115,1.08
1.3003010749816895,-1.069,-0.007,0.107,1.074
1.310380220413208,-1.08,0.012,0.104,1.085
1.3210861682891846,-1.072,0.032,0.1,1.077
1.3301289081573486,-1.044,0.032,0.093,1.049
1.3417022228240967,-1.036,0.042,0.081,1.04
1.3562672138214111,-1.02,0.051,0.075,1.024
1.359713077545166,-1.004,0.034,0.072,1.007
1.3762118816375732,-0.991,0.07,0.023,0.994
2.018282175064087,-0.62,0.696,-0.111,0.939
2.0203349590301514,-0.62,0.696,-0.111,0.939
2.020703077316284,-0.62,0.696,-0.111,0.939
2.02136492729187,-0.62,0.696,-0.111,0.939
2.0219061374664307,-0.62,0.696,-0.111,0.939
2.022084951400757,-0.62,0.696,-0.111,0.939
2.0222840309143066,-0.62,0.696,-0.111,0.939
2.023699998855591,-0.675,0.671,-0.114,0.959
2.0238800048828125,-0.675,0.671,-0.114,0.959
2.024048089981079,-0.675,0.671,-0.114,0.959
2.024545907974243,-0.675,0.671,-0.114,0.959
2.0248820781707764,-0.675,0.671,-0.114,0.959
2.025290012359619,-0.675,0.671,-0.114,0.959
2.0256168842315674,-0.675,0.671,-0.114,0.959
2.0259439945220947,-0.675,0.671,-0.114,0.959
2.026283025741577,-0.675,0.671,-0.114,0.959
2.0266220569610596,-0.675,0.671,-0.114,0.959
2.0267889499664307,-0.675,0.671,-0.114,0.959
2.027285099029541,-0.675,0.671,-0.114,0.959
2.027458906173706,-0.675,0.671,-0.114,0.959
2.027959108352661,-0.675,0.671,-0.114,0.959
2.0282950401306152,-0.675,0.671,-0.114,0.959
2.028461217880249,-0.675,0.671,-0.114,0.959
2.0287959575653076,-0.675,0.671,-0.114,0.959
2.029526948928833,-0.675,0.671,-0.114,0.959
2.030025005340576,-0.675,0.671,-0.114,0.959
2.030524969100952,-0.675,0.671,-0.114,0.959
2.030977964401245,-0.675,0.671,-0.114,0.959
2.031316041946411,-0.675,0.671,-0.114,0.959
2.031644105911255,-0.675,0.671,-0.114,0.959
2.031977891921997,-0.675,0.671,-0.114,0.959
2.032327890396118,-0.675,0.671,-0.114,0.959
2.032654047012329,-0.675,0.671,-0.114,0.959
2.033621072769165,-0.726,0.655,-0.125,0.986
2.034540891647339,-0.726,0.655,-0.125,0.986
2.0350182056427,-0.726,0.655,-0.125,0.986
2.03537917137146,-0.726,0.655,-0.125,0.986
2.0357320308685303,-0.726,0.655,-0.125,0.986
2.0360920429229736,-0.726,0.655,-0.125,0.986
2.036447048187256,-0.726,0.655,-0.125,0.986
2.036834955215454,-0.726,0.655,-0.125,0.986
2.037274122238159,-0.726,0.655,-0.125,0.986
2.037703037261963,-0.726,0.655,-0.125,0.986
2.038137197494507,-0.726,0.655,-0.125,0.986
2.0385560989379883,-0.726,0.655,-0.125,0.986
2.0389249324798584,-0.726,0.655,-0.125,0.986
2.0392839908599854,-0.726,0.655,-0.125,0.986
2.0396389961242676,-0.726,0.655,-0.125,0.986
2.039997100830078,-0.726,0.655,-0.125,0.986
2.040379047393799,-0.726,0.655,-0.125,0.986
2.0407400131225586,-0.726,0.655,-0.125,0.986
2.0410890579223633,-0.726,0.655,-0.125,0.986
2.0414490699768066,-0.726,0.655,-0.125,0.986
2.041810989379883,-0.726,0.655,-0.125,0.986
2.0421690940856934,-0.726,0.655,-0.125,0.986
2.0425899028778076,-0.726,0.655,-0.125,0.986
2.0430960655212402,-0.773,0.651,-0.141,1.02
2.043201208114624,-0.773,0.651,-0.141,1.02
2.0433061122894287,-0.773,0.651,-0.141,1.02
2.0434041023254395,-0.773,0.651,-0.141,1.02
2.04350209236145,-0.773,0.651,-0.141,1.02
2.043600082397461,-0.773,0.651,-0.141,1.02
2.043700933456421,-0.773,0.651,-0.141,1.02
2.04380202293396,-0.773,0.651,-0.141,1.02
2.0449411869049072,-0.773,0.651,-0.141,1.02
2.044990062713623,-0.773,0.651,-0.141,1.02
2.045140027999878,-0.773,0.651,-0.141,1.02
2.0534679889678955,-0.82,0.646,-0.155,1.055
2.062978982925415,-0.857,0.641,-0.164,1.083
2.073996067047119,-0.885,0.639,-0.162,1.104
2.0843050479888916,-0.895,0.625,-0.143,1.101
2.09623122215271,-0.875,0.6,-0.113,1.067
2.104243040084839,-0.854,0.583,-0.084,1.037
2.1139190196990967,-0.842,0.583,-0.07,1.027
2.1242339611053467,-0.828,0.576,-0.06,1.01
2.1345489025115967,-0.806,0.578,-0.047,0.993
2.1446750164031982,-0.766,0.642,-0.036,1.0
62.88811421394348,-0.089,0.998,-0.073,1.005
62.888181924819946,-0.089,0.998,-0.073,1.005
62.88830590248108,-0.089,0.998,-0.073,1.005
62.88842511177063,-0.089,0.998,-0.073,1.005
62.88848614692688,-0.089,0.998,-0.073,1.005
62.888603925704956,-0.089,0.998,-0.073,1.005
62.88872313499451,-0.089,0.998,-0.073,1.005
62.88892722129822,-0.115,1.005,-0.058,1.013
62.88920998573303,-0.117,0.994,-0.079,1.004
62.889461040496826,-0.104,1.0,-0.085,1.009
62.88974118232727,-0.075,0.991,-0.101,0.999
62.889976024627686,-0.082,0.992,-0.095,1.0
62.89018106460571,-0.098,0.995,-0.094,1.004
62.89044690132141,-0.08,0.995,-0.104,1.004
62.890724897384644,-0.113,1.002,-0.087,1.012
62.89100408554077,-0.076,1.0,-0.086,1.007
62.891249895095825,-0.076,1.0,-0.086,1.007
62.891371965408325,-0.076,1.0,-0.086,1.007
62.89149308204651,-0.076,1.0,-0.086,1.007
62.891611099243164,-0.076,1.0,-0.086,1.007
62.89172911643982,-0.076,1.0,-0.086,1.007
62.89184594154358,-0.076,1.0,-0.086,1.007
62.89196300506592,-0.055,0.998,-0.096,1.004
62.89224410057068,-0.07,0.993,-0.108,1.001
62.89253902435303,-0.068,0.993,-0.113,1.002
62.89281606674194,-0.098,0.995,-0.074,1.003
62.893012046813965,-0.098,0.995,-0.074,1.003
62.89313101768494,-0.098,0.995,-0.074,1.003
62.89324903488159,-0.098,0.995,-0.074,1.003
62.89336705207825,-0.098,0.995,-0.074,1.003
62.89348387718201,-0.098,0.995,-0.074,1.003
62.89360213279724,-0.098,0.995,-0.074,1.003
62.89371991157532,-0.098,0.995,-0.074,1.003
62.89383816719055,-0.098,0.995,-0.074,1.003
62.89395594596863,-0.098,0.995,-0.074,1.003
62.89407300949097,-0.098,0.995,-0.074,1.003
62.89436602592468,-0.098,0.995,-0.074,1.003
62.8944890499115,-0.098,0.995,-0.074,1.003
62.89460587501526,-0.098,0.995,-0.074,1.003
62.89472413063049,-0.098,0.995,-0.074,1.003
62.89484190940857,-0.098,0.995,-0.074,1.003
62.894960165023804,-0.098,0.995,-0.074,1.003
62.89507794380188,-0.098,0.995,-0.074,1.003
62.89519715309143,-0.098,0.995,-0.074,1.003
62.895318031311035,-0.098,0.995,-0.074,1.003
62.89543604850769,-0.098,0.995,-0.074,1.003
62.89555501937866,-0.098,0.995,-0.074,1.003
62.895673990249634,-0.098,0.995,-0.074,1.003
62.895793199539185,-0.098,0.995,-0.074,1.003
62.89591097831726,-0.098,0.995,-0.074,1.003
62.89606595039368,-0.098,0.995,-0.074,1.003
62.89618420600891,-0.098,0.995,-0.074,1.003
62.89630198478699,-0.098,0.995,-0.074,1.003
62.89653301239014,-0.06,0.991,-0.115,0.999
62.89681005477905,-0.1,0.999,-0.082,1.007
62.8970901966095,-0.075,1.0,-0.098,1.008
62.89737606048584,-0.07,0.991,-0.102,0.999
62.89767503738403,-0.088,0.996,-0.08,1.003
62.89798307418823,-0.114,0.993,-0.08,1.003
62.89826416969299,-0.105,1.001,-0.068,1.009
62.8985641002655,-0.108,1.002,-0.02,1.008
62.89882493019104,-0.096,0.986,-0.037,0.991
62.89911103248596,-0.15,1.009,-0.03,1.021
62.89940094947815,-0.115,0.999,-0.06,1.007
62.89967608451843,-0.174,0.98,-0.03,0.996
62.8999559879303,-0.168,0.973,-0.025,0.988
62.90023899078369,-0.15,0.979,-0.083,0.994
62.90052390098572,-0.13,0.993,-0.043,1.002
62.90078806877136,-0.135,0.995,-0.064,1.006
62.90107607841492,-0.141,0.991,-0.074,1.004
62.90135908126831,-0.143,0.984,-0.074,0.997
62.90162014961243,-0.155,0.996,-0.065,1.01
62.90190505981445,-0.127,0.999,-0.067,1.009
62.9021852016449,-0.117,0.998,-0.066,1.007
62.902448892593384,-0.12,0.996,-0.06,1.005
62.90272808074951,-0.096,0.99,-0.087,0.998
62.903013944625854,-0.106,0.996,-0.086,1.005
62.903298139572144,-0.112,0.996,-0.076,1.005
62.90357995033264,-0.134,0.991,-0.067,1.002
62.90386199951172,-0.122,0.998,-0.082,1.009
62.90412402153015,-0.138,0.994,-0.067,1.006
62.9044029712677,-0.109,0.996,-0.08,1.005
62.904680013656616,-0.117,0.993,-0.068,1.002
62.9049608707428,-0.129,0.998,-0.065,1.008
62.905237913131714,-0.103,0.996,-0.084,1.005
62.90548491477966,-0.122,0.995,-0.077,1.005
62.905762910842896,-0.124,0.997,-0.078,1.008
62.906063079833984,-0.116,0.992,-0.083,1.002
62.90635299682617,-0.12,0.992,-0.078,1.002
62.90676403045654,-0.103,0.992,-0.085,1.001
62.90704798698425,-0.083,0.9947509765625,-0.081,1.001
62.90733504295349,-0.103,0.994,-0.084,1.003
62.90759801864624,-0.112,1.0,-0.062,1.008
62.90788817405701,-0.091,0.992,-0.091,1.0
62.9081609249115,-0.103,0.996,-0.072,1.004
62.90841221809387,-0.096,0.993,-0.085,1.001
62.90869212150574,-0.1,1.0,-0.089,1.009
62.90938210487366,0.169,0.991,-0.084,0.998
62.90990400314331,-0.1,0.992,-0.073,1.0
62.910037994384766,-0.1,0.992,-0.073,1.0
62.910163164138794,-0.1,0.992,-0.073,1.0
62.910284996032715,-0.1,0.992,-0.073,1.0
62.910404920578,-0.1,0.992,-0.073,1.0
62.91052508354187,-0.1,0.992,-0.073,1.0
62.91064405441284,-0.1,0.992,-0.073,1.0
62.9107620716095,-0.1,0.992,-0.073,1.0
62.91093897819519,-0.1,0.992,-0.073,1.0
62.911115884780884,-0.1,0.992,-0.073,1.0
62.91117596626282,-0.1,0.992,-0.073,1.0
62.91129517555237,-0.1,0.992,-0.073,1.0
62.911412954330444,-0.1,0.992,-0.073,1.0
62.911535024642944,-0.1,0.992,-0.073,1.0
62.911653995513916,-0.1,0.992,-0.073,1.0
62.91177201271057,-0.1,0.992,-0.073,1.0
62.91189002990723,-0.1,0.992,-0.073,1.0
62.912015199661255,-0.1,0.992,-0.073,1.0
62.91213297843933,-0.1,0.992,-0.073,1.0
62.912250995635986,-0.1,0.992,-0.073,1.0
62.91290807723999,-0.1,0.992,-0.073,1.0
62.91302704811096,-0.1,0.992,-0.073,1.0
62.91314911842346,-0.1,0.992,-0.073,1.0
62.913269996643066,-0.1,0.992,-0.073,1.0
62.913392066955566,-0.1,0.992,-0.073,1.0
62.91411089897156,-0.1,0.992,-0.073,1.0
62.91422915458679,-0.1,0.992,-0.073,1.0
62.91434597969055,-0.1,0.992,-0.073,1.0
62.91446304321289,-0.1,0.992,-0.073,1.0
62.91458010673523,-0.1,0.992,-0.073,1.0
62.91469693183899,-0.1,0.992,-0.073,1.0
62.91481399536133,-0.1,0.992,-0.073,1.0
62.91493105888367,-0.1,0.992,-0.073,1.0
62.91504788398743,-0.1,0.992,-0.073,1.0
62.915165185928345,-0.1,0.992,-0.073,1.0
62.915282011032104,-0.1,0.992,-0.073,1.0
62.91540002822876,-0.1,0.992,-0.073,1.0
62.91551613807678,-0.1,0.992,-0.073,1.0
62.91563296318054,-0.1,0.992,-0.073,1.0
62.915751218795776,-0.1,0.992,-0.073,1.0
62.91586709022522,-0.1,0.992,-0.073,1.0
62.91598391532898,0.177,-0.452,-0.892,1.016
62.91629910469055,0.177,-0.452,-0.892,1.016
62.91642117500305,0.177,-0.452,-0.892,1.016
62.91654109954834,0.177,-0.452,-0.892,1.016
62.916659116744995,0.177,-0.452,-0.892,1.016
62.91677808761597,0.177,-0.452,-0.892,1.016
62.91689610481262,0.177,-0.452,-0.892,1.016
62.917015075683594,0.177,-0.452,-0.892,1.016
62.91713309288025,0.177,-0.452,-0.892,1.016
62.917250871658325,0.177,-0.452,-0.892,1.016
62.917370080947876,0.177,-0.452,-0.892,1.016
62.91748809814453,0.177,-0.452,-0.892,1.016
62.91760611534119,0.177,-0.452,-0.892,1.016
62.91772389411926,0.177,-0.452,-0.892,1.016
62.9178421497345,0.177,-0.452,-0.892,1.016
62.91795992851257,0.177,-0.452,-0.892,1.016
62.91807699203491,0.177,-0.452,-0.892,1.016
62.91819500923157,0.177,-0.452,-0.892,1.016
62.918315172195435,0.177,-0.452,-0.892,1.016
62.91843819618225,0.177,-0.452,-0.892,1.016
62.91856002807617,0.177,-0.452,-0.892,1.016
62.91868209838867,0.177,-0.452,-0.892,1.016
62.91880488395691,0.177,-0.452,-0.892,1.016
62.91892695426941,0.177,-0.452,-0.892,1.016
62.919049978256226,0.177,-0.452,-0.892,1.016
62.91916799545288,0.177,-0.452,-0.892,1.016
62.919286012649536,0.177,-0.452,-0.892,1.016
62.91940402984619,0.177,-0.452,-0.892,1.016
62.919520139694214,0.177,-0.452,-0.892,1.016
62.91961908340454,0.177,-0.452,-0.892,1.016
62.91972088813782,0.177,-0.452,-0.892,1.016
62.919821977615356,0.177,-0.452,-0.892,1.016
62.919923067092896,0.177,-0.452,-0.892,1.016
62.92010521888733,0.177,-0.452,-0.892,1.016
62.92020606994629,0.177,-0.452,-0.892,1.016
62.92030596733093,0.177,-0.452,-0.892,1.016
62.92040705680847,0.177,-0.452,-0.892,1.016
62.920511960983276,0.177,-0.452,-0.892,1.016
62.920615911483765,0.177,-0.452,-0.892,1.016
62.92071604728699,0.177,-0.452,-0.892,1.016
62.920814990997314,0.177,-0.452,-0.892,1.016
62.92091608047485,0.177,-0.452,-0.892,1.016
62.9210159778595,0.177,-0.452,-0.892,1.016
62.921117067337036,0.177,-0.452,-0.892,1.016
62.921218156814575,0.177,-0.452,-0.892,1.016
62.92132019996643,0.177,-0.452,-0.892,1.016
62.92142200469971,0.177,-0.452,-0.892,1.016
62.921523094177246,0.177,-0.452,-0.892,1.016
62.921623945236206,0.177,-0.452,-0.892,1.016
62.921727895736694,0.177,-0.452,-0.892,1.016
62.921830892562866,0.177,-0.452,-0.892,1.016
62.921931982040405,0.177,-0.452,-0.892,1.016
62.922033071517944,0.177,-0.452,-0.892,1.016
62.92213201522827,0.177,-0.452,-0.892,1.016
62.922231912612915,0.177,-0.452,-0.892,1.016
62.92233204841614,0.177,-0.452,-0.892,1.016
62.9229040145874,0.177,-0.452,-0.892,1.016
62.92330503463745,0.177,-0.452,-0.892,1.016
62.92364501953125,0.177,-0.452,-0.892,1.016
62.92399001121521,0.177,-0.452,-0.892,1.016
62.924153089523315,0.177,-0.452,-0.892,1.016
62.92430090904236,0.177,-0.452,-0.892,1.016
62.92444205284119,0.177,-0.452,-0.892,1.016
62.924583196640015,0.177,-0.452,-0.892,1.016
62.92473006248474,0.177,-0.452,-0.892,1.016
62.92486906051636,0.177,-0.452,-0.892,1.016
62.92500901222229,0.177,-0.452,-0.892,1.016
62.925148010253906,0.177,-0.452,-0.892,1.016
62.92529106140137,0.177,-0.452,-0.892,1.016
62.925431966781616,0.177,-0.452,-0.892,1.016
62.9255530834198,0.177,-0.452,-0.892,1.016
62.92598509788513,0.177,-0.452,-0.892,1.016
62.92619705200195,0.177,-0.452,-0.892,1.016
62.92633008956909,0.177,-0.452,-0.892,1.016
62.92678904533386,0.192,-0.444,-0.899,1.021
62.92691206932068,0.192,-0.444,-0.899,1.021
62.92703104019165,0.192,-0.444,-0.899,1.021
62.92719388008118,0.192,-0.444,-0.899,1.021
62.92731809616089,0.192,-0.444,-0.899,1.021
62.92743802070618,0.192,-0.444,-0.899,1.021
62.928016901016235,0.192,-0.444,-0.899,1.021
62.928558111190796,0.192,-0.444,-0.899,1.021
62.92868494987488,0.192,-0.444,-0.899,1.021
62.92881107330322,0.192,-0.444,-0.899,1.021
62.92893600463867,0.192,-0.444,-0.899,1.021
62.92905592918396,0.192,-0.444,-0.899,1.021
62.92921304702759,0.192,-0.444,-0.899,1.021
62.92933201789856,0.192,-0.444,-0.899,1.021
62.92945098876953,0.192,-0.444,-0.899,1.021
62.92957091331482,0.192,-0.444,-0.899,1.021
62.929689168930054,0.192,-0.444,-0.899,1.021
62.92980909347534,0.192,-0.444,-0.899,1.021
62.929927110672,0.192,-0.444,-0.899,1.021
62.930047035217285,0.192,-0.444,-0.899,1.021
62.93016600608826,0.192,-0.444,-0.899,1.021
62.93028402328491,0.192,-0.444,-0.899,1.021
62.93040204048157,0.192,-0.444,-0.899,1.021
62.93052315711975,0.192,-0.444,-0.899,1.021
62.930641889572144,0.192,-0.444,-0.899,1.021
62.93076014518738,0.192,-0.444,-0.899,1.021
62.930877923965454,0.192,-0.444,-0.899,1.021
62.93099617958069,0.192,-0.444,-0.899,1.021
62.93111491203308,0.192,-0.444,-0.899,1.021
62.931238889694214,0.192,-0.444,-0.899,1.021
62.93135714530945,0.192,-0.444,-0.899,1.021
62.931474924087524,0.192,-0.444,-0.899,1.021
62.93159317970276,0.192,-0.444,-0.899,1.021
62.93171000480652,0.192,-0.444,-0.899,1.021
62.93182921409607,0.192,-0.444,-0.899,1.021
62.931946992874146,0.192,-0.444,-0.899,1.021
62.93206810951233,0.192,-0.444,-0.899,1.021
62.9321870803833,0.192,-0.444,-0.899,1.021
62.932305097579956,0.192,-0.444,-0.899,1.021
62.93242406845093,0.192,-0.444,-0.899,1.021
62.9325430393219,0.192,-0.444,-0.899,1.021
62.932661056518555,0.192,-0.444,-0.899,1.021
62.932780027389526,0.192,-0.444,-0.899,1.021
62.93289804458618,0.192,-0.444,-0.899,1.021
62.93301701545715,0.192,-0.444,-0.899,1.021
62.933136224746704,0.192,-0.444,-0.899,1.021
62.93325400352478,0.192,-0.444,-0.899,1.021
62.93337321281433,0.192,-0.444,-0.899,1.021
62.93349099159241,0.192,-0.444,-0.899,1.021
62.93360900878906,0.192,-0.444,-0.899,1.021
62.93372702598572,0.192,-0.444,-0.899,1.021
62.93384408950806,0.192,-0.444,-0.899,1.021
62.93396210670471,0.192,-0.444,-0.899,1.021
62.93407988548279,0.192,-0.444,-0.899,1.021
62.93419814109802,0.192,-0.444,-0.899,1.021
62.934316873550415,0.192,-0.444,-0.899,1.021
62.93443417549133,0.192,-0.444,-0.899,1.021
62.93455195426941,0.192,-0.444,-0.899,1.021
62.934670209884644,0.192,-0.444,-0.899,1.021
62.93478798866272,0.192,-0.444,-0.899,1.021
62.93490505218506,0.192,-0.444,-0.899,1.021
62.93502402305603,0.192,-0.444,-0.899,1.021
62.935142993927,0.192,-0.444,-0.899,1.021
62.93526291847229,0.192,-0.444,-0.899,1.021
62.935381174087524,0.192,-0.444,-0.899,1.021
62.935697078704834,0.192,-0.444,-0.899,1.021
62.935835123062134,0.192,-0.444,-0.899,1.021
62.935957193374634,0.192,-0.444,-0.899,1.021
62.936075925827026,0.208,-0.44,-0.897,1.021
62.936436891555786,0.208,-0.44,-0.897,1.021
62.93655705451965,0.208,-0.44,-0.897,1.021
62.93667507171631,0.208,-0.44,-0.897,1.021
62.936793088912964,0.208,-0.44,-0.897,1.021
62.93691110610962,0.208,-0.44,-0.897,1.021
62.937029123306274,0.208,-0.44,-0.897,1.021
62.93720507621765,0.208,-0.44,-0.897,1.021
62.937265157699585,0.208,-0.44,-0.897,1.021
62.93744111061096,0.208,-0.44,-0.897,1.021
62.9375,0.208,-0.44,-0.897,1.021
62.937618017196655,0.208,-0.44,-0.897,1.021
62.93767809867859,0.208,-0.44,-0.897,1.021
62.93785309791565,0.208,-0.44,-0.897,1.021
62.938029050827026,0.208,-0.44,-0.897,1.021
62.938088178634644,0.208,-0.44,-0.897,1.021
62.93820595741272,0.208,-0.44,-0.897,1.021
62.93832302093506,0.208,-0.44,-0.897,1.021
62.938441038131714,0.208,-0.44,-0.897,1.021
62.93855810165405,0.208,-0.44,-0.897,1.021
62.93867516517639,0.208,-0.44,-0.897,1.021
62.93879294395447,0.208,-0.44,-0.897,1.021
62.93891000747681,0.208,-0.44,-0.897,1.021
62.939027070999146,0.208,-0.44,-0.897,1.021
62.939143896102905,0.208,-0.44,-0.897,1.021
62.93926787376404,0.208,-0.44,-0.897,1.021
62.9394052028656,0.208,-0.44,-0.897,1.021
62.939542055130005,0.208,-0.44,-0.897,1.021
62.939680099487305,0.208,-0.44,-0.897,1.021
62.93981719017029,0.208,-0.44,-0.897,1.021
62.93995499610901,0.208,-0.44,-0.897,1.021
62.94009208679199,0.208,-0.44,-0.897,1.021
62.94022822380066,0.208,-0.44,-0.897,1.021
62.940366983413696,0.208,-0.44,-0.897,1.021
62.94050407409668,0.208,-0.44,-0.897,1.021
62.94064116477966,0.208,-0.44,-0.897,1.021
62.94077801704407,0.208,-0.44,-0.897,1.021
62.94091486930847,0.208,-0.44,-0.897,1.021
62.94105315208435,0.208,-0.44,-0.897,1.021
62.941190004348755,0.208,-0.44,-0.897,1.021
62.94132709503174,0.208,-0.44,-0.897,1.021
62.94146513938904,0.208,-0.44,-0.897,1.021
62.941603899002075,0.208,-0.44,-0.897,1.021
62.94174098968506,0.208,-0.44,-0.897,1.021
62.94187808036804,0.208,-0.44,-0.897,1.021
62.942014932632446,0.208,-0.44,-0.897,1.021
62.942172050476074,0.208,-0.44,-0.897,1.021
62.942436933517456,0.208,-0.44,-0.897,1.021
62.94262099266052,0.208,-0.44,-0.897,1.021
62.94276809692383,0.208,-0.44,-0.897,1.021
62.94290900230408,0.208,-0.44,-0.897,1.021
62.94304919242859,0.208,-0.44,-0.897,1.021
62.94319009780884,0.208,-0.44,-0.897,1.021
62.94333004951477,0.208,-0.44,-0.897,1.021
62.9434700012207,0.208,-0.44,-0.897,1.021
62.943609952926636,0.208,-0.44,-0.897,1.021
62.94375014305115,0.208,-0.44,-0.897,1.021
62.9438910484314,0.208,-0.44,-0.897,1.021
62.944031953811646,0.208,-0.44,-0.897,1.021
62.94417595863342,0.208,-0.44,-0.897,1.021
62.94432187080383,0.208,-0.44,-0.897,1.021
62.94446396827698,0.208,-0.44,-0.897,1.021
62.94460415840149,0.208,-0.44,-0.897,1.021
62.944742918014526,0.208,-0.44,-0.897,1.021
62.94489002227783,0.208,-0.44,-0.897,1.021
62.94502902030945,0.208,-0.44,-0.897,1.021
62.945168018341064,0.208,-0.44,-0.897,1.021
62.945295095443726,0.208,-0.44,-0.897,1.021
62.9454128742218,0.208,-0.44,-0.897,1.021
62.94554305076599,0.208,-0.44,-0.897,1.021
62.94566798210144,0.208,-0.44,-0.897,1.021
62.94578719139099,0.208,-0.44,-0.897,1.021
62.94591212272644,0.208,-0.44,-0.897,1.021
62.94605994224548,0.208,-0.44,-0.897,1.021
62.94642615318298,0.209,-0.444,-0.893,1.019
62.94655108451843,0.209,-0.444,-0.893,1.019
62.946672201156616,0.209,-0.444,-0.893,1.019
62.946791887283325,0.209,-0.444,-0.893,1.019
62.946911096572876,0.209,-0.444,-0.893,1.019
62.94703006744385,0.209,-0.444,-0.893,1.019
62.94714903831482,0.209,-0.444,-0.893,1.019
62.94726800918579,0.209,-0.444,-0.893,1.019
62.94738698005676,0.209,-0.444,-0.893,1.019
62.94750499725342,0.209,-0.444,-0.893,1.019
62.94762921333313,0.209,-0.444,-0.893,1.019
62.947746992111206,0.209,-0.444,-0.893,1.019
62.94786810874939,0.209,-0.444,-0.893,1.019
62.947985887527466,0.209,-0.444,-0.893,1.019
62.9481041431427,0.209,-0.444,-0.893,1.019
62.948221921920776,0.209,-0.444,-0.893,1.019
62.94834017753601,0.209,-0.444,-0.893,1.019
62.94847106933594,0.209,-0.444,-0.893,1.019
62.94858908653259,0.209,-0.444,-0.893,1.019
62.94870710372925,0.209,-0.444,-0.893,1.019
62.9488251209259,0.209,-0.444,-0.893,1.019
62.94894289970398,0.209,-0.444,-0.893,1.019
62.94906687736511,0.209,-0.444,-0.893,1.019
62.94918513298035,0.209,-0.444,-0.893,1.019
62.94930291175842,0.209,-0.444,-0.893,1.019
62.94942116737366,0.209,-0.444,-0.893,1.019
62.94953799247742,0.209,-0.444,-0.893,1.019
62.94965600967407,0.209,-0.444,-0.893,1.019
62.94977402687073,0.209,-0.444,-0.893,1.019
62.94989204406738,0.209,-0.444,-0.893,1.019
62.95000910758972,0.209,-0.444,-0.893,1.019
62.95012807846069,0.209,-0.444,-0.893,1.019
62.95024609565735,0.209,-0.444,-0.893,1.019
62.950363874435425,0.209,-0.444,-0.893,1.019
62.95048213005066,0.209,-0.444,-0.893,1.019
62.950599908828735,0.209,-0.444,-0.893,1.019
62.95071816444397,0.209,-0.444,-0.893,1.019
62.950835943222046,0.209,-0.444,-0.893,1.019
62.95095419883728,0.209,-0.444,-0.893,1.019
62.95107293128967,0.209,-0.444,-0.893,1.019
62.95119309425354,0.209,-0.444,-0.893,1.019
62.95131206512451,0.209,-0.444,-0.893,1.019
62.95143103599548,0.209,-0.444,-0.893,1.019
62.95154905319214,0.209,-0.444,-0.893,1.019
62.95166802406311,0.209,-0.444,-0.893,1.019
62.95178699493408,0.209,-0.444,-0.893,1.019
62.95190405845642,0.209,-0.444,-0.893,1.019
62.952022075653076,0.209,-0.444,-0.893,1.019
62.95214009284973,0.209,-0.444,-0.893,1.019
62.9522590637207,0.209,-0.444,-0.893,1.019
62.95237612724304,0.209,-0.444,-0.893,1.019
62.952508211135864,0.209,-0.444,-0.893,1.019
62.95262598991394,0.209,-0.444,-0.893,1.019
62.95274305343628,0.209,-0.444,-0.893,1.019
62.952861070632935,0.209,-0.444,-0.893,1.019
62.95297908782959,0.209,-0.444,-0.893,1.019
62.953097105026245,0.209,-0.444,-0.893,1.019
62.95321488380432,0.209,-0.444,-0.893,1.019
62.95333504676819,0.209,-0.444,-0.893,1.019
62.953453063964844,0.209,-0.444,-0.893,1.019
62.95358109474182,0.209,-0.444,-0.893,1.019
62.9536988735199,0.209,-0.444,-0.893,1.019
62.95381712913513,0.209,-0.444,-0.893,1.019
62.9539361000061,0.209,-0.444,-0.893,1.019
62.954055070877075,0.209,-0.444,-0.893,1.019
62.95417308807373,0.209,-0.444,-0.893,1.019
62.954291105270386,0.209,-0.444,-0.893,1.019
62.95440888404846,0.209,-0.444,-0.893,1.019
62.95452618598938,0.209,-0.444,-0.893,1.019
62.954643964767456,0.209,-0.444,-0.893,1.019
62.95476222038269,0.209,-0.444,-0.893,1.019
62.95487999916077,0.209,-0.444,-0.893,1.019
62.954997062683105,0.209,-0.444,-0.893,1.019
62.95511794090271,0.209,-0.444,-0.893,1.019
62.955236196517944,0.209,-0.444,-0.893,1.019
62.95535492897034,0.209,-0.444,-0.893,1.019
62.95547413825989,0.209,-0.444,-0.893,1.019
62.95559096336365,0.209,-0.444,-0.893,1.019
62.9557101726532,0.209,-0.444,-0.893,1.019
62.955827951431274,0.209,-0.444,-0.893,1.019
62.95594501495361,0.209,-0.444,-0.893,1.019
62.9560821056366,0.209,-0.444,-0.893,1.019
62.95620107650757,0.207,-0.447,-0.911,1.036
62.956549882888794,0.207,-0.447,-0.911,1.036
62.95667099952698,0.207,-0.447,-0.911,1.036
62.95679020881653,0.207,-0.447,-0.911,1.036
62.95690703392029,0.207,-0.447,-0.911,1.036
62.95702505111694,0.207,-0.447,-0.911,1.036
62.95714211463928,0.207,-0.447,-0.911,1.036
62.95725989341736,0.207,-0.447,-0.911,1.036
62.957377195358276,0.207,-0.447,-0.911,1.036
62.957494020462036,0.207,-0.447,-0.911,1.036
62.957611083984375,0.207,-0.447,-0.911,1.036
62.95772910118103,0.207,-0.447,-0.911,1.036
62.957854986190796,0.207,-0.447,-0.911,1.036
62.95797514915466,0.207,-0.447,-0.911,1.036
62.95810103416443,0.207,-0.447,-0.911,1.036
62.958219051361084,0.207,-0.447,-0.911,1.036
62.95833706855774,0.207,-0.447,-0.911,1.036
62.958455085754395,0.207,-0.447,-0.911,1.036
62.95857214927673,0.207,-0.447,-0.911,1.036
62.95869994163513,0.207,-0.447,-0.911,1.036
62.95881700515747,0.207,-0.447,-0.911,1.036
62.9589421749115,0.207,-0.447,-0.911,1.036
62.959134101867676,0.207,-0.447,-0.911,1.036
62.95925307273865,0.207,-0.447,-0.911,1.036
62.95937204360962,0.207,-0.447,-0.911,1.036
62.95949101448059,0.207,-0.447,-0.911,1.036
62.959609031677246,0.207,-0.447,-0.911,1.036
62.959726095199585,0.207,-0.447,-0.911,1.036
62.95984387397766,0.207,-0.447,-0.911,1.036
62.95996022224426,0.207,-0.447,-0.911,1.036
62.96007800102234,0.207,-0.447,-0.911,1.036
62.96019387245178,0.207,-0.447,-0.911,1.036
62.9603111743927,0.207,-0.447,-0.911,1.036
62.96042799949646,0.207,-0.447,-0.911,1.036
62.9605450630188,0.207,-0.447,-0.911,1.036
62.96066212654114,0.207,-0.447,-0.911,1.036
62.9607789516449,0.207,-0.447,-0.911,1.036
62.960896015167236,0.207,-0.447,-0.911,1.036
62.961013078689575,0.207,-0.447,-0.911,1.036
62.96112608909607,0.207,-0.447,-0.911,1.036
62.96123290061951,0.207,-0.447,-0.911,1.036
62.96134114265442,0.207,-0.447,-0.911,1.036
62.961447954177856,0.207,-0.447,-0.911,1.036
62.96155500411987,0.207,-0.447,-0.911,1.036
62.96166396141052,0.207,-0.447,-0.911,1.036
62.961772203445435,0.207,-0.447,-0.911,1.036
62.96199822425842,0.207,-0.447,-0.911,1.036
62.9622220993042,0.207,-0.447,-0.911,1.036
62.96234107017517,0.207,-0.447,-0.911,1.036
62.962456941604614,0.207,-0.447,-0.911,1.036
62.96256995201111,0.207,-0.447,-0.911,1.036
62.96268701553345,0.207,-0.447,-0.911,1.036
62.9627959728241,0.207,-0.447,-0.911,1.036
62.962905168533325,0.207,-0.447,-0.911,1.036
62.96301603317261,0.207,-0.447,-0.911,1.036
62.96312999725342,0.207,-0.447,-0.911,1.036
62.96324300765991,0.207,-0.447,-0.911,1.036
62.96335506439209,0.207,-0.447,-0.911,1.036
62.963468074798584,0.207,-0.447,-0.911,1.036
62.96357607841492,0.207,-0.447,-0.911,1.036
62.96368408203125,0.207,-0.447,-0.911,1.036
62.96379208564758,0.207,-0.447,-0.911,1.036
62.963900089263916,0.207,-0.447,-0.911,1.036
62.964017152786255,0.207,-0.447,-0.911,1.036
62.96412396430969,0.207,-0.447,-0.911,1.036
62.96423411369324,0.207,-0.447,-0.911,1.036
62.96434187889099,0.207,-0.447,-0.911,1.036
62.96444916725159,0.207,-0.447,-0.911,1.036
62.964555978775024,0.207,-0.447,-0.911,1.036
62.9646110534668,0.207,-0.447,-0.911,1.036
62.964771032333374,0.207,-0.447,-0.911,1.036
62.96493220329285,0.207,-0.447,-0.911,1.036
62.96498703956604,0.207,-0.447,-0.911,1.036
62.96514701843262,0.207,-0.447,-0.911,1.036
62.96520209312439,0.207,-0.447,-0.911,1.036
62.96531105041504,0.207,-0.447,-0.911,1.036
62.96547293663025,0.207,-0.447,-0.911,1.036
62.965527057647705,0.207,-0.447,-0.911,1.036
62.9656879901886,0.207,-0.447,-0.911,1.036
62.96574306488037,0.207,-0.447,-0.911,1.036
62.96585011482239,0.207,-0.447,-0.911,1.036
62.965903997421265,0.207,-0.447,-0.911,1.036
62.966073989868164,0.207,-0.447,-0.911,1.036
62.9661819934845,0.207,-0.447,-0.911,1.036
62.966289043426514,0.207,-0.447,-0.911,1.036
62.96639704704285,0.197,-0.452,-0.903,1.029
62.96677899360657,0.197,-0.452,-0.903,1.029
62.96689200401306,0.197,-0.452,-0.903,1.029
62.96700406074524,0.197,-0.452,-0.903,1.029
62.967114210128784,0.197,-0.452,-0.903,1.029
62.967222929000854,0.197,-0.452,-0.903,1.029
62.96734690666199,0.197,-0.452,-0.903,1.029
62.96747612953186,0.197,-0.452,-0.903,1.029
62.96758699417114,0.197,-0.452,-0.903,1.029
62.96769595146179,0.197,-0.452,-0.903,1.029
62.967804193496704,0.197,-0.452,-0.903,1.029
62.96791195869446,0.197,-0.452,-0.903,1.029
62.96802020072937,0.197,-0.452,-0.903,1.029
62.96812701225281,0.197,-0.452,-0.903,1.029
62.96818208694458,0.197,-0.452,-0.903,1.029
62.968343019485474,0.197,-0.452,-0.903,1.029
62.96845006942749,0.197,-0.452,-0.903,1.029
62.96855807304382,0.197,-0.452,-0.903,1.029
62.96866488456726,0.197,-0.452,-0.903,1.029
62.96882605552673,0.197,-0.452,-0.903,1.029
62.96887993812561,0.197,-0.452,-0.903,1.029
62.96893501281738,0.197,-0.452,-0.903,1.029
62.969091176986694,0.197,-0.452,-0.903,1.029
62.96919798851013,0.197,-0.452,-0.903,1.029
62.969298124313354,0.197,-0.452,-0.903,1.029
62.96939706802368,0.197,-0.452,-0.903,1.029
62.96949601173401,0.197,-0.452,-0.903,1.029
62.969595193862915,0.197,-0.452,-0.903,1.029
62.9697060585022,0.197,-0.452,-0.903,1.029
62.969805002212524,0.197,-0.452,-0.903,1.029
62.96990513801575,0.197,-0.452,-0.903,1.029
62.970004081726074,0.197,-0.452,-0.903,1.029
62.970104932785034,0.197,-0.452,-0.903,1.029
62.97020411491394,0.197,-0.452,-0.903,1.029
62.97030305862427,0.197,-0.452,-0.903,1.029
62.970402002334595,0.197,-0.452,-0.903,1.029
62.9705011844635,0.197,-0.452,-0.903,1.029
62.97061204910278,0.197,-0.452,-0.903,1.029
62.97071099281311,0.197,-0.452,-0.903,1.029
62.970813035964966,0.197,-0.452,-0.903,1.029
62.97091317176819,0.197,-0.452,-0.903,1.029
62.97101187705994,0.197,-0.452,-0.903,1.029
62.97111201286316,0.197,-0.452,-0.903,1.029
62.9712610244751,0.197,-0.452,-0.903,1.029
62.97136092185974,0.197,-0.452,-0.903,1.029
62.97141098976135,0.197,-0.452,-0.903,1.029
62.97151017189026,0.197,-0.452,-0.903,1.029
62.9716100692749,0.197,-0.452,-0.903,1.029
62.97170901298523,0.197,-0.452,-0.903,1.029
62.971808195114136,0.197,-0.452,-0.903,1.029
62.97190809249878,0.197,-0.452,-0.903,1.029
62.972007036209106,0.197,-0.452,-0.903,1.029
62.972058057785034,0.197,-0.452,-0.903,1.029
62.97220587730408,0.197,-0.452,-0.903,1.029
62.97230505943298,0.197,-0.452,-0.903,1.029
62.97240400314331,0.197,-0.452,-0.903,1.029
62.97245407104492,0.197,-0.452,-0.903,1.029
62.97250509262085,0.197,-0.452,-0.903,1.029
62.972652196884155,0.197,-0.452,-0.903,1.029
62.97270202636719,0.197,-0.452,-0.903,1.029
62.97285008430481,0.197,-0.452,-0.903,1.029
62.97295117378235,0.197,-0.452,-0.903,1.029
62.973000049591064,0.197,-0.452,-0.903,1.029
62.97314405441284,0.197,-0.452,-0.903,1.029
62.97319197654724,0.197,-0.452,-0.903,1.029
62.97333598136902,0.197,-0.452,-0.903,1.029
62.97338509559631,0.197,-0.452,-0.903,1.029
62.97352910041809,0.197,-0.452,-0.903,1.029
62.97362494468689,0.197,-0.452,-0.903,1.029
62.97372221946716,0.197,-0.452,-0.903,1.029
62.97377109527588,0.197,-0.452,-0.903,1.029
62.973915100097656,0.197,-0.452,-0.903,1.029
62.974021196365356,0.197,-0.452,-0.903,1.029
62.97407102584839,0.197,-0.452,-0.903,1.029
62.974215030670166,0.197,-0.452,-0.903,1.029
62.97426509857178,0.197,-0.452,-0.903,1.029
62.974409103393555,0.197,-0.452,-0.903,1.029
62.97451400756836,0.197,-0.452,-0.903,1.029
62.974611043930054,0.197,-0.452,-0.903,1.029
62.974759101867676,0.197,-0.452,-0.903,1.029
62.97480797767639,0.197,-0.452,-0.903,1.029
62.97490406036377,0.197,-0.452,-0.903,1.029
62.975001096725464,0.197,-0.452,-0.903,1.029
62.97509694099426,0.197,-0.452,-0.903,1.029
62.975194215774536,0.197,-0.452,-0.903,1.029
62.97524309158325,0.197,-0.452,-0.903,1.029
62.97538709640503,0.197,-0.452,-0.903,1.029
62.97548317909241,0.197,-0.452,-0.903,1.029
62.97553205490112,0.197,-0.452,-0.903,1.029
62.97576594352722,0.197,-0.452,-0.903,1.029
62.975821018218994,0.197,-0.452,-0.903,1.029
62.97592306137085,0.197,-0.452,-0.903,1.029
62.97602105140686,0.197,-0.452,-0.903,1.029
62.976213216781616,0.197,-0.452,-0.903,1.029
62.97626209259033,0.197,-0.452,-0.903,1.029
62.976365089416504,0.177,-0.454,-0.884,1.009
62.976694107055664,0.177,-0.454,-0.884,1.009
62.976743936538696,0.177,-0.454,-0.884,1.009
62.97688889503479,0.177,-0.454,-0.884,1.009
62.97698521614075,0.177,-0.454,-0.884,1.009
62.977081060409546,0.177,-0.454,-0.884,1.009
62.97713017463684,0.177,-0.454,-0.884,1.009
62.97722601890564,0.177,-0.454,-0.884,1.009
62.97732210159302,0.177,-0.454,-0.884,1.009
62.97737097740173,0.177,-0.454,-0.884,1.009
62.977514028549194,0.177,-0.454,-0.884,1.009
62.97760987281799,0.177,-0.454,-0.884,1.009
62.977705001831055,0.177,-0.454,-0.884,1.009
62.97784900665283,0.177,-0.454,-0.884,1.009
62.97789692878723,0.177,-0.454,-0.884,1.009
62.97799301147461,0.177,-0.454,-0.884,1.009
62.97808909416199,0.177,-0.454,-0.884,1.009
62.978184938430786,0.177,-0.454,-0.884,1.009
62.978281021118164,0.177,-0.454,-0.884,1.009
62.97842288017273,0.177,-0.454,-0.884,1.009
62.978471994400024,0.177,-0.454,-0.884,1.009
62.97856688499451,0.177,-0.454,-0.884,1.009
62.978710889816284,0.177,-0.454,-0.884,1.009
62.978806018829346,0.177,-0.454,-0.884,1.009
62.97890305519104,0.177,-0.454,-0.884,1.009
62.97895121574402,0.177,-0.454,-0.884,1.009
62.9790940284729,0.177,-0.454,-0.884,1.009
62.979142904281616,0.177,-0.454,-0.884,1.009
62.9792959690094,0.177,-0.454,-0.884,1.009
62.97934603691101,0.177,-0.454,-0.884,1.009
62.97944188117981,0.177,-0.454,-0.884,1.009
62.979490995407104,0.177,-0.454,-0.884,1.009
62.979634046554565,0.177,-0.454,-0.884,1.009
62.979777097702026,0.177,-0.454,-0.884,1.009
62.97982621192932,0.177,-0.454,-0.884,1.009
62.979975938797,0.177,-0.454,-0.884,1.009
62.98002505302429,0.177,-0.454,-0.884,1.009
62.98012089729309,0.177,-0.454,-0.884,1.009
62.980170011520386,0.177,-0.454,-0.884,1.009
62.980324029922485,0.177,-0.454,-0.884,1.009
62.98046898841858,0.177,-0.454,-0.884,1.009
62.98052191734314,0.177,-0.454,-0.884,1.009
62.980672121047974,0.177,-0.454,-0.884,1.009
62.98072099685669,0.177,-0.454,-0.884,1.009
62.98081707954407,0.177,-0.454,-0.884,1.009
62.980912923812866,0.177,-0.454,-0.884,1.009
62.98105597496033,0.177,-0.454,-0.884,1.009
62.981104135513306,0.177,-0.454,-0.884,1.009
62.981199979782104,0.177,-0.454,-0.884,1.009
62.9812490940094,0.177,-0.454,-0.884,1.009
62.98139214515686,0.177,-0.454,-0.884,1.009
62.981534004211426,0.177,-0.454,-0.884,1.009
62.98158288002014,0.177,-0.454,-0.884,1.009
62.9816792011261,0.177,-0.454,-0.884,1.009
62.981728076934814,0.177,-0.454,-0.884,1.009
62.98187208175659,0.177,-0.454,-0.884,1.009
62.98201608657837,0.177,-0.454,-0.884,1.009
62.98206400871277,0.177,-0.454,-0.884,1.009
62.98216009140015,0.177,-0.454,-0.884,1.009
62.982256174087524,0.177,-0.454,-0.884,1.009
62.982399225234985,0.177,-0.454,-0.884,1.009
62.982446908950806,0.177,-0.454,-0.884,1.009
62.982542991638184,0.177,-0.454,-0.884,1.009
62.98263907432556,0.177,-0.454,-0.884,1.009
62.98273491859436,0.177,-0.454,-0.884,1.009
62.98283100128174,0.177,-0.454,-0.884,1.009
62.982927083969116,0.177,-0.454,-0.884,1.009
62.983022928237915,0.177,-0.454,-0.884,1.009
62.98312306404114,0.177,-0.454,-0.884,1.009
62.98328709602356,0.177,-0.454,-0.884,1.009
62.98340106010437,0.177,-0.454,-0.884,1.009
62.98350214958191,0.177,-0.454,-0.884,1.009
62.983601093292236,0.177,-0.454,-0.884,1.009
62.98369908332825,0.177,-0.454,-0.884,1.009
62.983800172805786,0.177,-0.454,-0.884,1.009
62.98389792442322,0.177,-0.454,-0.884,1.009
62.98399615287781,0.177,-0.454,-0.884,1.009
62.98409295082092,0.177,-0.454,-0.884,1.009
62.98419809341431,0.177,-0.454,-0.884,1.009
62.98429894447327,0.177,-0.454,-0.884,1.009
62.98440098762512,0.177,-0.454,-0.884,1.009
62.98450207710266,0.177,-0.454,-0.884,1.009
62.98460507392883,0.177,-0.454,-0.884,1.009
62.98470616340637,0.177,-0.454,-0.884,1.009
62.984803915023804,0.177,-0.454,-0.884,1.009
62.98490118980408,0.177,-0.454,-0.884,1.009
62.98499894142151,0.177,-0.454,-0.884,1.009
62.98509621620178,0.177,-0.454,-0.884,1.009
62.985193967819214,0.177,-0.454,-0.884,1.009
62.98529100418091,0.177,-0.454,-0.884,1.009
62.9853880405426,0.177,-0.454,-0.884,1.009
62.9854850769043,0.177,-0.454,-0.884,1.009
62.98558211326599,0.177,-0.454,-0.884,1.009
62.9856321811676,0.177,-0.454,-0.884,1.009
62.985780000686646,0.177,-0.454,-0.884,1.009
62.98582911491394,0.177,-0.454,-0.884,1.009
62.986021995544434,0.177,-0.454,-0.884,1.009
62.986072063446045,0.177,-0.454,-0.884,1.009
62.98616909980774,0.177,-0.454,-0.884,1.009
62.98626899719238,0.177,-0.454,-0.884,1.009
62.98637318611145,0.166,-0.45,-0.899,1.019
62.98665499687195,0.166,-0.45,-0.899,1.019
62.98675608634949,0.166,-0.45,-0.899,1.019
62.9868540763855,0.166,-0.45,-0.899,1.019
62.98695206642151,0.166,-0.45,-0.899,1.019
62.9870491027832,0.166,-0.45,-0.899,1.019
62.9871461391449,0.166,-0.45,-0.899,1.019
62.98724293708801,0.166,-0.45,-0.899,1.019
62.987340211868286,0.166,-0.45,-0.899,1.019
62.9874370098114,0.166,-0.45,-0.899,1.019
62.987534046173096,0.166,-0.45,-0.899,1.019
62.98763108253479,0.166,-0.45,-0.899,1.019
62.98772692680359,0.166,-0.45,-0.899,1.019
62.98782420158386,0.166,-0.45,-0.899,1.019
62.98792004585266,0.166,-0.45,-0.899,1.019
62.988017082214355,0.166,-0.45,-0.899,1.019
62.98811411857605,0.166,-0.45,-0.899,1.019
62.98820996284485,0.166,-0.45,-0.899,1.019
62.98830699920654,0.166,-0.45,-0.899,1.019
62.98840403556824,0.166,-0.45,-0.899,1.019
62.98850107192993,0.166,-0.45,-0.899,1.019
62.98859715461731,0.166,-0.45,-0.899,1.019
62.988693952560425,0.166,-0.45,-0.899,1.019
62.98879098892212,0.166,-0.45,-0.899,1.019
62.988889932632446,0.166,-0.45,-0.899,1.019
62.98898720741272,0.166,-0.45,-0.899,1.019
62.98908305168152,0.166,-0.45,-0.899,1.019
62.98917889595032,0.166,-0.45,-0.899,1.019
62.98927617073059,0.166,-0.45,-0.899,1.019
62.98937201499939,0.166,-0.45,-0.899,1.019
62.989469051361084,0.166,-0.45,-0.899,1.019
62.98956513404846,0.166,-0.45,-0.899,1.019
62.989662885665894,0.166,-0.45,-0.899,1.019
62.98975920677185,0.166,-0.45,-0.899,1.019
62.989856004714966,0.166,-0.45,-0.899,1.019
62.98995304107666,0.166,-0.45,-0.899,1.019
62.990050077438354,0.166,-0.45,-0.899,1.019
62.99014687538147,0.166,-0.45,-0.899,1.019
62.99024415016174,0.166,-0.45,-0.899,1.019
62.99034094810486,0.166,-0.45,-0.899,1.019
62.99043822288513,0.166,-0.45,-0.899,1.019
62.99053502082825,0.166,-0.45,-0.899,1.019
62.99063205718994,0.166,-0.45,-0.899,1.019
62.99072813987732,0.166,-0.45,-0.899,1.019
62.99082708358765,0.166,-0.45,-0.899,1.019
62.99092698097229,0.166,-0.45,-0.899,1.019
62.991026163101196,0.166,-0.45,-0.899,1.019
62.99112510681152,0.166,-0.45,-0.899,1.019
62.991233110427856,0.166,-0.45,-0.899,1.019
62.99132990837097,0.166,-0.45,-0.899,1.019
62.99142909049988,0.166,-0.45,-0.899,1.019
62.99152588844299,0.166,-0.45,-0.899,1.019
62.99162316322327,0.166,-0.45,-0.899,1.019
62.99171996116638,0.166,-0.45,-0.899,1.019
62.99181604385376,0.166,-0.45,-0.899,1.019
62.991913080215454,0.166,-0.45,-0.899,1.019
62.99200987815857,0.166,-0.45,-0.899,1.019
62.99211621284485,0.166,-0.45,-0.899,1.019
62.99222111701965,0.166,-0.45,-0.899,1.019
62.99243712425232,0.166,-0.45,-0.899,1.019
62.99254608154297,0.166,-0.45,-0.899,1.019
62.992645025253296,0.166,-0.45,-0.899,1.019
62.99274301528931,0.166,-0.45,-0.899,1.019
62.992839097976685,0.166,-0.45,-0.899,1.019
62.9929358959198,0.166,-0.45,-0.899,1.019
62.99303221702576,0.166,-0.45,-0.899,1.019
62.99312901496887,0.166,-0.45,-0.899,1.019
62.99322509765625,0.166,-0.45,-0.899,1.019
62.99332118034363,0.166,-0.45,-0.899,1.019
62.99341702461243,0.166,-0.45,-0.899,1.019
62.993513107299805,0.166,-0.45,-0.899,1.019
62.993611097335815,0.166,-0.45,-0.899,1.019
62.99370789527893,0.166,-0.45,-0.899,1.019
62.99380421638489,0.166,-0.45,-0.899,1.019
62.99390006065369,0.166,-0.45,-0.899,1.019
62.99399709701538,0.166,-0.45,-0.899,1.019
62.99409317970276,0.166,-0.45,-0.899,1.019
62.99418902397156,0.166,-0.45,-0.899,1.019
62.994285106658936,0.166,-0.45,-0.899,1.019
62.99438118934631,0.166,-0.45,-0.899,1.019
62.99447703361511,0.166,-0.45,-0.899,1.019
62.99457287788391,0.166,-0.45,-0.899,1.019
62.994670152664185,0.166,-0.45,-0.899,1.019
62.99476599693298,0.166,-0.45,-0.899,1.019
62.99486207962036,0.166,-0.45,-0.899,1.019
62.99495816230774,0.166,-0.45,-0.899,1.019
62.99505400657654,0.166,-0.45,-0.899,1.019
62.995150089263916,0.166,-0.45,-0.899,1.019
62.995246171951294,0.166,-0.45,-0.899,1.019
62.99534296989441,0.166,-0.45,-0.899,1.019
62.99543905258179,0.166,-0.45,-0.899,1.019
62.99553608894348,0.166,-0.45,-0.899,1.019
62.99563717842102,0.166,-0.45,-0.899,1.019
62.995733976364136,0.166,-0.45,-0.899,1.019
62.995830059051514,0.166,-0.45,-0.899,1.019
62.995934009552,0.166,-0.45,-0.899,1.019
62.99603009223938,0.166,-0.45,-0.899,1.019
62.996126890182495,0.166,-0.45,-0.899,1.019
62.99622416496277,0.166,-0.45,-0.899,1.019
62.99632000923157,0.166,-0.45,-0.899,1.019
62.99642014503479,0.169,-0.451,-0.896,1.017
62.99670195579529,0.169,-0.451,-0.896,1.017
62.99680018424988,0.169,-0.451,-0.896,1.017
62.99689602851868,0.169,-0.451,-0.896,1.017
62.996991872787476,0.169,-0.451,-0.896,1.017
62.99708914756775,0.169,-0.451,-0.896,1.017
62.99718499183655,0.169,-0.451,-0.896,1.017
62.997281074523926,0.169,-0.451,-0.896,1.017
62.997387170791626,0.169,-0.451,-0.896,1.017
62.997485876083374,0.169,-0.451,-0.896,1.017
62.99758219718933,0.169,-0.451,-0.896,1.017
62.99767804145813,0.169,-0.451,-0.896,1.017
62.99777388572693,0.169,-0.451,-0.896,1.017
62.99786901473999,0.169,-0.451,-0.896,1.017
62.99796509742737,0.169,-0.451,-0.896,1.017
62.99806094169617,0.169,-0.451,-0.896,1.017
62.99815821647644,0.169,-0.451,-0.896,1.017
62.99825406074524,0.169,-0.451,-0.896,1.017
62.99834990501404,0.169,-0.451,-0.896,1.017
62.998446226119995,0.169,-0.451,-0.896,1.017
62.99854111671448,0.169,-0.451,-0.896,1.017
62.998640060424805,0.169,-0.451,-0.896,1.017
62.998735189437866,0.169,-0.451,-0.896,1.017
62.998831033706665,0.169,-0.451,-0.896,1.017
62.998926877975464,0.169,-0.451,-0.896,1.017
62.99902319908142,0.169,-0.451,-0.896,1.017
62.99911904335022,0.169,-0.451,-0.896,1.017
62.999216079711914,0.169,-0.451,-0.896,1.017
62.99931216239929,0.169,-0.451,-0.896,1.017
62.99940800666809,0.169,-0.451,-0.896,1.017
62.99950408935547,0.169,-0.451,-0.896,1.017
62.99959921836853,0.169,-0.451,-0.896,1.017
62.99969506263733,0.169,-0.451,-0.896,1.017
62.99979519844055,0.169,-0.451,-0.896,1.017
62.999958992004395,0.169,-0.451,-0.896,1.017
63.000073194503784,0.169,-0.451,-0.896,1.017
63.00017309188843,0.169,-0.451,-0.896,1.017
63.00027298927307,0.169,-0.451,-0.896,1.017
63.00037121772766,0.169,-0.451,-0.896,1.017
63.00046992301941,0.169,-0.451,-0.896,1.017
63.000568151474,0.169,-0.451,-0.896,1.017
63.00066590309143,0.169,-0.451,-0.896,1.017
63.000763177871704,0.169,-0.451,-0.896,1.017
63.00085997581482,0.169,-0.451,-0.896,1.017
63.000957012176514,0.169,-0.451,-0.896,1.017
63.00105404853821,0.169,-0.451,-0.896,1.017
63.00115203857422,0.169,-0.451,-0.896,1.017
63.00125288963318,0.169,-0.451,-0.896,1.017
63.0013530254364,0.169,-0.451,-0.896,1.017
63.001453161239624,0.169,-0.451,-0.896,1.017
63.00155305862427,0.169,-0.451,-0.896,1.017
63.001652002334595,0.169,-0.451,-0.896,1.017
63.00175595283508,0.169,-0.451,-0.896,1.017
63.001856088638306,0.169,-0.451,-0.896,1.017
63.001957178115845,0.169,-0.451,-0.896,1.017
63.00205588340759,0.169,-0.451,-0.896,1.017
63.0021550655365,0.169,-0.451,-0.896,1.017
63.00225520133972,0.169,-0.451,-0.896,1.017
63.002358198165894,0.169,-0.451,-0.896,1.017
63.00250697135925,0.169,-0.451,-0.896,1.017
63.0025589466095,0.169,-0.451,-0.896,1.017
63.002609968185425,0.169,-0.451,-0.896,1.017
63.00276589393616,0.169,-0.451,-0.896,1.017
63.003058195114136,0.169,-0.451,-0.896,1.017
63.00311017036438,0.169,-0.451,-0.896,1.017
63.003206968307495,0.169,-0.451,-0.896,1.017
63.00330305099487,0.169,-0.451,-0.896,1.017
63.00344800949097,0.169,-0.451,-0.896,1.017
63.00349688529968,0.169,-0.451,-0.896,1.017
63.00359320640564,0.169,-0.451,-0.896,1.017
63.003690004348755,0.169,-0.451,-0.896,1.017
63.00378704071045,0.169,-0.451,-0.896,1.017
63.00388312339783,0.169,-0.451,-0.896,1.017
63.00397992134094,0.169,-0.451,-0.896,1.017
63.004077196121216,0.169,-0.451,-0.896,1.017
63.004173040390015,0.169,-0.451,-0.896,1.017
63.00427222251892,0.169,-0.451,-0.896,1.017
63.00437307357788,0.169,-0.451,-0.896,1.017
63.004470109939575,0.169,-0.451,-0.896,1.017
63.00461506843567,0.169,-0.451,-0.896,1.017
63.00471305847168,0.169,-0.451,-0.896,1.017
63.004761934280396,0.169,-0.451,-0.896,1.017
63.00490593910217,0.169,-0.451,-0.896,1.017
63.00495505332947,0.169,-0.451,-0.896,1.017
63.00505208969116,0.169,-0.451,-0.896,1.017
63.00514817237854,0.169,-0.451,-0.896,1.017
63.005244970321655,0.169,-0.451,-0.896,1.017
63.00534200668335,0.169,-0.451,-0.896,1.017
63.00544190406799,0.169,-0.451,-0.896,1.017
63.00554013252258,0.169,-0.451,-0.896,1.017
63.0056369304657,0.169,-0.451,-0.896,1.017
63.00573420524597,0.169,-0.451,-0.896,1.017
63.00583004951477,0.169,-0.451,-0.896,1.017
63.005927085876465,0.169,-0.451,-0.896,1.017
63.00602412223816,0.169,-0.451,-0.896,1.017
63.00611996650696,0.169,-0.451,-0.896,1.017
63.00621700286865,0.169,-0.451,-0.896,1.017
63.006333112716675,0.169,-0.451,-0.896,1.017
63.00643706321716,0.169,-0.451,-0.896,1.017
63.00653409957886,0.169,-0.451,-0.896,1.017
63.00663495063782,0.177,-0.454,-0.88,1.006
63.00694489479065,0.177,-0.454,-0.88,1.006
63.007091999053955,0.177,-0.454,-0.88,1.006
63.007142066955566,0.177,-0.454,-0.88,1.006
63.007242918014526,0.177,-0.454,-0.88,1.006
63.0073401927948,0.177,-0.454,-0.88,1.006
63.007436990737915,0.177,-0.454,-0.88,1.006
63.00758194923401,0.177,-0.454,-0.88,1.006
63.007631063461304,0.177,-0.454,-0.88,1.006
63.007731199264526,0.177,-0.454,-0.88,1.006
63.007838010787964,0.177,-0.454,-0.88,1.006
63.00788712501526,0.177,-0.454,-0.88,1.006
63.007983922958374,0.177,-0.454,-0.88,1.006
63.008132219314575,0.177,-0.454,-0.88,1.006
63.008228063583374,0.177,-0.454,-0.88,1.006
63.008373975753784,0.177,-0.454,-0.88,1.006
63.008424043655396,0.177,-0.454,-0.88,1.006
63.00852417945862,0.177,-0.454,-0.88,1.006
63.00862002372742,0.177,-0.454,-0.88,1.006
63.00866913795471,0.177,-0.454,-0.88,1.006
63.008877992630005,0.177,-0.454,-0.88,1.006
63.008928060531616,0.177,-0.454,-0.88,1.006
63.00908803939819,0.177,-0.454,-0.88,1.006
63.00923705101013,0.177,-0.454,-0.88,1.006
63.00928807258606,0.177,-0.454,-0.88,1.006
63.009384870529175,0.177,-0.454,-0.88,1.006
63.00948214530945,0.177,-0.454,-0.88,1.006
63.00957894325256,0.177,-0.454,-0.88,1.006
63.00972509384155,0.177,-0.454,-0.88,1.006
63.00977301597595,0.177,-0.454,-0.88,1.006
63.00987005233765,0.177,-0.454,-0.88,1.006
63.00991892814636,0.177,-0.454,-0.88,1.006
63.01006293296814,0.177,-0.454,-0.88,1.006
63.01016116142273,0.177,-0.454,-0.88,1.006
63.010257959365845,0.177,-0.454,-0.88,1.006
63.01030707359314,0.177,-0.454,-0.88,1.006
63.01045107841492,0.177,-0.454,-0.88,1.006
63.01054787635803,0.177,-0.454,-0.88,1.006
63.01069188117981,0.177,-0.454,-0.88,1.006
63.01074194908142,0.177,-0.454,-0.88,1.006
63.01084017753601,0.177,-0.454,-0.88,1.006
63.01093602180481,0.177,-0.454,-0.88,1.006
63.010985136032104,0.177,-0.454,-0.88,1.006
63.01112914085388,0.177,-0.454,-0.88,1.006
63.011274099349976,0.177,-0.454,-0.88,1.006
63.01137089729309,0.177,-0.454,-0.88,1.006
63.011420011520386,0.177,-0.454,-0.88,1.006
63.01146912574768,0.177,-0.454,-0.88,1.006
63.01166105270386,0.177,-0.454,-0.88,1.006
63.01170992851257,0.177,-0.454,-0.88,1.006
63.01180815696716,0.177,-0.454,-0.88,1.006
63.01185703277588,0.177,-0.454,-0.88,1.006
63.01200318336487,0.177,-0.454,-0.88,1.006
63.012101888656616,0.177,-0.454,-0.88,1.006
63.01220393180847,0.177,-0.454,-0.88,1.006
63.012304067611694,0.177,-0.454,-0.88,1.006
63.01240110397339,0.177,-0.454,-0.88,1.006
63.012449979782104,0.177,-0.454,-0.88,1.006
63.012609004974365,0.177,-0.454,-0.88,1.006
63.01270508766174,0.177,-0.454,-0.88,1.006
63.01280188560486,0.177,-0.454,-0.88,1.006
63.01295590400696,0.177,-0.454,-0.88,1.006
63.01306414604187,0.177,-0.454,-0.88,1.006
63.01311421394348,0.177,-0.454,-0.88,1.006
63.01321721076965,0.177,-0.454,-0.88,1.006
63.01336407661438,0.177,-0.454,-0.88,1.006
63.01345992088318,0.177,-0.454,-0.88,1.006
63.01350998878479,0.177,-0.454,-0.88,1.006
63.013654947280884,0.177,-0.454,-0.88,1.006
63.01375222206116,0.177,-0.454,-0.88,1.006
63.01384902000427,0.177,-0.454,-0.88,1.006
63.01394605636597,0.177,-0.454,-0.88,1.006
63.014042139053345,0.177,-0.454,-0.88,1.006
63.01418709754944,0.177,-0.454,-0.88,1.006
63.01423621177673,0.177,-0.454,-0.88,1.006
63.01433300971985,0.177,-0.454,-0.88,1.006
63.01438307762146,0.177,-0.454,-0.88,1.006
63.014528036117554,0.177,-0.454,-0.88,1.006
63.01462507247925,0.177,-0.454,-0.88,1.006
63.014673948287964,0.177,-0.454,-0.88,1.006
63.01481890678406,0.177,-0.454,-0.88,1.006
63.01496410369873,0.177,-0.454,-0.88,1.006
63.015012979507446,0.177,-0.454,-0.88,1.006
63.01511001586914,0.177,-0.454,-0.88,1.006
63.015207052230835,0.177,-0.454,-0.88,1.006
63.015302896499634,0.177,-0.454,-0.88,1.006
63.01539921760559,0.177,-0.454,-0.88,1.006
63.015496015548706,0.177,-0.454,-0.88,1.006
63.0155930519104,0.177,-0.454,-0.88,1.006
63.01573705673218,0.177,-0.454,-0.88,1.006
63.015785932540894,0.177,-0.454,-0.88,1.006
63.01583504676819,0.177,-0.454,-0.88,1.006
63.015979051589966,0.177,-0.454,-0.88,1.006
63.01607704162598,0.177,-0.454,-0.88,1.006
63.01612591743469,0.177,-0.454,-0.88,1.006
63.01631808280945,0.177,-0.454,-0.88,1.006
63.01636719703674,0.177,-0.454,-0.88,1.006
63.01641607284546,0.177,-0.454,-0.88,1.006
63.016757011413574,0.19,-0.453,-0.88,1.008
63.016979932785034,0.19,-0.453,-0.88,1.008
63.01703095436096,0.19,-0.453,-0.88,1.008
63.01712918281555,0.19,-0.453,-0.88,1.008
63.01722598075867,0.19,-0.453,-0.88,1.008
63.01732420921326,0.19,-0.453,-0.88,1.008
63.017420053482056,0.19,-0.453,-0.88,1.008
63.017515897750854,0.19,-0.453,-0.88,1.008
63.01761317253113,0.19,-0.453,-0.88,1.008
63.017662048339844,0.19,-0.453,-0.88,1.008
63.01775813102722,0.19,-0.453,-0.88,1.008
63.017903089523315,0.19,-0.453,-0.88,1.008
63.01795220375061,0.19,-0.453,-0.88,1.008
63.01804804801941,0.19,-0.453,-0.88,1.008
63.01814389228821,0.19,-0.453,-0.88,1.008
63.0181930065155,0.19,-0.453,-0.88,1.008
63.01833701133728,0.19,-0.453,-0.88,1.008
63.01838707923889,0.19,-0.453,-0.88,1.008
63.01853108406067,0.19,-0.453,-0.88,1.008
63.018675088882446,0.19,-0.453,-0.88,1.008
63.01872420310974,0.19,-0.453,-0.88,1.008
63.01882004737854,0.19,-0.453,-0.88,1.008
63.018869161605835,0.19,-0.453,-0.88,1.008
63.01901412010193,0.19,-0.453,-0.88,1.008
63.01917505264282,0.19,-0.453,-0.88,1.008
63.01922392845154,0.19,-0.453,-0.88,1.008
63.01932215690613,0.19,-0.453,-0.88,1.008
63.01941990852356,0.19,-0.453,-0.88,1.008
63.0195209980011,0.19,-0.453,-0.88,1.008
63.01962113380432,0.19,-0.453,-0.88,1.008
63.01972317695618,0.19,-0.453,-0.88,1.008
63.019819021224976,0.19,-0.453,-0.88,1.008
63.01991510391235,0.19,-0.453,-0.88,1.008
63.02001118659973,0.19,-0.453,-0.88,1.008
63.02005887031555,0.19,-0.453,-0.88,1.008
63.020156145095825,0.19,-0.453,-0.88,1.008
63.0203001499176,0.19,-0.453,-0.88,1.008
63.020348072052,0.19,-0.453,-0.88,1.008
63.020445108413696,0.19,-0.453,-0.88,1.008
63.020589113235474,0.19,-0.453,-0.88,1.008
63.02063798904419,0.19,-0.453,-0.88,1.008
63.02078700065613,0.19,-0.453,-0.88,1.008
63.02083611488342,0.19,-0.453,-0.88,1.008
63.0209801197052,0.19,-0.453,-0.88,1.008
63.021076917648315,0.19,-0.453,-0.88,1.008
63.02117300033569,0.19,-0.453,-0.88,1.008
63.02126908302307,0.19,-0.453,-0.88,1.008
63.02141308784485,0.19,-0.453,-0.88,1.008
63.02150893211365,0.19,-0.453,-0.88,1.008
63.021557092666626,0.19,-0.453,-0.88,1.008
63.02165389060974,0.19,-0.453,-0.88,1.008
63.0217502117157,0.19,-0.453,-0.88,1.008
63.0218460559845,0.19,-0.453,-0.88,1.008
63.02189517021179,0.19,-0.453,-0.88,1.008
63.02203917503357,0.19,-0.453,-0.88,1.008
63.02213406562805,0.19,-0.453,-0.88,1.008
63.02227807044983,0.19,-0.453,-0.88,1.008
63.022327184677124,0.19,-0.453,-0.88,1.008
63.02242302894592,0.19,-0.453,-0.88,1.008
63.02251887321472,0.19,-0.453,-0.88,1.008
63.02256798744202,0.19,-0.453,-0.88,1.008
63.02271103858948,0.19,-0.453,-0.88,1.008
63.02285408973694,0.19,-0.453,-0.88,1.008
63.02290320396423,0.19,-0.453,-0.88,1.008
63.02299904823303,0.19,-0.453,-0.88,1.008
63.02304720878601,0.19,-0.453,-0.88,1.008
63.02319121360779,0.19,-0.453,-0.88,1.008
63.02333402633667,0.19,-0.453,-0.88,1.008
63.023382902145386,0.19,-0.453,-0.88,1.008
63.02347922325134,0.19,-0.453,-0.88,1.008
63.02352809906006,0.19,-0.453,-0.88,1.008
63.02367901802063,0.19,-0.453,-0.88,1.008
63.02377510070801,0.19,-0.453,-0.88,1.008
63.023871183395386,0.19,-0.453,-0.88,1.008
63.023967027664185,0.19,-0.453,-0.88,1.008
63.024112939834595,0.19,-0.453,-0.88,1.008
63.02416205406189,0.19,-0.453,-0.88,1.008
63.0243079662323,0.19,-0.453,-0.88,1.008
63.024357080459595,0.19,-0.453,-0.88,1.008
63.024452924728394,0.19,-0.453,-0.88,1.008
63.02451205253601,0.19,-0.453,-0.88,1.008
63.02465605735779,0.19,-0.453,-0.88,1.008
63.0247540473938,0.19,-0.453,-0.88,1.008
63.02485108375549,0.19,-0.453,-0.88,1.008
63.02494692802429,0.19,-0.453,-0.88,1.008
63.02504515647888,0.19,-0.453,-0.88,1.008
63.02514100074768,0.19,-0.453,-0.88,1.008
63.02528500556946,0.19,-0.453,-0.88,1.008
63.02533411979675,0.19,-0.453,-0.88,1.008
63.025487184524536,0.19,-0.453,-0.88,1.008
63.02554392814636,0.19,-0.453,-0.88,1.008
63.025681018829346,0.19,-0.453,-0.88,1.008
63.025830030441284,0.19,-0.453,-0.88,1.008
63.02587914466858,0.19,-0.453,-0.88,1.008
63.025928020477295,0.19,-0.453,-0.88,1.008
63.02607321739197,0.19,-0.453,-0.88,1.008
63.0261709690094,0.19,-0.453,-0.88,1.008
63.02631592750549,0.19,-0.453,-0.88,1.008
63.02636504173279,0.19,-0.453,-0.88,1.008
63.02646088600159,0.19,-0.453,-0.88,1.008
63.026660203933716,0.193,-0.45,-0.88,1.007
63.02682900428772,0.193,-0.45,-0.88,1.007
63.026886224746704,0.193,-0.45,-0.88,1.007
63.027148962020874,0.193,-0.45,-0.88,1.007
63.0271999835968,0.193,-0.45,-0.88,1.007
63.02729916572571,0.193,-0.45,-0.88,1.007
63.027397871017456,0.193,-0.45,-0.88,1.007
63.02749705314636,0.193,-0.45,-0.88,1.007
63.027547121047974,0.193,-0.45,-0.88,1.007
63.027693033218384,0.193,-0.45,-0.88,1.007
63.02779006958008,0.193,-0.45,-0.88,1.007
63.02788805961609,0.193,-0.45,-0.88,1.007
63.02798509597778,0.193,-0.45,-0.88,1.007
63.0280339717865,0.193,-0.45,-0.88,1.007
63.02817988395691,0.193,-0.45,-0.88,1.007
63.0282781124115,0.193,-0.45,-0.88,1.007
63.02837610244751,0.193,-0.45,-0.88,1.007
63.028473138809204,0.193,-0.45,-0.88,1.007
63.028523206710815,0.193,-0.45,-0.88,1.007
63.02866816520691,0.193,-0.45,-0.88,1.007
63.02881598472595,0.193,-0.45,-0.88,1.007
63.02886605262756,0.193,-0.45,-0.88,1.007
63.02896499633789,0.193,-0.45,-0.88,1.007
63.029013872146606,0.193,-0.45,-0.88,1.007
63.029160022735596,0.193,-0.45,-0.88,1.007
63.029258012771606,0.193,-0.45,-0.88,1.007
63.02935814857483,0.193,-0.45,-0.88,1.007
63.02945804595947,0.193,-0.45,-0.88,1.007
63.0295090675354,0.193,-0.45,-0.88,1.007
63.02965521812439,0.193,-0.45,-0.88,1.007
63.029752016067505,0.193,-0.45,-0.88,1.007
63.029850006103516,0.193,-0.45,-0.88,1.007
63.02994704246521,0.193,-0.45,-0.88,1.007
63.030092000961304,0.193,-0.45,-0.88,1.007
63.0301411151886,0.193,-0.45,-0.88,1.007
63.03019118309021,0.193,-0.45,-0.88,1.007
63.03033709526062,0.193,-0.45,-0.88,1.007
63.030433893203735,0.193,-0.45,-0.88,1.007
63.03053116798401,0.193,-0.45,-0.88,1.007
63.03058910369873,0.193,-0.45,-0.88,1.007
63.03078293800354,0.193,-0.45,-0.88,1.007
63.030832052230835,0.193,-0.45,-0.88,1.007
63.030977964401245,0.193,-0.45,-0.88,1.007
63.03102707862854,0.193,-0.45,-0.88,1.007
63.031172037124634,0.193,-0.45,-0.88,1.007
63.031222105026245,0.193,-0.45,-0.88,1.007
63.03131890296936,0.193,-0.45,-0.88,1.007
63.031416177749634,0.193,-0.45,-0.88,1.007
63.03151297569275,0.193,-0.45,-0.88,1.007
63.03161120414734,0.193,-0.45,-0.88,1.007
63.03170704841614,0.193,-0.45,-0.88,1.007
63.03175616264343,0.193,-0.45,-0.88,1.007
63.03190207481384,0.193,-0.45,-0.88,1.007
63.031952142715454,0.193,-0.45,-0.88,1.007
63.03204894065857,0.193,-0.45,-0.88,1.007
63.03219389915466,0.193,-0.45,-0.88,1.007
63.03229117393494,0.193,-0.45,-0.88,1.007
63.03234004974365,0.193,-0.45,-0.88,1.007
63.03253388404846,0.193,-0.45,-0.88,1.007
63.03258299827576,0.193,-0.45,-0.88,1.007
63.03268003463745,0.193,-0.45,-0.88,1.007
63.032777070999146,0.193,-0.45,-0.88,1.007
63.03282713890076,0.193,-0.45,-0.88,1.007
63.03297209739685,0.193,-0.45,-0.88,1.007
63.033021211624146,0.193,-0.45,-0.88,1.007
63.03328204154968,0.193,-0.45,-0.88,1.007
63.03339219093323,0.193,-0.45,-0.88,1.007
63.03344202041626,0.193,-0.45,-0.88,1.007
63.03358817100525,0.193,-0.45,-0.88,1.007
63.033637046813965,0.193,-0.45,-0.88,1.007
63.033686876297,0.193,-0.45,-0.88,1.007
63.033880949020386,0.193,-0.45,-0.88,1.007
63.03393006324768,0.193,-0.45,-0.88,1.007
63.034027099609375,0.193,-0.45,-0.88,1.007
63.03412318229675,0.193,-0.45,-0.88,1.007
63.03421902656555,0.193,-0.45,-0.88,1.007
63.03436303138733,0.193,-0.45,-0.88,1.007
63.034412145614624,0.193,-0.45,-0.88,1.007
63.03450798988342,0.193,-0.45,-0.88,1.007
63.0346040725708,0.193,-0.45,-0.88,1.007
63.03474807739258,0.193,-0.45,-0.88,1.007
63.03479599952698,0.193,-0.45,-0.88,1.007
63.034940004348755,0.193,-0.45,-0.88,1.007
63.03498911857605,0.193,-0.45,-0.88,1.007
63.035037994384766,0.193,-0.45,-0.88,1.007
63.03518104553223,0.193,-0.45,-0.88,1.007
63.03527808189392,0.193,-0.45,-0.88,1.007
63.035374879837036,0.193,-0.45,-0.88,1.007
63.03547120094299,0.193,-0.45,-0.88,1.007
63.03556704521179,0.193,-0.45,-0.88,1.007
63.035664081573486,0.193,-0.45,-0.88,1.007
63.035760164260864,0.193,-0.45,-0.88,1.007
63.03586792945862,0.193,-0.45,-0.88,1.007
63.03601288795471,0.193,-0.45,-0.88,1.007
63.03606104850769,0.193,-0.45,-0.88,1.007
63.036110162734985,0.193,-0.45,-0.88,1.007
63.036206007003784,0.193,-0.45,-0.88,1.007
63.03635001182556,0.193,-0.45,-0.88,1.007
63.03644609451294,0.193,-0.45,-0.88,1.007
63.036494970321655,0.193,-0.45,-0.88,1.007
63.03664302825928,0.193,-0.45,-0.88,1.007
63.03679704666138,0.193,-0.45,-0.88,1.007
63.03684592247009,0.193,-0.45,-0.88,1.007
63.03694796562195,0.19,-0.447,-0.866,0.993
63.037102937698364,0.19,-0.447,-0.866,0.993
63.03733515739441,0.19,-0.447,-0.866,0.993
63.037482023239136,0.19,-0.447,-0.866,0.993
63.03753113746643,0.19,-0.447,-0.866,0.993
63.03762698173523,0.19,-0.447,-0.866,0.993
63.037676095962524,0.19,-0.447,-0.866,0.993
63.0378201007843,0.19,-0.447,-0.866,0.993
63.0378680229187,0.19,-0.447,-0.866,0.993
63.03801417350769,0.19,-0.447,-0.866,0.993
63.03815722465515,0.19,-0.447,-0.866,0.993
63.03820610046387,0.19,-0.447,-0.866,0.993
63.038350105285645,0.19,-0.447,-0.866,0.993
63.03839898109436,0.19,-0.447,-0.866,0.993
63.03849506378174,0.19,-0.447,-0.866,0.993
63.038543939590454,0.19,-0.447,-0.866,0.993
63.038686990737915,0.19,-0.447,-0.866,0.993
63.038830041885376,0.19,-0.447,-0.866,0.993
63.03887915611267,0.19,-0.447,-0.866,0.993
63.03902220726013,0.19,-0.447,-0.866,0.993
63.03906989097595,0.19,-0.447,-0.866,0.993
63.03916621208191,0.19,-0.447,-0.866,0.993
63.039215087890625,0.19,-0.447,-0.866,0.993
63.03935790061951,0.19,-0.447,-0.866,0.993
63.039454221725464,0.19,-0.447,-0.866,0.993
63.03955292701721,0.19,-0.447,-0.866,0.993
63.03960108757019,0.19,-0.447,-0.866,0.993
63.03974413871765,0.19,-0.447,-0.866,0.993
63.03979301452637,0.19,-0.447,-0.866,0.993
63.039889097213745,0.19,-0.447,-0.866,0.993
63.040035009384155,0.19,-0.447,-0.866,0.993
63.04013204574585,0.19,-0.447,-0.866,0.993
63.04017996788025,0.19,-0.447,-0.866,0.993
63.04032301902771,0.19,-0.447,-0.866,0.993
63.04041910171509,0.19,-0.447,-0.866,0.993
63.040515184402466,0.19,-0.447,-0.866,0.993
63.040611028671265,0.19,-0.447,-0.866,0.993
63.04075503349304,0.19,-0.447,-0.866,0.993
63.04080319404602,0.19,-0.447,-0.866,0.993
63.04089903831482,0.19,-0.447,-0.866,0.993
63.040948152542114,0.19,-0.447,-0.866,0.993
63.041099071502686,0.19,-0.447,-0.866,0.993
63.041205167770386,0.19,-0.447,-0.866,0.993
63.041301012039185,0.19,-0.447,-0.866,0.993
63.04139709472656,0.19,-0.447,-0.866,0.993
63.04149603843689,0.19,-0.447,-0.866,0.993
63.04159188270569,0.19,-0.447,-0.866,0.993
63.04168701171875,0.19,-0.447,-0.866,0.993
63.04178309440613,0.19,-0.447,-0.866,0.993
63.04187989234924,0.19,-0.447,-0.866,0.993
63.042022943496704,0.19,-0.447,-0.866,0.993
63.042072057724,0.19,-0.447,-0.866,0.993
63.042121171951294,0.19,-0.447,-0.866,0.993
63.04226613044739,0.19,-0.447,-0.866,0.993
63.042354106903076,0.19,-0.447,-0.866,0.993
63.04248309135437,0.19,-0.447,-0.866,0.993
63.042638063430786,0.19,-0.447,-0.866,0.993
63.0427360534668,0.19,-0.447,-0.866,0.993
63.04283404350281,0.19,-0.447,-0.866,0.993
63.04297995567322,0.19,-0.447,-0.866,0.993
63.04303002357483,0.19,-0.447,-0.866,0.993
63.04312801361084,0.19,-0.447,-0.866,0.993
63.043225049972534,0.19,-0.447,-0.866,0.993
63.04332208633423,0.19,-0.447,-0.866,0.993
63.04341912269592,0.19,-0.447,-0.866,0.993
63.04351592063904,0.19,-0.447,-0.866,0.993
63.04361319541931,0.19,-0.447,-0.866,0.993
63.043785095214844,0.19,-0.447,-0.866,0.993
63.04383707046509,0.19,-0.447,-0.866,0.993
63.043885946273804,0.19,-0.447,-0.866,0.993
63.04398322105408,0.19,-0.447,-0.866,0.993
63.04412817955017,0.19,-0.447,-0.866,0.993
63.044224977493286,0.19,-0.447,-0.866,0.993
63.04432201385498,0.19,-0.447,-0.866,0.993
63.04446721076965,0.19,-0.447,-0.866,0.993
63.04451608657837,0.19,-0.447,-0.866,0.993
63.04461216926575,0.19,-0.447,-0.866,0.993
63.04470896720886,0.19,-0.447,-0.866,0.993
63.044853925704956,0.19,-0.447,-0.866,0.993
63.04490303993225,0.19,-0.447,-0.866,0.993
63.04499888420105,0.19,-0.447,-0.866,0.993
63.04509615898132,0.19,-0.447,-0.866,0.993
63.04519295692444,0.19,-0.447,-0.866,0.993
63.045289039611816,0.19,-0.447,-0.866,0.993
63.04543399810791,0.19,-0.447,-0.866,0.993
63.045482873916626,0.19,-0.447,-0.866,0.993
63.0456268787384,0.19,-0.447,-0.866,0.993
63.0456759929657,0.19,-0.447,-0.866,0.993
63.04582095146179,0.19,-0.447,-0.866,0.993
63.04587006568909,0.19,-0.447,-0.866,0.993
63.0459680557251,0.19,-0.447,-0.866,0.993
63.04606509208679,0.19,-0.447,-0.866,0.993
63.046210050582886,0.19,-0.447,-0.866,0.993
63.04625916481018,0.19,-0.447,-0.866,0.993
63.046404123306274,0.19,-0.447,-0.866,0.993
63.04645299911499,0.19,-0.447,-0.866,0.993
63.046550035476685,0.19,-0.447,-0.866,0.993
63.04664921760559,0.19,-0.447,-0.866,0.993
63.04680109024048,0.192,-0.454,-0.858,0.99
63.04696297645569,0.192,-0.454,-0.858,0.99
63.047013998031616,0.192,-0.454,-0.858,0.99
63.04724717140198,0.192,-0.454,-0.858,0.99
63.047345876693726,0.192,-0.454,-0.858,0.99
63.04739499092102,0.192,-0.454,-0.858,0.99
63.04749321937561,0.192,-0.454,-0.858,0.99
63.047638177871704,0.192,-0.454,-0.858,0.99
63.047735929489136,0.192,-0.454,-0.858,0.99
63.04778504371643,0.192,-0.454,-0.858,0.99
63.04798102378845,0.192,-0.454,-0.858,0.99
63.04803013801575,0.192,-0.454,-0.858,0.99
63.04817605018616,0.192,-0.454,-0.858,0.99
63.04827308654785,0.192,-0.454,-0.858,0.99
63.04832196235657,0.192,-0.454,-0.858,0.99
63.04841899871826,0.192,-0.454,-0.858,0.99
63.048516035079956,0.192,-0.454,-0.858,0.99
63.04861307144165,0.192,-0.454,-0.858,0.99
63.048661947250366,0.192,-0.454,-0.858,0.99
63.04880690574646,0.192,-0.454,-0.858,0.99
63.04895210266113,0.192,-0.454,-0.858,0.99
63.04900097846985,0.192,-0.454,-0.858,0.99
63.04909801483154,0.192,-0.454,-0.858,0.99
63.04914689064026,0.192,-0.454,-0.858,0.99
63.04929304122925,0.192,-0.454,-0.858,0.99
63.04943799972534,0.192,-0.454,-0.858,0.99
63.04948687553406,0.192,-0.454,-0.858,0.99
63.04958415031433,0.192,-0.454,-0.858,0.99
63.04963302612305,0.192,-0.454,-0.858,0.99
63.04978108406067,0.192,-0.454,-0.858,0.99
63.04999899864197,0.192,-0.454,-0.858,0.99
63.05005192756653,0.192,-0.454,-0.858,0.99
63.05015015602112,0.192,-0.454,-0.858,0.99
63.05020022392273,0.192,-0.454,-0.858,0.99
63.05034399032593,0.192,-0.454,-0.858,0.99
63.05049014091492,0.192,-0.454,-0.858,0.99
63.05054020881653,0.192,-0.454,-0.858,0.99
63.05063605308533,0.192,-0.454,-0.858,0.99
63.05068516731262,0.192,-0.454,-0.858,0.99
63.05082821846008,0.192,-0.454,-0.858,0.99
63.0508770942688,0.192,-0.454,-0.858,0.99
63.051021099090576,0.192,-0.454,-0.858,0.99
63.05106997489929,0.192,-0.454,-0.858,0.99
63.05121397972107,0.192,-0.454,-0.858,0.99
63.05135703086853,0.192,-0.454,-0.858,0.99
63.051406145095825,0.192,-0.454,-0.858,0.99
63.051501989364624,0.192,-0.454,-0.858,0.99
63.05155110359192,0.192,-0.454,-0.858,0.99
63.051695108413696,0.192,-0.454,-0.858,0.99
63.05184006690979,0.192,-0.454,-0.858,0.99
63.051889181137085,0.192,-0.454,-0.858,0.99
63.0519859790802,0.192,-0.454,-0.858,0.99
63.052035093307495,0.192,-0.454,-0.858,0.99
63.052178144454956,0.192,-0.454,-0.858,0.99
63.05233120918274,0.192,-0.454,-0.858,0.99
63.052380084991455,0.192,-0.454,-0.858,0.99
63.05248808860779,0.192,-0.454,-0.858,0.99
63.05253720283508,0.192,-0.454,-0.858,0.99
63.05268216133118,0.192,-0.454,-0.858,0.99
63.05277705192566,0.192,-0.454,-0.858,0.99
63.052826166152954,0.192,-0.454,-0.858,0.99
63.052984952926636,0.192,-0.454,-0.858,0.99
63.05303406715393,0.192,-0.454,-0.858,0.99
63.05317997932434,0.192,-0.454,-0.858,0.99
63.0533230304718,0.192,-0.454,-0.858,0.99
63.0534188747406,0.192,-0.454,-0.858,0.99
63.05351519584656,0.192,-0.454,-0.858,0.99
63.05361199378967,0.192,-0.454,-0.858,0.99
63.05370903015137,0.192,-0.454,-0.858,0.99
63.053805112838745,0.192,-0.454,-0.858,0.99
63.0539071559906,0.192,-0.454,-0.858,0.99
63.053956031799316,0.192,-0.454,-0.858,0.99
63.05405306816101,0.192,-0.454,-0.858,0.99
63.054150104522705,0.192,-0.454,-0.858,0.99
63.05419898033142,0.192,-0.454,-0.858,0.99
63.05439019203186,0.192,-0.454,-0.858,0.99
63.05448603630066,0.192,-0.454,-0.858,0.99
63.054535150527954,0.192,-0.454,-0.858,0.99
63.05467915534973,0.192,-0.454,-0.858,0.99
63.05472707748413,0.192,-0.454,-0.858,0.99
63.05487298965454,0.192,-0.454,-0.858,0.99
63.05492305755615,0.192,-0.454,-0.858,0.99
63.05506920814514,0.192,-0.454,-0.858,0.99
63.05511808395386,0.192,-0.454,-0.858,0.99
63.05526089668274,0.192,-0.454,-0.858,0.99
63.055310010910034,0.192,-0.454,-0.858,0.99
63.05540609359741,0.192,-0.454,-0.858,0.99
63.05550217628479,0.192,-0.454,-0.858,0.99
63.05555009841919,0.192,-0.454,-0.858,0.99
63.05569410324097,0.192,-0.454,-0.858,0.99
63.055790185928345,0.192,-0.454,-0.858,0.99
63.05583906173706,0.192,-0.454,-0.858,0.99
63.05598187446594,0.192,-0.454,-0.858,0.99
63.05612802505493,0.192,-0.454,-0.858,0.99
63.05617690086365,0.192,-0.454,-0.858,0.99
63.05622601509094,0.192,-0.454,-0.858,0.99
63.05632209777832,0.192,-0.454,-0.858,0.99
63.0564181804657,0.192,-0.454,-0.858,0.99
63.05656099319458,0.192,-0.454,-0.858,0.99
63.05665707588196,0.192,-0.454,-0.858,0.99
63.05670619010925,0.192,-0.454,-0.858,0.99
63.05675387382507,0.192,-0.454,-0.858,0.99
63.056917905807495,0.192,-0.454,-0.858,0.99
63.056966066360474,0.192,-0.454,-0.858,0.99
63.05711007118225,0.192,-0.454,-0.858,0.99
63.057159185409546,0.192,-0.454,-0.858,0.99
63.05741906166077,0.206,-0.464,-0.856,0.995
63.05764698982239,0.206,-0.464,-0.856,0.995
63.057698011398315,0.206,-0.464,-0.856,0.995
63.057796001434326,0.206,-0.464,-0.856,0.995
63.057847023010254,0.206,-0.464,-0.856,0.995
63.05799412727356,0.206,-0.464,-0.856,0.995
63.05804419517517,0.206,-0.464,-0.856,0.995
63.058189153671265,0.206,-0.464,-0.856,0.995
63.058335065841675,0.206,-0.464,-0.856,0.995
63.058433055877686,0.206,-0.464,-0.856,0.995
63.05848288536072,0.206,-0.464,-0.856,0.995
63.05858302116394,0.206,-0.464,-0.856,0.995
63.058680057525635,0.206,-0.464,-0.856,0.995
63.05883502960205,0.206,-0.464,-0.856,0.995
63.05893802642822,0.206,-0.464,-0.856,0.995
63.05907201766968,0.206,-0.464,-0.856,0.995
63.05916905403137,0.206,-0.464,-0.856,0.995
63.05931496620178,0.206,-0.464,-0.856,0.995
63.05936408042908,0.206,-0.464,-0.856,0.995
63.05946087837219,0.206,-0.464,-0.856,0.995
63.059558153152466,0.206,-0.464,-0.856,0.995
63.0596559047699,0.206,-0.464,-0.856,0.995
63.05970501899719,0.206,-0.464,-0.856,0.995
63.0598509311676,0.206,-0.464,-0.856,0.995
63.059948205947876,0.206,-0.464,-0.856,0.995
63.05999803543091,0.206,-0.464,-0.856,0.995
63.060189962387085,0.206,-0.464,-0.856,0.995
63.060240030288696,0.206,-0.464,-0.856,0.995
63.06033706665039,0.206,-0.464,-0.856,0.995
63.060385942459106,0.206,-0.464,-0.856,0.995
63.0605309009552,0.206,-0.464,-0.856,0.995
63.06067609786987,0.206,-0.464,-0.856,0.995
63.06072497367859,0.206,-0.464,-0.856,0.995
63.06082201004028,0.206,-0.464,-0.856,0.995
63.06091904640198,0.206,-0.464,-0.856,0.995
63.06096911430359,0.206,-0.464,-0.856,0.995
63.06111407279968,0.206,-0.464,-0.856,0.995
63.0612108707428,0.206,-0.464,-0.856,0.995
63.06130909919739,0.206,-0.464,-0.856,0.995
63.06135821342468,0.206,-0.464,-0.856,0.995
63.06150412559509,0.206,-0.464,-0.856,0.995
63.061601877212524,0.206,-0.464,-0.856,0.995
63.061651945114136,0.206,-0.464,-0.856,0.995
63.06179904937744,0.206,-0.464,-0.856,0.995
63.06190609931946,0.206,-0.464,-0.856,0.995
63.06205201148987,0.206,-0.464,-0.856,0.995
63.06210112571716,0.206,-0.464,-0.856,0.995
63.06219792366028,0.206,-0.464,-0.856,0.995
63.06224799156189,0.206,-0.464,-0.856,0.995
63.062448024749756,0.206,-0.464,-0.856,0.995
63.06249690055847,0.206,-0.464,-0.856,0.995
63.06264519691467,0.206,-0.464,-0.856,0.995
63.06274199485779,0.206,-0.464,-0.856,0.995
63.06283903121948,0.206,-0.464,-0.856,0.995
63.06293606758118,0.206,-0.464,-0.856,0.995
63.06303310394287,0.206,-0.464,-0.856,0.995
63.063178062438965,0.206,-0.464,-0.856,0.995
63.06322693824768,0.206,-0.464,-0.856,0.995
63.063371896743774,0.206,-0.464,-0.856,0.995
63.06342101097107,0.206,-0.464,-0.856,0.995
63.063518047332764,0.206,-0.464,-0.856,0.995
63.06361508369446,0.206,-0.464,-0.856,0.995
63.06366419792175,0.206,-0.464,-0.856,0.995
63.06376099586487,0.206,-0.464,-0.856,0.995
63.06385803222656,0.206,-0.464,-0.856,0.995
63.064002990722656,0.206,-0.464,-0.856,0.995
63.06414818763733,0.206,-0.464,-0.856,0.995
63.06424403190613,0.206,-0.464,-0.856,0.995
63.06429409980774,0.206,-0.464,-0.856,0.995
63.06438994407654,0.206,-0.464,-0.856,0.995
63.06448817253113,0.206,-0.464,-0.856,0.995
63.06453800201416,0.206,-0.464,-0.856,0.995
63.06468200683594,0.206,-0.464,-0.856,0.995
63.06477904319763,0.206,-0.464,-0.856,0.995
63.064876079559326,0.206,-0.464,-0.856,0.995
63.06497311592102,0.206,-0.464,-0.856,0.995
63.065073013305664,0.206,-0.464,-0.856,0.995
63.06521701812744,0.206,-0.464,-0.856,0.995
63.06526589393616,0.206,-0.464,-0.856,0.995
63.06536316871643,0.206,-0.464,-0.856,0.995
63.065459966659546,0.206,-0.464,-0.856,0.995
63.065558195114136,0.206,-0.464,-0.856,0.995
63.06570315361023,0.206,-0.464,-0.856,0.995
63.065752029418945,0.206,-0.464,-0.856,0.995
63.06584906578064,0.206,-0.464,-0.856,0.995
63.06599402427673,0.206,-0.464,-0.856,0.995
63.06604313850403,0.206,-0.464,-0.856,0.995
63.066092014312744,0.206,-0.464,-0.856,0.995
63.06619715690613,0.206,-0.464,-0.856,0.995
63.06629395484924,0.206,-0.464,-0.856,0.995
63.06639099121094,0.206,-0.464,-0.856,0.995
63.066447019577026,0.206,-0.464,-0.856,0.995
63.066739082336426,0.206,-0.464,-0.856,0.995
63.06679892539978,0.206,-0.464,-0.856,0.995
63.067075967788696,0.22,-0.468,-0.857,1.001
63.067259073257446,0.22,-0.468,-0.857,1.001
63.0673611164093,0.22,-0.468,-0.857,1.001
63.06746220588684,0.22,-0.468,-0.857,1.001
63.067562103271484,0.22,-0.468,-0.857,1.001
63.06761288642883,0.22,-0.468,-0.857,1.001
63.06776690483093,0.22,-0.468,-0.857,1.001
63.06792092323303,0.22,-0.468,-0.857,1.001
63.067972898483276,0.22,-0.468,-0.857,1.001
63.06807208061218,0.22,-0.468,-0.857,1.001
63.06817007064819,0.22,-0.468,-0.857,1.001
63.06831502914429,0.22,-0.468,-0.857,1.001
63.0683650970459,0.22,-0.468,-0.857,1.001
63.06846213340759,0.22,-0.468,-0.857,1.001
63.068559885025024,0.22,-0.468,-0.857,1.001
63.0686571598053,0.22,-0.468,-0.857,1.001
63.06875395774841,0.22,-0.468,-0.857,1.001
63.068804025650024,0.22,-0.468,-0.857,1.001
63.06894898414612,0.22,-0.468,-0.857,1.001
63.06899809837341,0.22,-0.468,-0.857,1.001
63.06916403770447,0.22,-0.468,-0.857,1.001
63.06926107406616,0.22,-0.468,-0.857,1.001
63.069413900375366,0.22,-0.468,-0.857,1.001
63.06946301460266,0.22,-0.468,-0.857,1.001
63.06956887245178,0.22,-0.468,-0.857,1.001
63.069666147232056,0.22,-0.468,-0.857,1.001
63.069761991500854,0.22,-0.468,-0.857,1.001
63.06985902786255,0.22,-0.468,-0.857,1.001
63.06995606422424,0.22,-0.468,-0.857,1.001
63.07005310058594,0.22,-0.468,-0.857,1.001
63.070197105407715,0.22,-0.468,-0.857,1.001
63.07024693489075,0.22,-0.468,-0.857,1.001
63.07034516334534,0.22,-0.468,-0.857,1.001
63.07044196128845,0.22,-0.468,-0.857,1.001
63.07056212425232,0.22,-0.468,-0.857,1.001
63.070658922195435,0.22,-0.468,-0.857,1.001
63.07075619697571,0.22,-0.468,-0.857,1.001
63.070805072784424,0.22,-0.468,-0.857,1.001
63.07095003128052,0.22,-0.468,-0.857,1.001
63.07099890708923,0.22,-0.468,-0.857,1.001
63.07119107246399,0.22,-0.468,-0.857,1.001
63.071240186691284,0.22,-0.468,-0.857,1.001
63.071290016174316,0.22,-0.468,-0.857,1.001
63.07143521308899,0.22,-0.468,-0.857,1.001
63.071532011032104,0.22,-0.468,-0.857,1.001
63.0716290473938,0.22,-0.468,-0.857,1.001
63.07172513008118,0.22,-0.468,-0.857,1.001
63.07177400588989,0.22,-0.468,-0.857,1.001
63.07192015647888,0.22,-0.468,-0.857,1.001
63.0719690322876,0.22,-0.468,-0.857,1.001
63.072160959243774,0.22,-0.468,-0.857,1.001
63.07221007347107,0.22,-0.468,-0.857,1.001
63.072306871414185,0.22,-0.468,-0.857,1.001
63.07240414619446,0.22,-0.468,-0.857,1.001
63.07250094413757,0.22,-0.468,-0.857,1.001
63.07255005836487,0.22,-0.468,-0.857,1.001
63.07270407676697,0.22,-0.468,-0.857,1.001
63.07280087471008,0.22,-0.468,-0.857,1.001
63.072898149490356,0.22,-0.468,-0.857,1.001
63.07299494743347,0.22,-0.468,-0.857,1.001
63.073092222213745,0.22,-0.468,-0.857,1.001
63.07323718070984,0.22,-0.468,-0.857,1.001
63.07328701019287,0.22,-0.468,-0.857,1.001
63.073384046554565,0.22,-0.468,-0.857,1.001
63.073482036590576,0.22,-0.468,-0.857,1.001
63.07357907295227,0.22,-0.468,-0.857,1.001
63.073675870895386,0.22,-0.468,-0.857,1.001
63.07382106781006,0.22,-0.468,-0.857,1.001
63.07391715049744,0.22,-0.468,-0.857,1.001
63.07396721839905,0.22,-0.468,-0.857,1.001
63.074111223220825,0.22,-0.468,-0.857,1.001
63.07420802116394,0.22,-0.468,-0.857,1.001
63.074257135391235,0.22,-0.468,-0.857,1.001
63.074352979660034,0.22,-0.468,-0.857,1.001
63.07444906234741,0.22,-0.468,-0.857,1.001
63.07451009750366,0.22,-0.468,-0.857,1.001
63.074655055999756,0.22,-0.468,-0.857,1.001
63.07475209236145,0.22,-0.468,-0.857,1.001
63.074801206588745,0.22,-0.468,-0.857,1.001
63.07494616508484,0.22,-0.468,-0.857,1.001
63.075042963027954,0.22,-0.468,-0.857,1.001
63.07518696784973,0.22,-0.468,-0.857,1.001
63.075284004211426,0.22,-0.468,-0.857,1.001
63.075430154800415,0.22,-0.468,-0.857,1.001
63.07547903060913,0.22,-0.468,-0.857,1.001
63.07563805580139,0.22,-0.468,-0.857,1.001
63.07573103904724,0.22,-0.468,-0.857,1.001
63.075892210006714,0.22,-0.468,-0.857,1.001
63.07594299316406,0.22,-0.468,-0.857,1.001
63.07604193687439,0.22,-0.468,-0.857,1.001
63.07618808746338,0.22,-0.468,-0.857,1.001
63.07623791694641,0.22,-0.468,-0.857,1.001
63.0763840675354,0.22,-0.468,-0.857,1.001
63.076432943344116,0.22,-0.468,-0.857,1.001
63.07657790184021,0.22,-0.468,-0.857,1.001
63.07667517662048,0.22,-0.468,-0.857,1.001
63.0767240524292,0.22,-0.468,-0.857,1.001
63.076821088790894,0.22,-0.468,-0.857,1.001
63.076871156692505,0.22,-0.468,-0.857,1.001
63.07706308364868,0.22,-0.468,-0.857,1.001
63.0771119594574,0.22,-0.468,-0.857,1.001
63.07721209526062,0.22,-0.468,-0.857,1.001
63.077316999435425,0.22,-0.463,-0.862,1.003
63.07758688926697,0.22,-0.463,-0.862,1.003
63.077686071395874,0.22,-0.463,-0.862,1.003
63.07773518562317,0.22,-0.463,-0.862,1.003
63.0778329372406,0.22,-0.463,-0.862,1.003
63.07793116569519,0.22,-0.463,-0.862,1.003
63.078027963638306,0.22,-0.463,-0.862,1.003
63.078126192092896,0.22,-0.463,-0.862,1.003
63.07822299003601,0.22,-0.463,-0.862,1.003
63.078320026397705,0.22,-0.463,-0.862,1.003
63.078418016433716,0.22,-0.463,-0.862,1.003
63.078514099121094,0.22,-0.463,-0.862,1.003
63.07861113548279,0.22,-0.463,-0.862,1.003
63.0787079334259,0.22,-0.463,-0.862,1.003
63.07881808280945,0.22,-0.463,-0.862,1.003
63.07891488075256,0.22,-0.463,-0.862,1.003
63.07913899421692,0.22,-0.463,-0.862,1.003
63.07919001579285,0.22,-0.463,-0.862,1.003
63.07923913002014,0.22,-0.463,-0.862,1.003
63.07933688163757,0.22,-0.463,-0.862,1.003
63.07938599586487,0.22,-0.463,-0.862,1.003
63.0794951915741,0.22,-0.463,-0.862,1.003
63.07959818840027,0.22,-0.463,-0.862,1.003
63.079694986343384,0.22,-0.463,-0.862,1.003
63.079793214797974,0.22,-0.463,-0.862,1.003
63.07989001274109,0.22,-0.463,-0.862,1.003
63.07998609542847,0.22,-0.463,-0.862,1.003
63.08008313179016,0.22,-0.463,-0.862,1.003
63.080179929733276,0.22,-0.463,-0.862,1.003
63.08027720451355,0.22,-0.463,-0.862,1.003
63.080374002456665,0.22,-0.463,-0.862,1.003
63.080471992492676,0.22,-0.463,-0.862,1.003
63.080568075180054,0.22,-0.463,-0.862,1.003
63.080666065216064,0.22,-0.463,-0.862,1.003
63.08076214790344,0.22,-0.463,-0.862,1.003
63.080859899520874,0.22,-0.463,-0.862,1.003
63.08095622062683,0.22,-0.463,-0.862,1.003
63.081053018569946,0.22,-0.463,-0.862,1.003
63.08115005493164,0.22,-0.463,-0.862,1.003
63.081247091293335,0.22,-0.463,-0.862,1.003
63.08134388923645,0.22,-0.463,-0.862,1.003
63.08144021034241,0.22,-0.463,-0.862,1.003
63.08153700828552,0.22,-0.463,-0.862,1.003
63.08163404464722,0.22,-0.463,-0.862,1.003
63.081737995147705,0.22,-0.463,-0.862,1.003
63.08188509941101,0.22,-0.463,-0.862,1.003
63.081981897354126,0.22,-0.463,-0.862,1.003
63.0820791721344,0.22,-0.463,-0.862,1.003
63.082175970077515,0.22,-0.463,-0.862,1.003
63.08227300643921,0.22,-0.463,-0.862,1.003
63.0823700428009,0.22,-0.463,-0.862,1.003
63.0824658870697,0.22,-0.463,-0.862,1.003
63.082563161849976,0.22,-0.463,-0.862,1.003
63.08265995979309,0.22,-0.463,-0.862,1.003
63.082756996154785,0.22,-0.463,-0.862,1.003
63.08285403251648,0.22,-0.463,-0.862,1.003
63.082951068878174,0.22,-0.463,-0.862,1.003
63.08304715156555,0.22,-0.463,-0.862,1.003
63.08314800262451,0.22,-0.463,-0.862,1.003
63.08324909210205,0.22,-0.463,-0.862,1.003
63.08334994316101,0.22,-0.463,-0.862,1.003
63.083447217941284,0.22,-0.463,-0.862,1.003
63.0835440158844,0.22,-0.463,-0.862,1.003
63.08364009857178,0.22,-0.463,-0.862,1.003
63.08373808860779,0.22,-0.463,-0.862,1.003
63.0838348865509,0.22,-0.463,-0.862,1.003
63.08393216133118,0.22,-0.463,-0.862,1.003
63.08402895927429,0.22,-0.463,-0.862,1.003
63.084125995635986,0.22,-0.463,-0.862,1.003
63.084222078323364,0.22,-0.463,-0.862,1.003
63.08431887626648,0.22,-0.463,-0.862,1.003
63.08441615104675,0.22,-0.463,-0.862,1.003
63.08451199531555,0.22,-0.463,-0.862,1.003
63.084609031677246,0.22,-0.463,-0.862,1.003
63.08470606803894,0.22,-0.463,-0.862,1.003
63.08480191230774,0.22,-0.463,-0.862,1.003
63.08489918708801,0.22,-0.463,-0.862,1.003
63.08499598503113,0.22,-0.463,-0.862,1.003
63.08509302139282,0.22,-0.463,-0.862,1.003
63.08519005775452,0.22,-0.463,-0.862,1.003
63.08528709411621,0.22,-0.463,-0.862,1.003
63.08533501625061,0.22,-0.463,-0.862,1.003
63.085432052612305,0.22,-0.463,-0.862,1.003
63.0855770111084,0.22,-0.463,-0.862,1.003
63.08573508262634,0.22,-0.463,-0.862,1.003
63.08578419685364,0.22,-0.463,-0.862,1.003
63.08588099479675,0.22,-0.463,-0.862,1.003
63.08593487739563,0.22,-0.463,-0.862,1.003
63.08609104156494,0.22,-0.463,-0.862,1.003
63.086188077926636,0.22,-0.463,-0.862,1.003
63.08623719215393,0.22,-0.463,-0.862,1.003
63.086382150650024,0.22,-0.463,-0.862,1.003
63.08647894859314,0.22,-0.463,-0.862,1.003
63.08657503128052,0.22,-0.463,-0.862,1.003
63.08671998977661,0.22,-0.463,-0.862,1.003
63.086769104003906,0.22,-0.463,-0.862,1.003
63.0869300365448,0.22,-0.463,-0.862,1.003
63.086982011795044,0.219,-0.462,-0.858,0.999
63.08722710609436,0.219,-0.462,-0.858,0.999
63.0873749256134,0.219,-0.462,-0.858,0.999
63.087424993515015,0.219,-0.462,-0.858,0.999
63.08756899833679,0.219,-0.462,-0.858,0.999
63.08761811256409,0.219,-0.462,-0.858,0.999
63.087713956832886,0.219,-0.462,-0.858,0.999
63.08776307106018,0.219,-0.462,-0.858,0.999
63.08790612220764,0.219,-0.462,-0.858,0.999
63.088051080703735,0.219,-0.462,-0.858,0.999
63.08810019493103,0.219,-0.462,-0.858,0.999
63.08819603919983,0.219,-0.462,-0.858,0.999
63.088245153427124,0.219,-0.462,-0.858,0.999
63.0883891582489,0.219,-0.462,-0.858,0.999
63.08853316307068,0.219,-0.462,-0.858,0.999
63.088582038879395,0.219,-0.462,-0.858,0.999
63.08867812156677,0.219,-0.462,-0.858,0.999
63.08872699737549,0.219,-0.462,-0.858,0.999
63.088871002197266,0.219,-0.462,-0.858,0.999
63.088967084884644,0.219,-0.462,-0.858,0.999
63.08906388282776,0.219,-0.462,-0.858,0.999
63.089160203933716,0.219,-0.462,-0.858,0.999
63.08925700187683,0.219,-0.462,-0.858,0.999
63.089354038238525,0.219,-0.462,-0.858,0.999
63.08945107460022,0.219,-0.462,-0.858,0.999
63.089547872543335,0.219,-0.462,-0.858,0.999
63.08964514732361,0.219,-0.462,-0.858,0.999
63.08974099159241,0.219,-0.462,-0.858,0.999
63.089837074279785,0.219,-0.462,-0.858,0.999
63.08993315696716,0.219,-0.462,-0.858,0.999
63.09002995491028,0.219,-0.462,-0.858,0.999
63.09012699127197,0.219,-0.462,-0.858,0.999
63.09022307395935,0.219,-0.462,-0.858,0.999
63.090272188186646,0.219,-0.462,-0.858,0.999
63.090384006500244,0.219,-0.462,-0.858,0.999
63.090481996536255,0.219,-0.462,-0.858,0.999
63.09057903289795,0.219,-0.462,-0.858,0.999
63.09067511558533,0.219,-0.462,-0.858,0.999
63.090770959854126,0.219,-0.462,-0.858,0.999
63.09086799621582,0.219,-0.462,-0.858,0.999
63.090965032577515,0.219,-0.462,-0.858,0.999
63.09106206893921,0.219,-0.462,-0.858,0.999
63.09116005897522,0.219,-0.462,-0.858,0.999
63.09125900268555,0.219,-0.462,-0.858,0.999
63.09135603904724,0.219,-0.462,-0.858,0.999
63.091453075408936,0.219,-0.462,-0.858,0.999
63.09155011177063,0.219,-0.462,-0.858,0.999
63.09164595603943,0.219,-0.462,-0.858,0.999
63.09174299240112,0.219,-0.462,-0.858,0.999
63.09184002876282,0.219,-0.462,-0.858,0.999
63.09193706512451,0.219,-0.462,-0.858,0.999
63.09205222129822,0.219,-0.462,-0.858,0.999
63.09214901924133,0.219,-0.462,-0.858,0.999
63.09224605560303,0.219,-0.462,-0.858,0.999
63.09234309196472,0.219,-0.462,-0.858,0.999
63.09243988990784,0.219,-0.462,-0.858,0.999
63.09253716468811,0.219,-0.462,-0.858,0.999
63.09263300895691,0.219,-0.462,-0.858,0.999
63.09272909164429,0.219,-0.462,-0.858,0.999
63.09282612800598,0.219,-0.462,-0.858,0.999
63.09292197227478,0.219,-0.462,-0.858,0.999
63.093019008636475,0.219,-0.462,-0.858,0.999
63.09311509132385,0.219,-0.462,-0.858,0.999
63.09321188926697,0.219,-0.462,-0.858,0.999
63.09330916404724,0.219,-0.462,-0.858,0.999
63.09340500831604,0.219,-0.462,-0.858,0.999
63.093502044677734,0.219,-0.462,-0.858,0.999
63.09359812736511,0.219,-0.462,-0.858,0.999
63.09369397163391,0.219,-0.462,-0.858,0.999
63.093791007995605,0.219,-0.462,-0.858,0.999
63.093981981277466,0.219,-0.462,-0.858,0.999
63.094078063964844,0.219,-0.462,-0.858,0.999
63.09417414665222,0.219,-0.462,-0.858,0.999
63.09427094459534,0.219,-0.462,-0.858,0.999
63.094367027282715,0.219,-0.462,-0.858,0.999
63.09441590309143,0.219,-0.462,-0.858,0.999
63.094465017318726,0.219,-0.462,-0.858,0.999
63.095521211624146,0.219,-0.462,-0.858,0.999
63.09561800956726,0.219,-0.462,-0.858,0.999
63.095680952072144,0.219,-0.462,-0.858,0.999
63.09583306312561,0.219,-0.462,-0.858,0.999
63.09592890739441,0.219,-0.462,-0.858,0.999
63.09602499008179,0.219,-0.462,-0.858,0.999
63.09612202644348,0.219,-0.462,-0.858,0.999
63.09621787071228,0.219,-0.462,-0.858,0.999
63.09631299972534,0.219,-0.462,-0.858,0.999
63.09640908241272,0.219,-0.462,-0.858,0.999
63.096505880355835,0.219,-0.462,-0.858,0.999
63.09660220146179,0.219,-0.462,-0.858,0.999
63.096697092056274,0.219,-0.462,-0.858,0.999
63.09679293632507,0.219,-0.462,-0.858,0.999
63.09688901901245,0.219,-0.462,-0.858,0.999
63.09693789482117,0.219,-0.462,-0.858,0.999
63.09708094596863,0.219,-0.462,-0.858,0.999
63.097177028656006,0.219,-0.462,-0.858,0.999
63.099602937698364,0.226,-0.46,-0.856,0.998
63.12459707260132,0.206,-0.459,-0.849,0.987
63.12471795082092,0.206,-0.459,-0.849,0.987
63.127727031707764,0.188,-0.461,-0.856,0.99
63.138230085372925,0.178,-0.467,-0.856,0.991
63.15735411643982,0.176,-0.467,-0.851,0.987
63.15969109535217,0.178,-0.468,-0.854,0.99
63.16865611076355,0.185,-0.477,-0.852,0.994
63.17979311943054,0.191,-0.482,-0.846,0.992
63.189640045166016,0.187,-0.479,-0.864,1.005
63.199913024902344,0.172,-0.489,-0.874,1.016
63.209859132766724,0.164,-0.508,-0.876,1.026
63.22038292884827,0.156,-0.514,-0.879,1.03
63.24148917198181,0.168,-0.479,-0.86,0.999
63.24160599708557,0.168,-0.479,-0.86,0.999
63.24988389015198,0.183,-0.471,-0.86,0.997
63.25990414619446,0.193,-0.471,-0.857,0.997
63.269675970077515,0.197,-0.471,-0.855,0.996
63.2805290222168,0.196,-0.461,-0.85,0.987
63.289844036102295,0.196,-0.452,-0.857,0.989
63.30028986930847,0.193,-0.453,-0.855,0.987
63.32472801208496,0.19,-0.46,-0.866,0.999
63.324846029281616,0.19,-0.46,-0.866,0.999
63.33059811592102,0.183,-0.46,-0.865,0.997
63.358381032943726,0.197,-0.464,-0.854,0.992
63.358526945114136,0.197,-0.464,-0.854,0.992
63.359644174575806,0.201,-0.461,-0.838,0.977
63.37011098861694,0.224,-0.447,-0.839,0.977
63.391844034194946,0.211,-0.452,-0.887,1.018
63.3919620513916,0.211,-0.452,-0.887,1.018
63.400320053100586,0.184,-0.433,-0.844,0.966
63.42574405670166,0.211,-0.446,-0.889,1.017
63.425862073898315,0.211,-0.446,-0.889,1.017
63.43106698989868,0.225,-0.449,-0.856,0.992
63.45801901817322,0.23,-0.438,-0.847,0.981
63.45813703536987,0.23,-0.438,-0.847,0.981
63.46000099182129,0.212,-0.45,-0.851,0.986
63.47000193595886,0.196,-0.456,-0.855,0.989
63.488885164260864,0.192,-0.449,-0.874,1.001
63.49103093147278,0.214,-0.445,-0.871,1.001
63.513002157211304,0.216,-0.432,-0.852,0.979
63.51312208175659,0.216,-0.432,-0.852,0.979
63.521591901779175,0.218,-0.427,-0.842,0.969
63.53132200241089,0.222,-0.441,-0.841,0.975
63.541796922683716,0.233,-0.457,-0.848,0.991
63.55173993110657,0.243,-0.465,-0.842,0.992
63.56180787086487,0.241,-0.464,-0.833,0.983
63.58158302307129,0.222,-0.456,-0.844,0.985
63.58170008659363,0.222,-0.456,-0.844,0.985
63.59208703041077,0.221,-0.454,-0.844,0.984
63.61389708518982,0.222,-0.45,-0.875,1.009
63.61400508880615,0.222,-0.45,-0.875,1.009
63.62145709991455,0.227,-0.448,-0.879,1.012
63.63121819496155,0.216,-0.448,-0.867,1.0
63.64851403236389,0.216,-0.45,-0.868,1.001
63.651132106781006,0.222,-0.452,-0.863,0.999
63.6616370677948,0.228,-0.455,-0.856,0.996
63.68073105812073,0.249,-0.466,-0.857,1.007
63.68171501159668,0.249,-0.466,-0.857,1.007
63.69181299209595,0.252,-0.462,-0.854,1.003
63.70165991783142,0.246,-0.456,-0.855,1.0
63.711775064468384,0.238,-0.457,-0.864,1.006
63.73147988319397,0.223,-0.457,-0.853,0.993
63.73242688179016,0.223,-0.457,-0.853,0.993
63.74277400970459,0.217,-0.458,-0.858,0.997
63.76419401168823,0.196,-0.466,-0.852,0.991
63.76431202888489,0.196,-0.466,-0.852,0.991
63.77279210090637,0.184,-0.468,-0.861,0.997
63.797585010528564,0.188,-0.471,-0.853,0.992
63.79770493507385,0.188,-0.471,-0.853,0.992
63.80361008644104,0.201,-0.473,-0.841,0.986
63.81306004524231,0.206,-0.466,-0.838,0.981
63.83159613609314,0.226,-0.428,-0.748,0.891
63.83271098136902,0.226,-0.428,-0.748,0.891
63.84378409385681,0.222,-0.413,-0.976,1.083
63.853952169418335,0.2,-0.46,-0.974,1.096
63.86215615272522,0.155,-0.455,-0.841,0.969
