time,gFx,gFy,gFz,gFTotal
0.005673885345458984,0.153,-0.322,-0.82,0.894
0.005875825881958008,0.153,-0.322,-0.82,0.894
0.0277099609375,0.072,-0.301,-1.091,1.134
0.028360843658447266,0.072,-0.301,-1.091,1.134
0.0442957878112793,-0.03,-0.366,-0.95,1.019
0.04439067840576172,-0.03,-0.366,-0.95,1.019
0.06325578689575195,0.088,-0.38,-1.056,1.126
0.06334877014160156,0.088,-0.38,-1.056,1.126
0.0791478157043457,0.089,-0.372,-1.036,1.104
0.09575581550598145,0.09,-0.379,-0.984,1.058
0.09587478637695312,0.09,-0.379,-0.984,1.058
0.11263084411621094,0.085,-0.369,-0.968,1.039
0.11483383178710938,0.085,-0.369,-0.968,1.039
0.12880587577819824,0.089,-0.375,-0.93,1.007
0.14595365524291992,0.095,-0.37,-0.926,1.002
0.14604687690734863,0.095,-0.37,-0.926,1.002
0.1627368927001953,0.068,-0.355,-0.924,0.992
0.1657729148864746,0.068,-0.355,-0.924,0.992
0.17952299118041992,0.034,-0.335,-0.923,0.983
0.19622373580932617,-0.009,-0.318,-0.935,0.988
0.1963210105895996,-0.009,-0.318,-0.935,0.988
0.21266984939575195,0.059,-0.356,-0.944,1.011
0.21575188636779785,0.101,-0.388,-0.928,1.011
0.2292618751525879,0.12,-0.368,-0.896,0.976
0.24582767486572266,0.097,-0.443,-0.922,1.027
0.24592065811157227,0.097,-0.443,-0.922,1.027
0.2626378536224365,0.078,-0.458,-0.892,1.006
0.2656416893005371,0.033,-0.446,-0.821,0.935
0.279296875,0.025,-0.444,-0.777,0.895
0.29633092880249023,0.131,-0.449,-0.834,0.956
0.29642391204833984,0.131,-0.449,-0.834,0.956
0.31342482566833496,0.137,-0.466,-0.791,0.928
0.3164539337158203,0.137,-0.466,-0.791,0.928
0.32980871200561523,0.101,-0.477,-0.801,0.938
0.3465566635131836,0.029,-0.479,-0.821,0.951
0.34665679931640625,0.029,-0.479,-0.821,0.951
0.3637537956237793,0.008,-0.499,-0.785,0.93
0.3667888641357422,0.008,-0.499,-0.785,0.93
0.3798856735229492,0.005,-0.505,-0.788,0.936
0.39722681045532227,-0.035,-0.388,-0.887,0.969
0.3973348140716553,-0.035,-0.388,-0.887,0.969
0.41306591033935547,-0.182,-0.333,-1.032,1.1
0.41614770889282227,-0.167,-0.441,-0.863,0.983
0.4298818111419678,-0.016,-0.528,-0.606,0.804
0.44669580459594727,0.028,-0.64,-0.761,0.995
0.4467887878417969,0.028,-0.64,-0.761,0.995
0.46311187744140625,0.033,-0.524,-0.67,0.851
0.4663057327270508,0.06,-0.429,-0.686,0.811
0.48059988021850586,0.058,-0.422,-0.901,0.997
0.48480987548828125,0.099,-0.467,-1.007,1.114
0.49759769439697266,0.059,-0.575,-0.918,1.085
0.5049388408660889,-0.054,-0.638,-0.88,1.088
0.5149848461151123,-0.183,-0.601,-0.916,1.111
0.5251238346099854,-0.165,-0.532,-0.792,0.968
0.535139799118042,-0.205,-0.452,-0.734,0.886
0.545252799987793,-0.254,-0.403,-0.756,0.894
0.5553879737854004,-0.26,-0.496,-0.766,0.949
0.5654737949371338,-0.354,-0.714,-0.788,1.121
0.5754218101501465,-0.456,-0.882,-0.749,1.244
0.5864849090576172,-0.278,-0.832,-0.678,1.109
0.6031179428100586,-0.082,-0.678,-0.568,0.888
0.6057167053222656,0.02,-0.662,-0.483,0.82
0.6166408061981201,0.301,-1.258,-0.332,1.335
0.6267709732055664,0.518,-1.433,-0.46,1.592
0.6367650032043457,-0.111,-0.404,-0.631,0.757
0.6466836929321289,-0.378,-0.315,-0.738,0.887
0.6573958396911621,-0.466,-0.562,-0.654,0.98
0.6671719551086426,-0.475,-0.7,-0.507,0.986
0.6780929565429688,-0.518,-0.716,-0.368,0.957
0.6872787475585938,-0.497,-0.646,-0.318,0.875
0.7085998058319092,-0.673,-0.565,-0.573,1.049
0.7090268135070801,-0.673,-0.565,-0.573,1.049
0.7173709869384766,-0.622,-0.552,-0.48,0.96
0.727759838104248,-0.84,-0.536,-0.328,1.049
0.7376458644866943,-0.969,-0.484,-0.191,1.1
0.7477188110351562,-1.067,-0.39,-0.16,1.147
0.7581498622894287,-1.133,-0.288,-0.141,1.178
0.7679157257080078,-1.118,-0.205,-0.144,1.146
0.7788388729095459,-1.089,-0.124,-0.141,1.105
0.7886199951171875,-1.064,-0.036,-0.14,1.074
0.8072676658630371,-0.911,0.089,-0.207,0.938
0.8099758625030518,-0.911,0.089,-0.207,0.938
0.8178586959838867,-0.736,0.145,-0.217,0.781
0.8279597759246826,-0.646,0.194,-0.175,0.697
0.8378176689147949,-0.609,0.22,-0.162,0.667
0.848233699798584,-0.636,0.217,-0.188,0.698
0.8580808639526367,-0.773,0.146,-0.246,0.824
0.8682007789611816,-0.714,0.078,-0.25,0.761
0.8783926963806152,-0.58,0.035,-0.298,0.653
0.8887367248535156,-0.715,-0.043,-0.388,0.815
0.9072227478027344,-0.8,-0.146,-0.442,0.926
0.9098958969116211,-0.957,-0.199,-0.53,1.112
0.9181747436523438,-1.134,-0.135,-0.504,1.248
0.9288098812103271,-1.248,-0.736,-0.623,1.577
0.9382967948913574,-1.279,-1.021,-0.721,1.788
0.9487497806549072,-1.221,-0.837,-0.621,1.605
0.959141731262207,-1.224,-0.736,-0.605,1.551
0.9686379432678223,-1.329,-0.787,-0.574,1.648
0.9793598651885986,-1.352,-0.958,-0.415,1.708
0.9888486862182617,-1.349,-1.083,-0.367,1.768
1.008037805557251,-1.395,-1.074,-0.364,1.798
1.0109786987304688,-1.368,-1.064,-0.301,1.759
1.0187249183654785,-1.246,-1.09,-0.219,1.67
1.0292959213256836,-1.182,-1.07,-0.155,1.602
1.0388758182525635,-1.219,-1.033,-0.071,1.599
1.0492098331451416,-1.31,-0.957,-0.048,1.623
1.0592808723449707,-1.384,-0.858,-0.002,1.628
1.0695767402648926,-1.505,-0.809,0.005,1.709
1.0796608924865723,-1.581,-0.782,0.081,1.766
1.0898289680480957,-1.627,-0.816,0.201,1.831
1.109391689300537,-1.956,-0.699,0.497,2.136
1.1118688583374023,-1.956,-0.699,0.497,2.136
1.1191959381103516,-1.96,-0.43,0.727,2.134
1.1295948028564453,-1.845,-0.251,1.014,2.12
1.1399378776550293,-1.745,-0.128,0.96,1.996
1.150087833404541,-1.684,0.071,0.709,1.829
1.1601567268371582,-1.671,0.301,0.492,1.768
1.1704349517822266,-1.595,0.412,0.31,1.676
1.1804118156433105,-1.486,0.425,0.173,1.555
1.1902847290039062,-1.418,0.464,0.134,1.498
1.2111749649047852,-1.335,0.404,0.157,1.404
1.2114598751068115,-1.335,0.404,0.157,1.404
1.2200818061828613,-1.324,0.32,0.198,1.376
1.2305927276611328,-1.305,0.25,0.209,1.345
1.2403907775878906,-1.272,0.177,0.207,1.301
1.250194787979126,-1.096,0.033,0.234,1.121
1.2850048542022705,-0.774,-0.047,0.506,0.926
1.2867908477783203,-0.774,-0.047,0.506,0.926
1.2869958877563477,-0.774,-0.047,0.506,0.926
1.289766788482666,-0.635,-0.206,0.344,0.751
1.3057198524475098,-0.511,-0.281,0.254,0.636
1.3098747730255127,-0.35,-0.357,0.186,0.533
1.320295810699463,-0.242,-0.386,0.219,0.505
1.3310327529907227,-0.197,-0.356,0.314,0.514
1.339911937713623,-0.155,-0.339,0.37,0.525
1.350928783416748,-0.205,-0.292,0.383,0.523
1.36161470413208,-0.277,-0.223,0.358,0.505
1.371654987335205,-0.298,-0.187,0.283,0.452
1.381387710571289,-0.311,-0.191,0.222,0.427
1.391988754272461,-0.321,-0.191,0.185,0.417
1.4113759994506836,-0.399,-0.19,0.18,0.477
1.411693811416626,-0.399,-0.19,0.18,0.477
1.4213528633117676,-0.447,-0.081,0.225,0.507
2.0810508728027344,0.911,0.934,2.218,2.573
2.0812618732452393,0.911,0.934,2.218,2.573
2.0814688205718994,0.911,0.934,2.218,2.573
2.0816617012023926,0.911,0.934,2.218,2.573
2.083706855773926,1.741,1.262,2.484,3.285
2.0842788219451904,1.741,1.262,2.484,3.285
2.084474802017212,1.741,1.262,2.484,3.285
2.084688663482666,1.741,1.262,2.484,3.285
2.0848727226257324,1.741,1.262,2.484,3.285
2.085049867630005,1.741,1.262,2.484,3.285
2.0852508544921875,1.741,1.262,2.484,3.285
2.0854249000549316,1.741,1.262,2.484,3.285
2.0856237411499023,1.741,1.262,2.484,3.285
2.0859158039093018,1.741,1.262,2.484,3.285
2.0861198902130127,1.741,1.262,2.484,3.285
2.0862958431243896,1.741,1.262,2.484,3.285
2.0865018367767334,1.741,1.262,2.484,3.285
2.086699962615967,1.741,1.262,2.484,3.285
2.0868759155273438,1.741,1.262,2.484,3.285
2.087078809738159,1.741,1.262,2.484,3.285
2.087277889251709,1.741,1.262,2.484,3.285
2.087474822998047,1.741,1.262,2.484,3.285
2.087657928466797,1.741,1.262,2.484,3.285
2.087831974029541,1.741,1.262,2.484,3.285
2.0880138874053955,1.741,1.262,2.484,3.285
2.088198661804199,1.741,1.262,2.484,3.285
2.088425874710083,1.741,1.262,2.484,3.285
2.0886008739471436,1.741,1.262,2.484,3.285
2.088834762573242,1.741,1.262,2.484,3.285
2.0890116691589355,1.741,1.262,2.484,3.285
2.0892298221588135,1.741,1.262,2.484,3.285
2.089427947998047,1.741,1.262,2.484,3.285
2.0896339416503906,1.741,1.262,2.484,3.285
2.0898218154907227,1.741,1.262,2.484,3.285
2.089996814727783,1.741,1.262,2.484,3.285
2.0902099609375,1.741,1.262,2.484,3.285
2.090397834777832,1.741,1.262,2.484,3.285
2.090573787689209,1.741,1.262,2.484,3.285
2.090759754180908,1.741,1.262,2.484,3.285
2.090937852859497,1.741,1.262,2.484,3.285
2.0911128520965576,1.741,1.262,2.484,3.285
2.091301918029785,1.741,1.262,2.484,3.285
2.0914769172668457,1.741,1.262,2.484,3.285
2.091667890548706,1.741,1.262,2.484,3.285
2.0918569564819336,1.741,1.262,2.484,3.285
2.092033863067627,1.741,1.262,2.484,3.285
2.0922279357910156,1.741,1.262,2.484,3.285
2.0924057960510254,1.741,1.262,2.484,3.285
2.0925889015197754,1.741,1.262,2.484,3.285
2.0927698612213135,1.741,1.262,2.484,3.285
2.0929579734802246,1.741,1.262,2.484,3.285
2.0931708812713623,1.741,1.262,2.484,3.285
2.093345880508423,1.741,1.262,2.484,3.285
2.0935797691345215,1.741,1.262,2.484,3.285
2.0937578678131104,1.741,1.262,2.484,3.285
2.0940558910369873,1.061,1.084,1.952,2.472
2.0946826934814453,1.061,1.084,1.952,2.472
2.094876766204834,1.061,1.084,1.952,2.472
2.095054864883423,1.061,1.084,1.952,2.472
2.0952818393707275,1.061,1.084,1.952,2.472
2.0954599380493164,1.061,1.084,1.952,2.472
2.0956478118896484,1.061,1.084,1.952,2.472
2.0958566665649414,1.061,1.084,1.952,2.472
2.0960638523101807,1.061,1.084,1.952,2.472
2.096245765686035,1.061,1.084,1.952,2.472
2.0985898971557617,1.061,1.084,1.952,2.472
2.0987796783447266,1.061,1.084,1.952,2.472
2.105254888534546,0.18,0.984,1.61,1.895
2.114576816558838,0.165,0.803,0.943,1.25
2.124880790710449,0.236,0.444,0.507,0.714
2.1350178718566895,0.18,0.21,0.388,0.476
2.1449790000915527,-0.028,0.263,0.334,0.426
2.1547226905822754,-0.037,0.573,-0.137,0.59
2.1647896766662598,0.242,0.882,-0.575,1.08
2.1748547554016113,0.091,0.596,-0.161,0.624
2.184962749481201,0.084,0.531,-0.174,0.565
2.195168972015381,0.088,0.467,0.026,0.476
66.47633600234985,-0.069,0.884,0.093,0.892
66.47641468048096,-0.069,0.884,0.093,0.892
66.47648000717163,-0.069,0.884,0.093,0.892
66.47654294967651,-0.069,0.884,0.093,0.892
66.47660684585571,-0.069,0.884,0.093,0.892
66.47666788101196,-0.069,0.884,0.093,0.892
66.47672986984253,-0.069,0.884,0.093,0.892
66.47679090499878,-0.069,0.884,0.093,0.892
66.47685098648071,-0.069,0.884,0.093,0.892
66.47695875167847,-0.069,0.884,0.093,0.892
66.47702288627625,-0.069,0.884,0.093,0.892
66.4770827293396,-0.069,0.884,0.093,0.892
66.47714281082153,-0.069,0.884,0.093,0.892
66.47720384597778,-0.069,0.884,0.093,0.892
66.47726392745972,-0.069,0.884,0.093,0.892
66.47732496261597,-0.069,0.884,0.093,0.892
66.47738480567932,-0.069,0.884,0.093,0.892
66.47744488716125,-0.069,0.884,0.093,0.892
66.47750473022461,-0.069,0.884,0.093,0.892
66.47756481170654,-0.069,0.884,0.093,0.892
66.4776258468628,-0.069,0.884,0.093,0.892
66.47768592834473,-0.069,0.884,0.093,0.892
66.47774600982666,-0.069,0.884,0.093,0.892
66.47780680656433,-0.069,0.884,0.093,0.892
66.47786688804626,-0.069,0.884,0.093,0.892
66.47792768478394,-0.069,0.884,0.093,0.892
66.47798681259155,-0.069,0.884,0.093,0.892
66.47804880142212,-0.069,0.884,0.093,0.892
66.47810983657837,-0.069,0.884,0.093,0.892
66.4781699180603,-0.069,0.884,0.093,0.892
66.47822999954224,-0.069,0.884,0.093,0.892
66.47828888893127,-0.069,0.884,0.093,0.892
66.47834968566895,-0.069,0.884,0.093,0.892
66.47840881347656,-0.069,0.884,0.093,0.892
66.4784688949585,-0.069,0.884,0.093,0.892
66.47852897644043,-0.069,0.884,0.093,0.892
66.47858881950378,-0.069,0.884,0.093,0.892
66.47864866256714,-0.069,0.884,0.093,0.892
66.47870874404907,-0.069,0.884,0.093,0.892
66.478768825531,-0.069,0.884,0.093,0.892
66.47882986068726,-0.069,0.884,0.093,0.892
66.47888994216919,-0.069,0.884,0.093,0.892
66.47894978523254,-0.069,0.884,0.093,0.892
66.47900986671448,-0.069,0.884,0.093,0.892
66.47906970977783,-0.069,0.884,0.093,0.892
66.47912979125977,-0.069,0.884,0.093,0.892
66.4791898727417,-0.069,0.884,0.093,0.892
66.47924995422363,-0.069,0.884,0.093,0.892
66.47931098937988,-0.069,0.884,0.093,0.892
66.47936987876892,-0.069,0.884,0.093,0.892
66.47942972183228,-0.069,0.884,0.093,0.892
66.47948980331421,-0.069,0.884,0.093,0.892
66.47954988479614,-0.069,0.884,0.093,0.892
66.47960996627808,-0.069,0.884,0.093,0.892
66.47966980934143,-0.069,0.884,0.093,0.892
66.47972989082336,-0.069,0.884,0.093,0.892
66.47978973388672,-0.069,0.884,0.093,0.892
66.47985172271729,-0.069,0.884,0.093,0.892
66.47991180419922,-0.069,0.884,0.093,0.892
66.47999095916748,-0.069,0.884,0.093,0.892
66.48005294799805,-0.069,0.884,0.093,0.892
66.4801139831543,-0.069,0.884,0.093,0.892
66.48017382621765,-0.069,0.884,0.093,0.892
66.480233669281,-0.069,0.884,0.093,0.892
66.48029375076294,-0.069,0.884,0.093,0.892
66.48035383224487,-0.069,0.884,0.093,0.892
66.48041296005249,-0.069,0.884,0.093,0.892
66.48047280311584,-0.069,0.884,0.093,0.892
66.48053288459778,-0.069,0.884,0.093,0.892
66.48059368133545,-0.069,0.884,0.093,0.892
66.48065376281738,-0.069,0.884,0.093,0.892
66.48071384429932,-0.069,0.884,0.093,0.892
66.48077392578125,-0.069,0.884,0.093,0.892
66.48083400726318,-0.069,0.884,0.093,0.892
66.48089385032654,-0.069,0.884,0.093,0.892
66.48095369338989,-0.069,0.884,0.093,0.892
66.48101377487183,-0.069,0.884,0.093,0.892
66.48107385635376,-0.069,0.884,0.093,0.892
66.4811339378357,-0.069,0.884,0.093,0.892
66.48119378089905,-0.069,0.884,0.093,0.892
66.48125386238098,-0.069,0.884,0.093,0.892
66.48131275177002,-0.069,0.884,0.093,0.892
66.48137378692627,-0.069,0.884,0.093,0.892
66.48143291473389,-0.069,0.884,0.093,0.892
66.48149299621582,-0.069,0.884,0.093,0.892
66.48155283927917,-0.069,0.884,0.093,0.892
66.48161268234253,-0.069,0.884,0.093,0.892
66.48167276382446,-0.069,0.884,0.093,0.892
66.4817328453064,-0.069,0.884,0.093,0.892
66.48179292678833,-0.069,0.884,0.093,0.892
66.48185396194458,-0.069,0.884,0.093,0.892
66.48191285133362,-0.069,0.884,0.093,0.892
66.48197269439697,-0.069,0.884,0.093,0.892
66.4820327758789,-0.069,0.884,0.093,0.892
66.48209381103516,-0.069,0.884,0.093,0.892
66.4821548461914,-0.069,0.884,0.093,0.892
66.48221969604492,-0.069,0.884,0.093,0.892
66.48228073120117,-0.069,0.884,0.093,0.892
66.48234176635742,-0.069,0.884,0.093,0.892
66.48240184783936,-0.069,0.884,0.093,0.892
66.48246192932129,-0.069,0.884,0.093,0.892
66.48252201080322,-0.069,0.884,0.093,0.892
66.48258185386658,-0.069,0.884,0.093,0.892
66.48264169692993,-0.069,0.884,0.093,0.892
66.48270177841187,-0.069,0.884,0.093,0.892
66.4827618598938,-0.069,0.884,0.093,0.892
66.48282194137573,-0.069,0.884,0.093,0.892
66.48288178443909,-0.069,0.884,0.093,0.892
66.48294186592102,-0.069,0.884,0.093,0.892
66.48300170898438,-0.069,0.884,0.093,0.892
66.48306083679199,-0.069,0.884,0.093,0.892
66.48312091827393,-0.069,0.884,0.093,0.892
66.48318481445312,-0.069,0.884,0.093,0.892
66.48324394226074,-0.069,0.884,0.093,0.892
66.48333787918091,-0.069,0.884,0.093,0.892
66.48344588279724,-0.069,0.884,0.093,0.892
66.48351669311523,-0.069,0.884,0.093,0.892
66.48358082771301,-0.069,0.884,0.093,0.892
66.48364281654358,-0.069,0.884,0.093,0.892
66.48370385169983,-0.069,0.884,0.093,0.892
66.48376369476318,-0.069,0.884,0.093,0.892
66.48382472991943,-0.069,0.884,0.093,0.892
66.48388481140137,-0.069,0.884,0.093,0.892
66.4839448928833,-0.069,0.884,0.093,0.892
66.48400592803955,-0.069,0.884,0.093,0.892
66.48406600952148,-0.069,0.884,0.093,0.892
66.48412466049194,-0.069,0.884,0.093,0.892
66.48418688774109,-0.069,0.884,0.093,0.892
66.48424673080444,-0.069,0.884,0.093,0.892
66.48430681228638,-0.069,0.884,0.093,0.892
66.48436689376831,-0.069,0.884,0.093,0.892
66.48442792892456,-0.069,0.884,0.093,0.892
66.4844868183136,-0.069,0.884,0.093,0.892
66.48454666137695,-0.069,0.884,0.093,0.892
66.48460578918457,-0.069,0.884,0.093,0.892
66.4846658706665,-0.069,0.884,0.093,0.892
66.48472595214844,-0.069,0.884,0.093,0.892
66.48478484153748,-0.069,0.884,0.093,0.892
66.48484468460083,-0.08,1.107,-0.009,1.11
66.4850606918335,-0.153,1.138,-0.231,1.171
66.48520994186401,-0.098,1.37,-0.251,1.396
66.48535966873169,-0.025,0.81,-0.195,0.834
66.48550987243652,-0.128,1.587,0.059,1.593
66.48565578460693,-0.091,0.662,-0.153,0.686
66.48580288887024,-0.038,0.872,-0.249,0.983
66.48598885536194,-0.047,0.66,-0.077,0.666
66.48609066009521,-0.047,0.66,-0.077,0.666
66.48615384101868,-0.047,0.66,-0.077,0.666
66.48621582984924,-0.047,0.66,-0.077,0.666
66.4862756729126,-0.047,0.66,-0.077,0.666
66.48633885383606,-0.047,0.66,-0.077,0.666
66.48639869689941,-0.047,0.66,-0.077,0.666
66.48645877838135,-0.047,0.66,-0.077,0.666
66.48651885986328,-0.047,0.66,-0.077,0.666
66.48657894134521,-0.047,0.66,-0.077,0.666
66.48663878440857,-0.047,0.66,-0.077,0.666
66.4866988658905,-0.047,0.66,-0.077,0.666
66.48684597015381,-0.066,1.149,-0.324,1.196
66.4869909286499,-0.189,1.045,-0.148,1.078
66.48713278770447,-0.055,0.533,-0.193,0.57
66.48728895187378,0.005,0.619,-0.195,0.649
66.48743295669556,-0.182,1.275,-0.083,1.291
66.48757886886597,-0.082,1.021,-0.071,1.027
66.48772096633911,-0.082,1.021,-0.071,1.027
66.487783908844,-0.172,1.041,-0.273,1.09
66.48797988891602,-0.148,0.84,-0.14,0.864
66.48813772201538,-0.072,0.684,0.102,0.695
66.48823690414429,-0.218,1.345,-0.203,1.378
66.48838782310486,-0.236,1.519,0.076,1.539
66.48857879638672,-0.142,1.069,-0.337,1.13
66.48873782157898,-0.03,0.77,-0.111,0.779
66.48888087272644,-0.115,1.085,-0.201,1.109
66.48902797698975,-0.167,1.07,-0.271,1.116
66.48918199539185,-0.333,0.746429443359375,0.087,0.83
66.48935270309448,-0.219,0.91,0.054,0.938
66.48953199386597,-0.348,0.901,-0.014,0.966
66.48970985412598,-0.253,1.279,-0.153,1.313
66.48986291885376,-0.135,1.063,-0.224,1.095
66.49001598358154,-0.29,1.036,-0.238,1.102
66.49014091491699,-0.171,1.187,0.005,1.199
66.49028396606445,0.031,-0.54,-0.803,0.968
66.49042582511902,0.031,-0.54,-0.803,0.968
66.49048781394958,-0.216,0.968,-0.139,1.001
66.49062871932983,-0.216,0.968,-0.139,1.001
66.4906907081604,-0.216,0.968,-0.139,1.001
66.49075174331665,-0.216,0.968,-0.139,1.001
66.4908127784729,-0.216,0.968,-0.139,1.001
66.49087381362915,-0.216,0.968,-0.139,1.001
66.4909348487854,-0.216,0.968,-0.139,1.001
66.49099588394165,-0.216,0.968,-0.139,1.001
66.49105596542358,-0.216,0.968,-0.139,1.001
66.49111700057983,-0.216,0.968,-0.139,1.001
66.4911777973175,-0.216,0.968,-0.139,1.001
66.49123883247375,-0.216,0.968,-0.139,1.001
66.49129986763,-0.216,0.968,-0.139,1.001
66.49136066436768,-0.216,0.968,-0.139,1.001
66.49142169952393,-0.216,0.968,-0.139,1.001
66.49148178100586,-0.216,0.968,-0.139,1.001
66.4915418624878,-0.216,0.968,-0.139,1.001
66.49160289764404,-0.216,0.968,-0.139,1.001
66.4916639328003,-0.216,0.968,-0.139,1.001
66.49172496795654,-0.216,0.968,-0.139,1.001
66.4917848110199,-0.216,0.968,-0.139,1.001
66.49184584617615,-0.216,0.968,-0.139,1.001
66.4919056892395,-0.216,0.968,-0.139,1.001
66.49196577072144,-0.216,0.968,-0.139,1.001
66.49202680587769,-0.216,0.968,-0.139,1.001
66.49208688735962,-0.216,0.968,-0.139,1.001
66.49214792251587,-0.216,0.968,-0.139,1.001
66.4922080039978,-0.216,0.968,-0.139,1.001
66.49226784706116,-0.216,0.968,-0.139,1.001
66.49232888221741,-0.216,0.968,-0.139,1.001
66.49238872528076,-0.216,0.968,-0.139,1.001
66.4924488067627,-0.216,0.968,-0.139,1.001
66.49250984191895,-0.216,0.968,-0.139,1.001
66.4925708770752,-0.216,0.968,-0.139,1.001
66.49263095855713,-0.216,0.968,-0.139,1.001
66.49269199371338,-0.216,0.968,-0.139,1.001
66.49275279045105,-0.216,0.968,-0.139,1.001
66.49281287193298,-0.216,0.968,-0.139,1.001
66.49287366867065,-0.216,0.968,-0.139,1.001
66.4929347038269,-0.216,0.968,-0.139,1.001
66.49299478530884,-0.216,0.968,-0.139,1.001
66.49305582046509,-0.216,0.968,-0.139,1.001
66.49311590194702,-0.216,0.968,-0.139,1.001
66.49317693710327,-0.216,0.968,-0.139,1.001
66.49323678016663,-0.216,0.968,-0.139,1.001
66.49329686164856,-0.216,0.968,-0.139,1.001
66.49335765838623,-0.216,0.968,-0.139,1.001
66.49341773986816,-0.216,0.968,-0.139,1.001
66.4934778213501,-0.216,0.968,-0.139,1.001
66.49353885650635,-0.216,0.968,-0.139,1.001
66.4935998916626,-0.216,0.968,-0.139,1.001
66.49365997314453,-0.216,0.968,-0.139,1.001
66.49371981620789,-0.216,0.968,-0.139,1.001
66.49377965927124,-0.216,0.968,-0.139,1.001
66.49384069442749,-0.216,0.968,-0.139,1.001
66.49390077590942,-0.216,0.968,-0.139,1.001
66.49396085739136,-0.216,0.968,-0.139,1.001
66.49402189254761,-0.216,0.968,-0.139,1.001
66.49408292770386,-0.216,0.968,-0.139,1.001
66.49414300918579,-0.216,0.968,-0.139,1.001
66.49420285224915,-0.216,0.968,-0.139,1.001
66.4942638874054,-0.216,0.968,-0.139,1.001
66.49432373046875,-0.216,0.968,-0.139,1.001
66.494384765625,-0.216,0.968,-0.139,1.001
66.49444484710693,-0.216,0.968,-0.139,1.001
66.49450492858887,-0.216,0.968,-0.139,1.001
66.49456596374512,-0.216,0.968,-0.139,1.001
66.49462699890137,-0.216,0.968,-0.139,1.001
66.49468898773193,-0.216,0.968,-0.139,1.001
66.49474883079529,-0.216,0.968,-0.139,1.001
66.49480986595154,-0.216,0.968,-0.139,1.001
66.49486970901489,-0.216,0.968,-0.139,1.001
66.49493074417114,-0.216,0.968,-0.139,1.001
66.49499082565308,-0.216,0.968,-0.139,1.001
66.49505090713501,-0.216,0.968,-0.139,1.001
66.49511194229126,-0.216,0.968,-0.139,1.001
66.49517178535461,-0.216,0.968,-0.139,1.001
66.49523282051086,-0.216,0.968,-0.139,1.001
66.49529266357422,-0.216,0.968,-0.139,1.001
66.49535369873047,-0.216,0.968,-0.139,1.001
66.4954137802124,-0.216,0.968,-0.139,1.001
66.49547481536865,-0.216,0.968,-0.139,1.001
66.49553489685059,-0.216,0.968,-0.139,1.001
66.49559497833252,-0.216,0.968,-0.139,1.001
66.49565577507019,-0.216,0.968,-0.139,1.001
66.49571585655212,-0.216,0.968,-0.139,1.001
66.49577569961548,-0.216,0.968,-0.139,1.001
66.49583578109741,0.014,-0.543,-0.773,0.945
66.4959888458252,0.014,-0.543,-0.773,0.945
66.49604988098145,0.014,-0.543,-0.773,0.945
66.4961109161377,0.014,-0.543,-0.773,0.945
66.49617195129395,0.014,-0.543,-0.773,0.945
66.4962317943573,0.014,-0.543,-0.773,0.945
66.49629282951355,0.014,-0.543,-0.773,0.945
66.4963526725769,0.014,-0.543,-0.773,0.945
66.49641275405884,0.014,-0.543,-0.773,0.945
66.4964747428894,0.014,-0.543,-0.773,0.945
66.49653482437134,0.014,-0.543,-0.773,0.945
66.49659585952759,0.014,-0.543,-0.773,0.945
66.49665689468384,0.014,-0.543,-0.773,0.945
66.49671792984009,0.014,-0.543,-0.773,0.945
66.49677991867065,0.014,-0.543,-0.773,0.945
66.49684286117554,0.014,-0.543,-0.773,0.945
66.49690580368042,0.014,-0.543,-0.773,0.945
66.49696779251099,0.014,-0.543,-0.773,0.945
66.49703168869019,0.014,-0.543,-0.773,0.945
66.49709367752075,0.014,-0.543,-0.773,0.945
66.49715685844421,0.014,-0.543,-0.773,0.945
66.49721884727478,0.014,-0.543,-0.773,0.945
66.49728083610535,0.014,-0.543,-0.773,0.945
66.49734377861023,0.014,-0.543,-0.773,0.945
66.49740695953369,0.014,-0.543,-0.773,0.945
66.49746894836426,0.014,-0.543,-0.773,0.945
66.49752879142761,0.014,-0.543,-0.773,0.945
66.49758887290955,0.014,-0.543,-0.773,0.945
66.49764966964722,0.014,-0.543,-0.773,0.945
66.49770975112915,0.014,-0.543,-0.773,0.945
66.4977707862854,0.014,-0.543,-0.773,0.945
66.49783086776733,0.014,-0.543,-0.773,0.945
66.49789094924927,0.014,-0.543,-0.773,0.945
66.49795079231262,0.014,-0.543,-0.773,0.945
66.49801182746887,0.014,-0.543,-0.773,0.945
66.49807167053223,0.014,-0.543,-0.773,0.945
66.49813175201416,0.014,-0.543,-0.773,0.945
66.49819278717041,0.014,-0.543,-0.773,0.945
66.49825286865234,0.014,-0.543,-0.773,0.945
66.49831581115723,0.014,-0.543,-0.773,0.945
66.49837589263916,0.014,-0.543,-0.773,0.945
66.4984359741211,0.014,-0.543,-0.773,0.945
66.49849581718445,0.014,-0.543,-0.773,0.945
66.4985556602478,0.014,-0.543,-0.773,0.945
66.49861669540405,0.014,-0.543,-0.773,0.945
66.49867677688599,0.014,-0.543,-0.773,0.945
66.49873781204224,0.014,-0.543,-0.773,0.945
66.49879789352417,0.014,-0.543,-0.773,0.945
66.49885892868042,0.014,-0.543,-0.773,0.945
66.49891901016235,0.014,-0.543,-0.773,0.945
66.49897885322571,0.014,-0.543,-0.773,0.945
66.49903869628906,0.014,-0.543,-0.773,0.945
66.49909973144531,0.014,-0.543,-0.773,0.945
66.49915981292725,0.014,-0.543,-0.773,0.945
66.49921989440918,0.014,-0.543,-0.773,0.945
66.49927997589111,0.014,-0.543,-0.773,0.945
66.49933981895447,0.014,-0.543,-0.773,0.945
66.49940085411072,0.014,-0.543,-0.773,0.945
66.49946069717407,0.014,-0.543,-0.773,0.945
66.49952173233032,0.014,-0.543,-0.773,0.945
66.49958086013794,0.014,-0.543,-0.773,0.945
66.49964189529419,0.014,-0.543,-0.773,0.945
66.49970197677612,0.014,-0.543,-0.773,0.945
66.49976181983948,0.014,-0.543,-0.773,0.945
66.49982166290283,0.014,-0.543,-0.773,0.945
66.49988174438477,0.014,-0.543,-0.773,0.945
66.4999418258667,0.014,-0.543,-0.773,0.945
66.50000286102295,0.014,-0.543,-0.773,0.945
66.5000638961792,0.014,-0.543,-0.773,0.945
66.50012397766113,0.014,-0.543,-0.773,0.945
66.50018382072449,0.014,-0.543,-0.773,0.945
66.50024366378784,0.014,-0.543,-0.773,0.945
66.50030469894409,0.014,-0.543,-0.773,0.945
66.50036478042603,0.014,-0.543,-0.773,0.945
66.50042486190796,0.014,-0.543,-0.773,0.945
66.50048494338989,0.014,-0.543,-0.773,0.945
66.50054597854614,0.014,-0.543,-0.773,0.945
66.5006058216095,0.014,-0.543,-0.773,0.945
66.50066566467285,0.014,-0.543,-0.773,0.945
66.5007266998291,0.014,-0.543,-0.773,0.945
66.50078678131104,0.014,-0.543,-0.773,0.945
66.50084686279297,0.014,-0.543,-0.773,0.945
66.5009069442749,0.014,-0.543,-0.773,0.945
66.50096678733826,0.014,-0.543,-0.773,0.945
66.50102686882019,0.014,-0.543,-0.773,0.945
66.50108671188354,0.014,-0.543,-0.773,0.945
66.50114679336548,0.014,-0.543,-0.773,0.945
66.50120687484741,0.014,-0.543,-0.773,0.945
66.50126791000366,0.014,-0.543,-0.773,0.945
66.5013279914856,0.014,-0.543,-0.773,0.945
66.50138783454895,0.014,-0.543,-0.773,0.945
66.5014476776123,0.014,-0.543,-0.773,0.945
66.50150775909424,0.014,-0.543,-0.773,0.945
66.50156879425049,0.014,-0.543,-0.773,0.945
66.50162887573242,0.014,-0.543,-0.773,0.945
66.50168895721436,0.014,-0.543,-0.773,0.945
66.5017499923706,0.014,-0.543,-0.773,0.945
66.50181293487549,0.014,-0.543,-0.773,0.945
66.50187277793884,0.014,-0.543,-0.773,0.945
66.50193285942078,0.014,-0.543,-0.773,0.945
66.50199270248413,0.014,-0.543,-0.773,0.945
66.50205278396606,0.014,-0.543,-0.773,0.945
66.502112865448,0.014,-0.543,-0.773,0.945
66.50217294692993,0.014,-0.543,-0.773,0.945
66.50223278999329,0.014,-0.543,-0.773,0.945
66.50229382514954,0.014,-0.543,-0.773,0.945
66.50235366821289,0.014,-0.543,-0.773,0.945
66.50241470336914,0.014,-0.543,-0.773,0.945
66.50247573852539,0.014,-0.543,-0.773,0.945
66.50253582000732,0.014,-0.543,-0.773,0.945
66.50259780883789,0.014,-0.543,-0.773,0.945
66.50266075134277,0.014,-0.543,-0.773,0.945
66.5027208328247,0.014,-0.543,-0.773,0.945
66.50278186798096,0.014,-0.543,-0.773,0.945
66.5028429031372,0.014,-0.543,-0.773,0.945
66.50290393829346,0.014,-0.543,-0.773,0.945
66.5029649734497,0.014,-0.543,-0.773,0.945
66.50302481651306,0.014,-0.543,-0.773,0.945
66.50308585166931,0.014,-0.543,-0.773,0.945
66.50314784049988,0.014,-0.543,-0.773,0.945
66.50320982933044,0.014,-0.543,-0.773,0.945
66.50327181816101,0.014,-0.543,-0.773,0.945
66.50333380699158,0.014,-0.543,-0.773,0.945
66.50339579582214,0.014,-0.543,-0.773,0.945
66.50345778465271,0.014,-0.543,-0.773,0.945
66.50351977348328,0.014,-0.543,-0.773,0.945
66.50358200073242,0.014,-0.543,-0.773,0.945
66.50364398956299,0.014,-0.543,-0.773,0.945
66.50370597839355,0.014,-0.543,-0.773,0.945
66.50376796722412,0.014,-0.543,-0.773,0.945
66.50382995605469,0.014,-0.543,-0.773,0.945
66.50388979911804,0.014,-0.543,-0.773,0.945
66.50395083427429,0.014,-0.543,-0.773,0.945
66.50401067733765,0.014,-0.543,-0.773,0.945
66.5040717124939,0.014,-0.543,-0.773,0.945
66.50413274765015,0.014,-0.543,-0.773,0.945
66.50419473648071,0.014,-0.543,-0.773,0.945
66.50425577163696,0.014,-0.543,-0.773,0.945
66.5043158531189,0.014,-0.543,-0.773,0.945
66.50437688827515,0.014,-0.543,-0.773,0.945
66.50443696975708,0.014,-0.543,-0.773,0.945
66.50449800491333,0.014,-0.543,-0.773,0.945
66.50455784797668,0.014,-0.543,-0.773,0.945
66.50461769104004,0.014,-0.543,-0.773,0.945
66.50467777252197,0.014,-0.543,-0.773,0.945
66.5047378540039,0.014,-0.543,-0.773,0.945
66.50479698181152,0.014,-0.543,-0.773,0.945
66.50485682487488,0.014,-0.543,-0.773,0.945
66.50491666793823,0.014,-0.543,-0.773,0.945
66.50497674942017,0.014,-0.543,-0.773,0.945
66.50503778457642,0.014,-0.543,-0.773,0.945
66.50509786605835,0.014,-0.543,-0.773,0.945
66.50515794754028,0.014,-0.543,-0.773,0.945
66.50521779060364,0.014,-0.543,-0.773,0.945
66.50527787208557,0.014,-0.543,-0.773,0.945
66.50533866882324,0.014,-0.543,-0.773,0.945
66.50539875030518,0.014,-0.543,-0.773,0.945
66.50545883178711,0.014,-0.543,-0.773,0.945
66.50551891326904,0.014,-0.543,-0.773,0.945
66.50557899475098,0.014,-0.543,-0.773,0.945
66.50563883781433,0.014,-0.543,-0.773,0.945
66.50569868087769,0.014,-0.543,-0.773,0.945
66.50575876235962,0.014,-0.543,-0.773,0.945
66.50581884384155,0.014,-0.543,-0.773,0.945
66.50587892532349,0.005,-0.564,-0.747,0.936
66.50602579116821,0.005,-0.564,-0.747,0.936
66.50608777999878,0.005,-0.564,-0.747,0.936
66.50614881515503,0.005,-0.564,-0.747,0.936
66.50620889663696,0.005,-0.564,-0.747,0.936
66.50626993179321,0.005,-0.564,-0.747,0.936
66.50632977485657,0.005,-0.564,-0.747,0.936
66.5063898563385,0.005,-0.564,-0.747,0.936
66.50645089149475,0.005,-0.564,-0.747,0.936
66.50651168823242,0.005,-0.564,-0.747,0.936
66.50657176971436,0.005,-0.564,-0.747,0.936
66.50663185119629,0.005,-0.564,-0.747,0.936
66.50669193267822,0.005,-0.564,-0.747,0.936
66.50675177574158,0.005,-0.564,-0.747,0.936
66.50681281089783,0.005,-0.564,-0.747,0.936
66.50687265396118,0.005,-0.564,-0.747,0.936
66.50693368911743,0.005,-0.564,-0.747,0.936
66.50699377059937,0.005,-0.564,-0.747,0.936
66.50705480575562,0.005,-0.564,-0.747,0.936
66.50711488723755,0.005,-0.564,-0.747,0.936
66.5071759223938,0.005,-0.564,-0.747,0.936
66.50723600387573,0.005,-0.564,-0.747,0.936
66.50729584693909,0.005,-0.564,-0.747,0.936
66.50735569000244,0.005,-0.564,-0.747,0.936
66.50741672515869,0.005,-0.564,-0.747,0.936
66.50747776031494,0.005,-0.564,-0.747,0.936
66.50753784179688,0.005,-0.564,-0.747,0.936
66.50759792327881,0.005,-0.564,-0.747,0.936
66.50765800476074,0.005,-0.564,-0.747,0.936
66.50771880149841,0.005,-0.564,-0.747,0.936
66.50777888298035,0.005,-0.564,-0.747,0.936
66.5078387260437,0.005,-0.564,-0.747,0.936
66.50789880752563,0.005,-0.564,-0.747,0.936
66.50795984268188,0.005,-0.564,-0.747,0.936
66.50802087783813,0.005,-0.564,-0.747,0.936
66.50808095932007,0.005,-0.564,-0.747,0.936
66.50814080238342,0.005,-0.564,-0.747,0.936
66.50820088386536,0.005,-0.564,-0.747,0.936
66.50826072692871,0.005,-0.564,-0.747,0.936
66.50832271575928,0.005,-0.564,-0.747,0.936
66.50838279724121,0.005,-0.564,-0.747,0.936
66.50844287872314,0.005,-0.564,-0.747,0.936
66.5085039138794,0.005,-0.564,-0.747,0.936
66.50856399536133,0.005,-0.564,-0.747,0.936
66.50862383842468,0.005,-0.564,-0.747,0.936
66.50868487358093,0.005,-0.564,-0.747,0.936
66.5087456703186,0.005,-0.564,-0.747,0.936
66.50880670547485,0.005,-0.564,-0.747,0.936
66.50886678695679,0.005,-0.564,-0.747,0.936
66.50892686843872,0.005,-0.564,-0.747,0.936
66.50898694992065,0.005,-0.564,-0.747,0.936
66.50904679298401,0.005,-0.564,-0.747,0.936
66.50910687446594,0.005,-0.564,-0.747,0.936
66.5091667175293,0.005,-0.564,-0.747,0.936
66.50922679901123,0.005,-0.564,-0.747,0.936
66.50928783416748,0.005,-0.564,-0.747,0.936
66.50934886932373,0.005,-0.564,-0.747,0.936
66.50940990447998,0.005,-0.564,-0.747,0.936
66.50946998596191,0.005,-0.564,-0.747,0.936
66.50952982902527,0.005,-0.564,-0.747,0.936
66.50958967208862,0.005,-0.564,-0.747,0.936
66.50964975357056,0.005,-0.564,-0.747,0.936
66.50970983505249,0.005,-0.564,-0.747,0.936
66.50977087020874,0.005,-0.564,-0.747,0.936
66.50983095169067,0.005,-0.564,-0.747,0.936
66.50989198684692,0.005,-0.564,-0.747,0.936
66.5099527835846,0.005,-0.564,-0.747,0.936
66.51001381874084,0.005,-0.564,-0.747,0.936
66.5100736618042,0.005,-0.564,-0.747,0.936
66.51013374328613,0.005,-0.564,-0.747,0.936
66.51019382476807,0.005,-0.564,-0.747,0.936
66.51025390625,0.005,-0.564,-0.747,0.936
66.51031970977783,0.005,-0.564,-0.747,0.936
66.51038980484009,0.005,-0.564,-0.747,0.936
66.51045989990234,0.005,-0.564,-0.747,0.936
66.51053094863892,0.005,-0.564,-0.747,0.936
66.51060080528259,0.005,-0.564,-0.747,0.936
66.51067066192627,0.005,-0.564,-0.747,0.936
66.51074171066284,0.005,-0.564,-0.747,0.936
66.5108118057251,0.005,-0.564,-0.747,0.936
66.51088190078735,0.005,-0.564,-0.747,0.936
66.51097583770752,0.005,-0.564,-0.747,0.936
66.51109981536865,0.005,-0.564,-0.747,0.936
66.51118278503418,0.005,-0.564,-0.747,0.936
66.51125884056091,0.005,-0.564,-0.747,0.936
66.51133179664612,0.005,-0.564,-0.747,0.936
66.5114049911499,0.005,-0.564,-0.747,0.936
66.5114758014679,0.005,-0.564,-0.747,0.936
66.51154899597168,0.005,-0.564,-0.747,0.936
66.51162099838257,0.005,-0.564,-0.747,0.936
66.51169300079346,0.005,-0.564,-0.747,0.936
66.51176381111145,0.005,-0.564,-0.747,0.936
66.5118658542633,0.005,-0.564,-0.747,0.936
66.51198196411133,0.005,-0.564,-0.747,0.936
66.51206588745117,0.005,-0.564,-0.747,0.936
66.51214170455933,0.005,-0.564,-0.747,0.936
66.51224279403687,0.005,-0.564,-0.747,0.936
66.51231575012207,0.005,-0.564,-0.747,0.936
66.51238775253296,0.005,-0.564,-0.747,0.936
66.51245975494385,0.005,-0.564,-0.747,0.936
66.51253175735474,0.005,-0.564,-0.747,0.936
66.51260280609131,0.005,-0.564,-0.747,0.936
66.5126748085022,0.005,-0.564,-0.747,0.936
66.51274585723877,0.005,-0.564,-0.747,0.936
66.51281785964966,0.005,-0.564,-0.747,0.936
66.51288890838623,0.005,-0.564,-0.747,0.936
66.5129599571228,0.005,-0.564,-0.747,0.936
66.51303100585938,0.005,-0.564,-0.747,0.936
66.51310086250305,0.005,-0.564,-0.747,0.936
66.51317286491394,0.005,-0.564,-0.747,0.936
66.51324582099915,0.005,-0.564,-0.747,0.936
66.51331686973572,0.005,-0.564,-0.747,0.936
66.51338768005371,0.005,-0.564,-0.747,0.936
66.51345872879028,0.005,-0.564,-0.747,0.936
66.51353287696838,0.005,-0.564,-0.747,0.936
66.51360583305359,0.005,-0.564,-0.747,0.936
66.51367998123169,0.005,-0.564,-0.747,0.936
66.51375389099121,0.005,-0.564,-0.747,0.936
66.5138258934021,0.005,-0.564,-0.747,0.936
66.51389694213867,0.005,-0.564,-0.747,0.936
66.51396799087524,0.005,-0.564,-0.747,0.936
66.51403880119324,0.005,-0.564,-0.747,0.936
66.51411199569702,0.005,-0.564,-0.747,0.936
66.51418590545654,0.005,-0.564,-0.747,0.936
66.51425886154175,0.005,-0.564,-0.747,0.936
66.51433181762695,0.005,-0.564,-0.747,0.936
66.51440382003784,0.005,-0.564,-0.747,0.936
66.5144739151001,0.005,-0.564,-0.747,0.936
66.51454496383667,0.005,-0.564,-0.747,0.936
66.51461577415466,0.005,-0.564,-0.747,0.936
66.51468682289124,0.005,-0.564,-0.747,0.936
66.51475667953491,0.005,-0.564,-0.747,0.936
66.51482772827148,0.005,-0.564,-0.747,0.936
66.51489782333374,0.005,-0.564,-0.747,0.936
66.51496887207031,0.005,-0.564,-0.747,0.936
66.51503992080688,0.005,-0.564,-0.747,0.936
66.51510977745056,0.005,-0.564,-0.747,0.936
66.51518082618713,0.005,-0.564,-0.747,0.936
66.51525068283081,0.005,-0.564,-0.747,0.936
66.51532173156738,0.005,-0.564,-0.747,0.936
66.51539278030396,0.005,-0.564,-0.747,0.936
66.51546287536621,0.005,-0.564,-0.747,0.936
66.51553392410278,0.005,-0.564,-0.747,0.936
66.51560497283936,0.005,-0.564,-0.747,0.936
66.51567482948303,0.005,-0.564,-0.747,0.936
66.5157458782196,0.005,-0.564,-0.747,0.936
66.5158166885376,0.005,-0.564,-0.747,0.936
66.51588773727417,0.005,-0.564,-0.747,0.936
66.51595878601074,0.005,-0.564,-0.747,0.936
66.516028881073,0.005,-0.564,-0.747,0.936
66.51609992980957,0.02,-0.587,-0.769,0.968
66.51635074615479,0.02,-0.587,-0.769,0.968
66.5164246559143,0.02,-0.587,-0.769,0.968
66.5164966583252,0.02,-0.587,-0.769,0.968
66.51656770706177,0.02,-0.587,-0.769,0.968
66.51663875579834,0.02,-0.587,-0.769,0.968
66.51670980453491,0.02,-0.587,-0.769,0.968
66.5167818069458,0.02,-0.587,-0.769,0.968
66.51685190200806,0.02,-0.587,-0.769,0.968
66.51692295074463,0.02,-0.587,-0.769,0.968
66.5169939994812,0.02,-0.587,-0.769,0.968
66.5170648097992,0.02,-0.587,-0.769,0.968
66.51713585853577,0.02,-0.587,-0.769,0.968
66.51720571517944,0.02,-0.587,-0.769,0.968
66.51727676391602,0.02,-0.587,-0.769,0.968
66.51734781265259,0.02,-0.587,-0.769,0.968
66.51741886138916,0.02,-0.587,-0.769,0.968
66.51749181747437,0.02,-0.587,-0.769,0.968
66.51756286621094,0.02,-0.587,-0.769,0.968
66.5176329612732,0.02,-0.587,-0.769,0.968
66.51770401000977,0.02,-0.587,-0.769,0.968
66.51777482032776,0.02,-0.587,-0.769,0.968
66.51784586906433,0.02,-0.587,-0.769,0.968
66.51791572570801,0.02,-0.587,-0.769,0.968
66.51798677444458,0.02,-0.587,-0.769,0.968
66.51805782318115,0.02,-0.587,-0.769,0.968
66.51812887191772,0.02,-0.587,-0.769,0.968
66.5181999206543,0.02,-0.587,-0.769,0.968
66.51827192306519,0.02,-0.587,-0.769,0.968
66.51834177970886,0.02,-0.587,-0.769,0.968
66.51841282844543,0.02,-0.587,-0.769,0.968
66.518483877182,0.02,-0.587,-0.769,0.968
66.5185546875,0.02,-0.587,-0.769,0.968
66.51862573623657,0.02,-0.587,-0.769,0.968
66.51869678497314,0.02,-0.587,-0.769,0.968
66.5187668800354,0.02,-0.587,-0.769,0.968
66.51883792877197,0.02,-0.587,-0.769,0.968
66.51890897750854,0.02,-0.587,-0.769,0.968
66.51897883415222,0.02,-0.587,-0.769,0.968
66.5190498828888,0.02,-0.587,-0.769,0.968
66.51912069320679,0.02,-0.587,-0.769,0.968
66.51919174194336,0.02,-0.587,-0.769,0.968
66.51926183700562,0.02,-0.587,-0.769,0.968
66.51933288574219,0.02,-0.587,-0.769,0.968
66.51940393447876,0.02,-0.587,-0.769,0.968
66.51947379112244,0.02,-0.587,-0.769,0.968
66.51954388618469,0.02,-0.587,-0.769,0.968
66.51961469650269,0.02,-0.587,-0.769,0.968
66.51968479156494,0.02,-0.587,-0.769,0.968
66.51975584030151,0.02,-0.587,-0.769,0.968
66.51982593536377,0.02,-0.587,-0.769,0.968
66.51989698410034,0.02,-0.587,-0.769,0.968
66.51996779441833,0.02,-0.587,-0.769,0.968
66.52003979682922,0.02,-0.587,-0.769,0.968
66.5201108455658,0.02,-0.587,-0.769,0.968
66.52018165588379,0.02,-0.587,-0.769,0.968
66.52025175094604,0.02,-0.587,-0.769,0.968
66.52032279968262,0.02,-0.587,-0.769,0.968
66.52039384841919,0.02,-0.587,-0.769,0.968
66.52046585083008,0.02,-0.587,-0.769,0.968
66.52053594589233,0.02,-0.587,-0.769,0.968
66.5206069946289,0.02,-0.587,-0.769,0.968
66.5206778049469,0.02,-0.587,-0.769,0.968
66.52074885368347,0.02,-0.587,-0.769,0.968
66.52082085609436,0.02,-0.587,-0.769,0.968
66.52089166641235,0.02,-0.587,-0.769,0.968
66.52096271514893,0.02,-0.587,-0.769,0.968
66.52103686332703,0.02,-0.587,-0.769,0.968
66.5211067199707,0.02,-0.587,-0.769,0.968
66.52117776870728,0.02,-0.587,-0.769,0.968
66.52124786376953,0.02,-0.587,-0.769,0.968
66.5213189125061,0.02,-0.587,-0.769,0.968
66.52138900756836,0.02,-0.587,-0.769,0.968
66.52145981788635,0.02,-0.587,-0.769,0.968
66.52153086662292,0.02,-0.587,-0.769,0.968
66.5216007232666,0.02,-0.587,-0.769,0.968
66.52167177200317,0.02,-0.587,-0.769,0.968
66.52174282073975,0.02,-0.587,-0.769,0.968
66.52181386947632,0.02,-0.587,-0.769,0.968
66.52188491821289,0.02,-0.587,-0.769,0.968
66.52195596694946,0.02,-0.587,-0.769,0.968
66.52202677726746,0.02,-0.587,-0.769,0.968
66.52209687232971,0.02,-0.587,-0.769,0.968
66.5221676826477,0.02,-0.587,-0.769,0.968
66.52223873138428,0.02,-0.587,-0.769,0.968
66.52230978012085,0.02,-0.587,-0.769,0.968
66.52238082885742,0.02,-0.587,-0.769,0.968
66.522451877594,0.02,-0.587,-0.769,0.968
66.52252292633057,0.02,-0.587,-0.769,0.968
66.52259492874146,0.02,-0.587,-0.769,0.968
66.52266597747803,0.02,-0.587,-0.769,0.968
66.5227358341217,0.02,-0.587,-0.769,0.968
66.52280688285828,0.02,-0.587,-0.769,0.968
66.52287769317627,0.02,-0.587,-0.769,0.968
66.52294874191284,0.02,-0.587,-0.769,0.968
66.52301979064941,0.02,-0.587,-0.769,0.968
66.52309083938599,0.02,-0.587,-0.769,0.968
66.52316093444824,0.02,-0.587,-0.769,0.968
66.52323198318481,0.02,-0.587,-0.769,0.968
66.52330279350281,0.02,-0.587,-0.769,0.968
66.52337384223938,0.02,-0.587,-0.769,0.968
66.52344369888306,0.02,-0.587,-0.769,0.968
66.52351379394531,0.02,-0.587,-0.769,0.968
66.52358484268188,0.02,-0.587,-0.769,0.968
66.52365589141846,0.02,-0.587,-0.769,0.968
66.52372598648071,0.02,-0.587,-0.769,0.968
66.5237967967987,0.02,-0.587,-0.769,0.968
66.52386784553528,0.02,-0.587,-0.769,0.968
66.52393984794617,0.02,-0.587,-0.769,0.968
66.52401065826416,0.02,-0.587,-0.769,0.968
66.52408170700073,0.02,-0.587,-0.769,0.968
66.5241527557373,0.02,-0.587,-0.769,0.968
66.52422380447388,0.02,-0.587,-0.769,0.968
66.52429485321045,0.02,-0.587,-0.769,0.968
66.52436590194702,0.02,-0.587,-0.769,0.968
66.5244369506836,0.02,-0.587,-0.769,0.968
66.52450799942017,0.02,-0.587,-0.769,0.968
66.52457785606384,0.02,-0.587,-0.769,0.968
66.52464866638184,0.02,-0.587,-0.769,0.968
66.52471971511841,0.02,-0.587,-0.769,0.968
66.52479076385498,0.02,-0.587,-0.769,0.968
66.52486181259155,0.02,-0.587,-0.769,0.968
66.52493286132812,0.02,-0.587,-0.769,0.968
66.5250039100647,0.02,-0.587,-0.769,0.968
66.52507495880127,0.02,-0.587,-0.769,0.968
66.52514600753784,0.02,-0.587,-0.769,0.968
66.52521586418152,0.02,-0.587,-0.769,0.968
66.52528667449951,0.02,-0.587,-0.769,0.968
66.52535772323608,0.02,-0.587,-0.769,0.968
66.52542781829834,0.02,-0.587,-0.769,0.968
66.5254979133606,0.02,-0.587,-0.769,0.968
66.52556896209717,0.02,-0.587,-0.769,0.968
66.52563881874084,0.02,-0.587,-0.769,0.968
66.52570986747742,0.02,-0.587,-0.769,0.968
66.52578067779541,0.02,-0.587,-0.769,0.968
66.52585172653198,0.02,-0.587,-0.769,0.968
66.52592277526855,0.02,-0.587,-0.769,0.968
66.52599382400513,0.02,-0.587,-0.769,0.968
66.52606391906738,0.02,-0.587,-0.769,0.968
66.52613377571106,0.02,-0.587,-0.769,0.968
66.52620482444763,0.02,-0.587,-0.769,0.968
66.5262758731842,0.021,-0.586,-0.816,1.005
66.52645874023438,0.021,-0.586,-0.816,1.005
66.52653169631958,0.021,-0.586,-0.816,1.005
66.52660274505615,0.021,-0.586,-0.816,1.005
66.52667379379272,0.021,-0.586,-0.816,1.005
66.52674388885498,0.021,-0.586,-0.816,1.005
66.52681493759155,0.021,-0.586,-0.816,1.005
66.52688598632812,0.021,-0.586,-0.816,1.005
66.52695679664612,0.021,-0.586,-0.816,1.005
66.52702784538269,0.021,-0.586,-0.816,1.005
66.52709770202637,0.021,-0.586,-0.816,1.005
66.52716875076294,0.021,-0.586,-0.816,1.005
66.52723979949951,0.021,-0.586,-0.816,1.005
66.52731084823608,0.021,-0.586,-0.816,1.005
66.52738189697266,0.021,-0.586,-0.816,1.005
66.52745294570923,0.021,-0.586,-0.816,1.005
66.5275228023529,0.021,-0.586,-0.816,1.005
66.52759385108948,0.021,-0.586,-0.816,1.005
66.52766466140747,0.021,-0.586,-0.816,1.005
66.52773475646973,0.021,-0.586,-0.816,1.005
66.52780675888062,0.021,-0.586,-0.816,1.005
66.52787685394287,0.021,-0.586,-0.816,1.005
66.52794790267944,0.021,-0.586,-0.816,1.005
66.52801895141602,0.021,-0.586,-0.816,1.005
66.52808880805969,0.021,-0.586,-0.816,1.005
66.52815985679626,0.021,-0.586,-0.816,1.005
66.52822971343994,0.021,-0.586,-0.816,1.005
66.52830076217651,0.021,-0.586,-0.816,1.005
66.52837085723877,0.021,-0.586,-0.816,1.005
66.52844095230103,0.021,-0.586,-0.816,1.005
66.5285120010376,0.021,-0.586,-0.816,1.005
66.52858185768127,0.021,-0.586,-0.816,1.005
66.52865171432495,0.021,-0.586,-0.816,1.005
66.5287218093872,0.021,-0.586,-0.816,1.005
66.52879190444946,0.021,-0.586,-0.816,1.005
66.52886199951172,0.021,-0.586,-0.816,1.005
66.52893280982971,0.021,-0.586,-0.816,1.005
66.52900266647339,0.021,-0.586,-0.816,1.005
66.52907276153564,0.021,-0.586,-0.816,1.005
66.5291428565979,0.021,-0.586,-0.816,1.005
66.52921295166016,0.021,-0.586,-0.816,1.005
66.52928280830383,0.021,-0.586,-0.816,1.005
66.5293538570404,0.021,-0.586,-0.816,1.005
66.52942371368408,0.021,-0.586,-0.816,1.005
66.52949380874634,0.021,-0.586,-0.816,1.005
66.5295639038086,0.021,-0.586,-0.816,1.005
66.52963495254517,0.021,-0.586,-0.816,1.005
66.52970480918884,0.021,-0.586,-0.816,1.005
66.52977466583252,0.021,-0.586,-0.816,1.005
66.52984476089478,0.021,-0.586,-0.816,1.005
66.52991485595703,0.021,-0.586,-0.816,1.005
66.52998495101929,0.021,-0.586,-0.816,1.005
66.53005480766296,0.021,-0.586,-0.816,1.005
66.53012585639954,0.021,-0.586,-0.816,1.005
66.53019571304321,0.021,-0.586,-0.816,1.005
66.53026580810547,0.021,-0.586,-0.816,1.005
66.53033685684204,0.021,-0.586,-0.816,1.005
66.53040790557861,0.021,-0.586,-0.816,1.005
66.53047800064087,0.021,-0.586,-0.816,1.005
66.53054785728455,0.021,-0.586,-0.816,1.005
66.53062081336975,0.021,-0.586,-0.816,1.005
66.53069067001343,0.021,-0.586,-0.816,1.005
66.53076076507568,0.021,-0.586,-0.816,1.005
66.53083086013794,0.021,-0.586,-0.816,1.005
66.5309009552002,0.021,-0.586,-0.816,1.005
66.53097486495972,0.021,-0.586,-0.816,1.005
66.53104496002197,0.021,-0.586,-0.816,1.005
66.53111481666565,0.021,-0.586,-0.816,1.005
66.53118467330933,0.021,-0.586,-0.816,1.005
66.53125476837158,0.021,-0.586,-0.816,1.005
66.53134775161743,0.021,-0.586,-0.816,1.005
66.53142070770264,0.021,-0.586,-0.816,1.005
66.5314998626709,0.021,-0.586,-0.816,1.005
66.53158283233643,0.021,-0.586,-0.816,1.005
66.531653881073,0.021,-0.586,-0.816,1.005
66.53172397613525,0.021,-0.586,-0.816,1.005
66.53179478645325,0.021,-0.586,-0.816,1.005
66.53186583518982,0.021,-0.586,-0.816,1.005
66.5319356918335,0.021,-0.586,-0.816,1.005
66.53200578689575,0.021,-0.586,-0.816,1.005
66.53207588195801,0.021,-0.586,-0.816,1.005
66.53214597702026,0.021,-0.586,-0.816,1.005
66.53222990036011,0.021,-0.586,-0.816,1.005
66.53230094909668,0.021,-0.586,-0.816,1.005
66.53237080574036,0.021,-0.586,-0.816,1.005
66.53244400024414,0.021,-0.586,-0.816,1.005
66.53251600265503,0.021,-0.586,-0.816,1.005
66.5325858592987,0.021,-0.586,-0.816,1.005
66.53266286849976,0.021,-0.586,-0.816,1.005
66.53273391723633,0.021,-0.586,-0.816,1.005
66.53280591964722,0.021,-0.586,-0.816,1.005
66.5328757762909,0.021,-0.586,-0.816,1.005
66.53294682502747,0.021,-0.586,-0.816,1.005
66.53301668167114,0.021,-0.586,-0.816,1.005
66.53309869766235,0.021,-0.586,-0.816,1.005
66.53318786621094,0.021,-0.586,-0.816,1.005
66.53326368331909,0.021,-0.586,-0.816,1.005
66.53333783149719,0.021,-0.586,-0.816,1.005
66.53341388702393,0.021,-0.586,-0.816,1.005
66.5334849357605,0.021,-0.586,-0.816,1.005
66.53355479240417,0.021,-0.586,-0.816,1.005
66.53362679481506,0.021,-0.586,-0.816,1.005
66.53370571136475,0.021,-0.586,-0.816,1.005
66.53378772735596,0.021,-0.586,-0.816,1.005
66.53385877609253,0.021,-0.586,-0.816,1.005
66.5339298248291,0.021,-0.586,-0.816,1.005
66.53399991989136,0.021,-0.586,-0.816,1.005
66.53406977653503,0.021,-0.586,-0.816,1.005
66.5341408252716,0.021,-0.586,-0.816,1.005
66.53422284126282,0.021,-0.586,-0.816,1.005
66.53430080413818,0.021,-0.586,-0.816,1.005
66.53437185287476,0.021,-0.586,-0.816,1.005
66.53445100784302,0.021,-0.586,-0.816,1.005
66.5345208644867,0.021,-0.586,-0.816,1.005
66.53459072113037,0.021,-0.586,-0.816,1.005
66.53466081619263,0.021,-0.586,-0.816,1.005
66.53473091125488,0.021,-0.586,-0.816,1.005
66.53480195999146,0.021,-0.586,-0.816,1.005
66.53487181663513,0.021,-0.586,-0.816,1.005
66.5349428653717,0.021,-0.586,-0.816,1.005
66.53501272201538,0.021,-0.586,-0.816,1.005
66.53508377075195,0.021,-0.586,-0.816,1.005
66.53515481948853,0.021,-0.586,-0.816,1.005
66.53522491455078,0.021,-0.586,-0.816,1.005
66.53529596328735,0.021,-0.586,-0.816,1.005
66.53536581993103,0.021,-0.586,-0.816,1.005
66.5354368686676,0.021,-0.586,-0.816,1.005
66.53550672531128,0.021,-0.586,-0.816,1.005
66.53557682037354,0.021,-0.586,-0.816,1.005
66.53564786911011,0.021,-0.586,-0.816,1.005
66.53571796417236,0.021,-0.586,-0.816,1.005
66.53578877449036,0.021,-0.586,-0.816,1.005
66.53585886955261,0.021,-0.586,-0.816,1.005
66.53592872619629,0.021,-0.586,-0.816,1.005
66.53599977493286,0.021,-0.586,-0.816,1.005
66.53607082366943,0.021,-0.586,-0.816,1.005
66.53614091873169,0.021,-0.586,-0.816,1.005
66.53621196746826,0.017,-0.574,-0.812,0.995
66.53640484809875,0.017,-0.574,-0.812,0.995
66.53647565841675,0.017,-0.574,-0.812,0.995
66.53654670715332,0.017,-0.574,-0.812,0.995
66.53661870956421,0.017,-0.574,-0.812,0.995
66.53669166564941,0.017,-0.574,-0.812,0.995
66.53676176071167,0.017,-0.574,-0.812,0.995
66.53683471679688,0.017,-0.574,-0.812,0.995
66.53690767288208,0.017,-0.574,-0.812,0.995
66.53697872161865,0.017,-0.574,-0.812,0.995
66.53705072402954,0.017,-0.574,-0.812,0.995
66.5371208190918,0.017,-0.574,-0.812,0.995
66.53719091415405,0.017,-0.574,-0.812,0.995
66.53726196289062,0.017,-0.574,-0.812,0.995
66.53733277320862,0.017,-0.574,-0.812,0.995
66.53740286827087,0.017,-0.574,-0.812,0.995
66.53747367858887,0.017,-0.574,-0.812,0.995
66.53754377365112,0.017,-0.574,-0.812,0.995
66.5376148223877,0.017,-0.574,-0.812,0.995
66.53768587112427,0.017,-0.574,-0.812,0.995
66.53775596618652,0.017,-0.574,-0.812,0.995
66.5378258228302,0.017,-0.574,-0.812,0.995
66.53789687156677,0.017,-0.574,-0.812,0.995
66.53796768188477,0.017,-0.574,-0.812,0.995
66.53803777694702,0.017,-0.574,-0.812,0.995
66.53812265396118,0.017,-0.574,-0.812,0.995
66.53819370269775,0.017,-0.574,-0.812,0.995
66.53826475143433,0.017,-0.574,-0.812,0.995
66.53833484649658,0.017,-0.574,-0.812,0.995
66.53840589523315,0.017,-0.574,-0.812,0.995
66.53847789764404,0.017,-0.574,-0.812,0.995
66.5385479927063,0.017,-0.574,-0.812,0.995
66.53861880302429,0.017,-0.574,-0.812,0.995
66.53916788101196,0.017,-0.574,-0.812,0.995
66.53925371170044,0.017,-0.574,-0.812,0.995
66.53932666778564,0.017,-0.574,-0.812,0.995
66.53939771652222,0.017,-0.574,-0.812,0.995
66.53947067260742,0.017,-0.574,-0.812,0.995
66.53954076766968,0.017,-0.574,-0.812,0.995
66.53961372375488,0.017,-0.574,-0.812,0.995
66.53968381881714,0.017,-0.574,-0.812,0.995
66.5397539138794,0.017,-0.574,-0.812,0.995
66.53982400894165,0.017,-0.574,-0.812,0.995
66.53989386558533,0.017,-0.574,-0.812,0.995
66.53996682167053,0.017,-0.574,-0.812,0.995
66.54002666473389,0.017,-0.574,-0.812,0.995
66.54008674621582,0.017,-0.574,-0.812,0.995
66.54014682769775,0.017,-0.574,-0.812,0.995
66.54076480865479,0.017,-0.574,-0.812,0.995
66.54082489013672,0.017,-0.574,-0.812,0.995
66.54088497161865,0.017,-0.574,-0.812,0.995
66.540944814682,0.017,-0.574,-0.812,0.995
66.5410099029541,0.017,-0.574,-0.812,0.995
66.54106998443604,0.017,-0.574,-0.812,0.995
66.54112887382507,0.017,-0.574,-0.812,0.995
66.54118871688843,0.017,-0.574,-0.812,0.995
66.54124784469604,0.017,-0.574,-0.812,0.995
66.54130792617798,0.017,-0.574,-0.812,0.995
66.54136800765991,0.017,-0.574,-0.812,0.995
66.54142665863037,0.017,-0.574,-0.812,0.995
66.54148578643799,0.017,-0.574,-0.812,0.995
66.54154586791992,0.017,-0.574,-0.812,0.995
66.54160499572754,0.017,-0.574,-0.812,0.995
66.54166388511658,0.017,-0.574,-0.812,0.995
66.54172277450562,0.017,-0.574,-0.812,0.995
66.54178285598755,0.017,-0.574,-0.812,0.995
66.54184198379517,0.017,-0.574,-0.812,0.995
66.54190182685852,0.017,-0.574,-0.812,0.995
66.54196381568909,0.017,-0.574,-0.812,0.995
66.54202270507812,0.017,-0.574,-0.812,0.995
66.54208183288574,0.017,-0.574,-0.812,0.995
66.54214096069336,0.017,-0.574,-0.812,0.995
66.54220080375671,0.017,-0.574,-0.812,0.995
66.54225969314575,0.017,-0.574,-0.812,0.995
66.54231882095337,0.017,-0.574,-0.812,0.995
66.5423789024353,0.017,-0.574,-0.812,0.995
66.54243779182434,0.017,-0.574,-0.812,0.995
66.54249668121338,0.017,-0.574,-0.812,0.995
66.54255771636963,0.017,-0.574,-0.812,0.995
66.54261684417725,0.017,-0.574,-0.812,0.995
66.54267597198486,0.017,-0.574,-0.812,0.995
66.54273581504822,0.017,-0.574,-0.812,0.995
66.54279565811157,0.017,-0.574,-0.812,0.995
66.54285478591919,0.017,-0.574,-0.812,0.995
66.54291486740112,0.017,-0.574,-0.812,0.995
66.54297399520874,0.017,-0.574,-0.812,0.995
66.5430338382721,0.017,-0.574,-0.812,0.995
66.54309272766113,0.017,-0.574,-0.812,0.995
66.54315185546875,0.017,-0.574,-0.812,0.995
66.54321098327637,0.017,-0.574,-0.812,0.995
66.54329681396484,0.017,-0.574,-0.812,0.995
66.54335689544678,0.017,-0.574,-0.812,0.995
66.54341697692871,0.017,-0.574,-0.812,0.995
66.54347681999207,0.017,-0.574,-0.812,0.995
66.5435357093811,0.017,-0.574,-0.812,0.995
66.54359579086304,0.017,-0.574,-0.812,0.995
66.54365587234497,0.017,-0.574,-0.812,0.995
66.5437159538269,0.017,-0.574,-0.812,0.995
66.54377579689026,0.017,-0.574,-0.812,0.995
66.54383587837219,0.017,-0.574,-0.812,0.995
66.54389476776123,0.017,-0.574,-0.812,0.995
66.54395484924316,0.017,-0.574,-0.812,0.995
66.54401397705078,0.017,-0.574,-0.812,0.995
66.54407382011414,0.017,-0.574,-0.812,0.995
66.54413270950317,0.017,-0.574,-0.812,0.995
66.54419183731079,0.017,-0.574,-0.812,0.995
66.54425191879272,0.017,-0.574,-0.812,0.995
66.54433393478394,0.017,-0.574,-0.812,0.995
66.54439377784729,0.017,-0.574,-0.812,0.995
66.54445385932922,0.017,-0.574,-0.812,0.995
66.54451370239258,0.017,-0.574,-0.812,0.995
66.54457378387451,0.017,-0.574,-0.812,0.995
66.54463291168213,0.017,-0.574,-0.812,0.995
66.54469299316406,0.017,-0.574,-0.812,0.995
66.54475283622742,0.017,-0.574,-0.812,0.995
66.54481172561646,0.017,-0.574,-0.812,0.995
66.54487180709839,0.017,-0.574,-0.812,0.995
66.54493188858032,0.017,-0.574,-0.812,0.995
66.54499077796936,0.017,-0.574,-0.812,0.995
66.5450508594513,0.017,-0.574,-0.812,0.995
66.54511070251465,0.017,-0.574,-0.812,0.995
66.54516983032227,0.017,-0.574,-0.812,0.995
66.5452299118042,0.017,-0.574,-0.812,0.995
66.54528880119324,0.017,-0.574,-0.812,0.995
66.54534888267517,0.017,-0.574,-0.812,0.995
66.54540872573853,0.017,-0.574,-0.812,0.995
66.54546785354614,0.017,-0.574,-0.812,0.995
66.54552698135376,0.017,-0.574,-0.812,0.995
66.54558682441711,0.017,-0.574,-0.812,0.995
66.54564571380615,0.017,-0.574,-0.812,0.995
66.5457067489624,0.017,-0.574,-0.812,0.995
66.54576587677002,0.017,-0.574,-0.812,0.995
66.54582595825195,0.017,-0.574,-0.812,0.995
66.54588484764099,0.017,-0.574,-0.812,0.995
66.54594469070435,0.017,-0.574,-0.812,0.995
66.54600477218628,0.017,-0.574,-0.812,0.995
66.5460638999939,0.017,-0.574,-0.812,0.995
66.54612398147583,0.017,-0.574,-0.812,0.995
66.54618382453918,0.017,-0.57,-0.789,0.974
66.5463228225708,0.017,-0.57,-0.789,0.974
66.54638385772705,0.017,-0.57,-0.789,0.974
66.5464448928833,0.017,-0.57,-0.789,0.974
66.54650378227234,0.017,-0.57,-0.789,0.974
66.54656386375427,0.017,-0.57,-0.789,0.974
66.54662370681763,0.017,-0.57,-0.789,0.974
66.54668378829956,0.017,-0.57,-0.789,0.974
66.5467438697815,0.017,-0.57,-0.789,0.974
66.54680490493774,0.017,-0.57,-0.789,0.974
66.54686498641968,0.017,-0.57,-0.789,0.974
66.54692482948303,0.017,-0.57,-0.789,0.974
66.54698467254639,0.017,-0.57,-0.789,0.974
66.547043800354,0.017,-0.57,-0.789,0.974
66.54710483551025,0.017,-0.57,-0.789,0.974
66.54716491699219,0.017,-0.57,-0.789,0.974
66.54722499847412,0.017,-0.57,-0.789,0.974
66.54728698730469,0.017,-0.57,-0.789,0.974
66.54734778404236,0.017,-0.57,-0.789,0.974
66.54740881919861,0.017,-0.57,-0.789,0.974
66.54746985435486,0.017,-0.57,-0.789,0.974
66.54753088951111,0.017,-0.57,-0.789,0.974
66.54759168624878,0.017,-0.57,-0.789,0.974
66.54765176773071,0.017,-0.57,-0.789,0.974
66.54771184921265,0.017,-0.57,-0.789,0.974
66.54777097702026,0.017,-0.57,-0.789,0.974
66.54783082008362,0.017,-0.57,-0.789,0.974
66.54789066314697,0.017,-0.57,-0.789,0.974
66.5479507446289,0.017,-0.57,-0.789,0.974
66.54801177978516,0.017,-0.57,-0.789,0.974
66.5480728149414,0.017,-0.57,-0.789,0.974
66.54813385009766,0.017,-0.57,-0.789,0.974
66.54819583892822,0.017,-0.57,-0.789,0.974
66.54825782775879,0.017,-0.57,-0.789,0.974
66.54831886291504,0.017,-0.57,-0.789,0.974
66.54837799072266,0.017,-0.57,-0.789,0.974
66.54843783378601,0.017,-0.57,-0.789,0.974
66.54849672317505,0.017,-0.57,-0.789,0.974
66.54855585098267,0.017,-0.57,-0.789,0.974
66.5486159324646,0.017,-0.57,-0.789,0.974
66.54867482185364,0.017,-0.57,-0.789,0.974
66.54873466491699,0.017,-0.57,-0.789,0.974
66.54879379272461,0.017,-0.57,-0.789,0.974
66.54885387420654,0.017,-0.57,-0.789,0.974
66.54891395568848,0.017,-0.57,-0.789,0.974
66.54897499084473,0.017,-0.57,-0.789,0.974
66.54903388023376,0.017,-0.57,-0.789,0.974
66.54909372329712,0.017,-0.57,-0.789,0.974
66.54915285110474,0.017,-0.57,-0.789,0.974
66.54921197891235,0.017,-0.57,-0.789,0.974
66.54927182197571,0.017,-0.57,-0.789,0.974
66.54933071136475,0.017,-0.57,-0.789,0.974
66.54939079284668,0.017,-0.57,-0.789,0.974
66.5494499206543,0.017,-0.57,-0.789,0.974
66.54951000213623,0.017,-0.57,-0.789,0.974
66.54956984519958,0.017,-0.57,-0.789,0.974
66.54962873458862,0.017,-0.57,-0.789,0.974
66.54968881607056,0.017,-0.57,-0.789,0.974
66.54974794387817,0.017,-0.57,-0.789,0.974
66.54980182647705,0.017,-0.57,-0.789,0.974
66.54985666275024,0.017,-0.57,-0.789,0.974
66.5499107837677,0.017,-0.57,-0.789,0.974
66.54996490478516,0.017,-0.57,-0.789,0.974
66.55001878738403,0.017,-0.57,-0.789,0.974
66.5500738620758,0.017,-0.57,-0.789,0.974
66.55012798309326,0.017,-0.57,-0.789,0.974
66.55018186569214,0.017,-0.57,-0.789,0.974
66.55023670196533,0.017,-0.57,-0.789,0.974
66.55029082298279,0.017,-0.57,-0.789,0.974
66.55034494400024,0.017,-0.57,-0.789,0.974
66.55039882659912,0.017,-0.57,-0.789,0.974
66.550452709198,0.017,-0.57,-0.789,0.974
66.55050778388977,0.017,-0.57,-0.789,0.974
66.55056190490723,0.017,-0.57,-0.789,0.974
66.5506157875061,0.017,-0.57,-0.789,0.974
66.55067086219788,0.017,-0.57,-0.789,0.974
66.55072498321533,0.017,-0.57,-0.789,0.974
66.55077886581421,0.017,-0.57,-0.789,0.974
66.5508337020874,0.017,-0.57,-0.789,0.974
66.55088782310486,0.017,-0.57,-0.789,0.974
66.55094194412231,0.017,-0.57,-0.789,0.974
66.55099582672119,0.017,-0.57,-0.789,0.974
66.55105066299438,0.017,-0.57,-0.789,0.974
66.55110478401184,0.017,-0.57,-0.789,0.974
66.5511589050293,0.017,-0.57,-0.789,0.974
66.55121374130249,0.017,-0.57,-0.789,0.974
66.55126786231995,0.017,-0.57,-0.789,0.974
66.5513219833374,0.017,-0.57,-0.789,0.974
66.5513858795166,0.017,-0.57,-0.789,0.974
66.55143976211548,0.017,-0.57,-0.789,0.974
66.55151271820068,0.017,-0.57,-0.789,0.974
66.55156683921814,0.017,-0.57,-0.789,0.974
66.55162191390991,0.017,-0.57,-0.789,0.974
66.5516767501831,0.017,-0.57,-0.789,0.974
66.55173182487488,0.017,-0.57,-0.789,0.974
66.55178594589233,0.017,-0.57,-0.789,0.974
66.55184078216553,0.017,-0.57,-0.789,0.974
66.5518958568573,0.017,-0.57,-0.789,0.974
66.55195093154907,0.017,-0.57,-0.789,0.974
66.55200481414795,0.017,-0.57,-0.789,0.974
66.55205988883972,0.017,-0.57,-0.789,0.974
66.55211400985718,0.017,-0.57,-0.789,0.974
66.55216884613037,0.017,-0.57,-0.789,0.974
66.55222272872925,0.017,-0.57,-0.789,0.974
66.5522768497467,0.017,-0.57,-0.789,0.974
66.55233097076416,0.017,-0.57,-0.789,0.974
66.55238485336304,0.017,-0.57,-0.789,0.974
66.55243873596191,0.017,-0.57,-0.789,0.974
66.55249285697937,0.017,-0.57,-0.789,0.974
66.55254793167114,0.017,-0.57,-0.789,0.974
66.55260181427002,0.017,-0.57,-0.789,0.974
66.5526556968689,0.017,-0.57,-0.789,0.974
66.55271100997925,0.017,-0.57,-0.789,0.974
66.55276489257812,0.017,-0.57,-0.789,0.974
66.552818775177,0.017,-0.57,-0.789,0.974
66.55287265777588,0.017,-0.57,-0.789,0.974
66.55292677879333,0.017,-0.57,-0.789,0.974
66.55298089981079,0.017,-0.57,-0.789,0.974
66.55303573608398,0.017,-0.57,-0.789,0.974
66.55308985710144,0.017,-0.57,-0.789,0.974
66.55314493179321,0.017,-0.57,-0.789,0.974
66.55319881439209,0.017,-0.57,-0.789,0.974
66.55325388908386,0.017,-0.57,-0.789,0.974
66.55330896377563,0.017,-0.57,-0.789,0.974
66.55336284637451,0.017,-0.57,-0.789,0.974
66.5534176826477,0.017,-0.57,-0.789,0.974
66.55347299575806,0.017,-0.57,-0.789,0.974
66.55352687835693,0.017,-0.57,-0.789,0.974
66.55358076095581,0.017,-0.57,-0.789,0.974
66.55363488197327,0.017,-0.57,-0.789,0.974
66.55368900299072,0.017,-0.57,-0.789,0.974
66.5537428855896,0.017,-0.57,-0.789,0.974
66.55379676818848,0.017,-0.57,-0.789,0.974
66.55385088920593,0.017,-0.57,-0.789,0.974
66.5539059638977,0.017,-0.57,-0.789,0.974
66.55395889282227,0.017,-0.57,-0.789,0.974
66.55401372909546,0.017,-0.57,-0.789,0.974
66.55406785011292,0.017,-0.57,-0.789,0.974
66.55412292480469,0.017,-0.57,-0.789,0.974
66.55418872833252,0.017,-0.57,-0.789,0.974
66.55424165725708,0.017,-0.57,-0.789,0.974
66.5543007850647,0.017,-0.57,-0.789,0.974
66.55435466766357,0.017,-0.57,-0.789,0.974
66.55440878868103,0.017,-0.57,-0.789,0.974
66.55446290969849,0.017,-0.57,-0.789,0.974
66.55451679229736,0.017,-0.57,-0.789,0.974
66.55457186698914,0.017,-0.57,-0.789,0.974
66.55462598800659,0.017,-0.57,-0.789,0.974
66.55467987060547,0.017,-0.57,-0.789,0.974
66.55473375320435,0.017,-0.57,-0.789,0.974
66.5547878742218,0.017,-0.57,-0.789,0.974
66.55484294891357,0.017,-0.57,-0.789,0.974
66.55489683151245,0.017,-0.57,-0.789,0.974
66.55495071411133,0.017,-0.57,-0.789,0.974
66.5550057888031,0.017,-0.57,-0.789,0.974
66.55505990982056,0.017,-0.57,-0.789,0.974
66.55511379241943,0.017,-0.57,-0.789,0.974
66.55516767501831,0.017,-0.57,-0.789,0.974
66.55522680282593,0.017,-0.57,-0.789,0.974
66.5552818775177,0.017,-0.57,-0.789,0.974
66.55533599853516,0.017,-0.57,-0.789,0.974
66.55538988113403,0.017,-0.57,-0.789,0.974
66.55544471740723,0.017,-0.57,-0.789,0.974
66.555499792099,0.017,-0.57,-0.789,0.974
66.55555391311646,0.017,-0.57,-0.789,0.974
66.55560874938965,0.017,-0.57,-0.789,0.974
66.5556628704071,0.017,-0.57,-0.789,0.974
66.55571699142456,0.017,-0.57,-0.789,0.974
66.55577087402344,0.017,-0.57,-0.789,0.974
66.55582475662231,0.017,-0.57,-0.789,0.974
66.55587983131409,0.017,-0.57,-0.789,0.974
66.55593395233154,0.017,-0.57,-0.789,0.974
66.55598783493042,0.017,-0.57,-0.789,0.974
66.55605268478394,0.017,-0.57,-0.789,0.974
66.55610680580139,0.017,-0.57,-0.789,0.974
66.55616092681885,0.017,-0.57,-0.789,0.974
66.55621480941772,0.017,-0.57,-0.789,0.974
66.5562698841095,0.008,-0.563,-0.79,0.97
66.55641174316406,0.008,-0.563,-0.79,0.97
66.55646800994873,0.008,-0.563,-0.79,0.97
66.55652284622192,0.008,-0.563,-0.79,0.97
66.55657982826233,0.008,-0.563,-0.79,0.97
66.55663394927979,0.008,-0.563,-0.79,0.97
66.55668878555298,0.008,-0.563,-0.79,0.97
66.55674266815186,0.008,-0.563,-0.79,0.97
66.55679988861084,0.008,-0.563,-0.79,0.97
66.55685377120972,0.008,-0.563,-0.79,0.97
66.5569076538086,0.008,-0.563,-0.79,0.97
66.55696177482605,0.008,-0.563,-0.79,0.97
66.55701494216919,0.008,-0.563,-0.79,0.97
66.55706882476807,0.008,-0.563,-0.79,0.97
66.55712270736694,0.008,-0.563,-0.79,0.97
66.5571768283844,0.008,-0.563,-0.79,0.97
66.55723094940186,0.008,-0.563,-0.79,0.97
66.55728483200073,0.008,-0.563,-0.79,0.97
66.5573468208313,0.008,-0.563,-0.79,0.97
66.55740070343018,0.008,-0.563,-0.79,0.97
66.55745482444763,0.008,-0.563,-0.79,0.97
66.55750894546509,0.008,-0.563,-0.79,0.97
66.55756282806396,0.008,-0.563,-0.79,0.97
66.55761671066284,0.008,-0.563,-0.79,0.97
66.55766677856445,0.008,-0.563,-0.79,0.97
66.55771684646606,0.008,-0.563,-0.79,0.97
66.55776691436768,0.008,-0.563,-0.79,0.97
66.5578179359436,0.008,-0.563,-0.79,0.97
66.55786800384521,0.008,-0.563,-0.79,0.97
66.55791783332825,0.008,-0.563,-0.79,0.97
66.55796766281128,0.008,-0.563,-0.79,0.97
66.55801773071289,0.008,-0.563,-0.79,0.97
66.5580677986145,0.008,-0.563,-0.79,0.97
66.55811882019043,0.008,-0.563,-0.79,0.97
66.55816793441772,0.008,-0.563,-0.79,0.97
66.55821800231934,0.008,-0.563,-0.79,0.97
66.55826783180237,0.008,-0.563,-0.79,0.97
66.55831670761108,0.008,-0.563,-0.79,0.97
66.55836772918701,0.008,-0.563,-0.79,0.97
66.55841779708862,0.008,-0.563,-0.79,0.97
66.55846786499023,0.008,-0.563,-0.79,0.97
66.55851793289185,0.008,-0.563,-0.79,0.97
66.55856800079346,0.008,-0.563,-0.79,0.97
66.55861783027649,0.008,-0.563,-0.79,0.97
66.55866765975952,0.008,-0.563,-0.79,0.97
66.55871772766113,0.008,-0.563,-0.79,0.97
66.55876779556274,0.008,-0.563,-0.79,0.97
66.55881786346436,0.008,-0.563,-0.79,0.97
66.55886793136597,0.008,-0.563,-0.79,0.97
66.55891799926758,0.008,-0.563,-0.79,0.97
66.55896782875061,0.008,-0.563,-0.79,0.97
66.55901765823364,0.008,-0.563,-0.79,0.97
66.55906772613525,0.008,-0.563,-0.79,0.97
66.55912685394287,0.008,-0.563,-0.79,0.97
66.55917692184448,0.008,-0.563,-0.79,0.97
66.5592269897461,0.008,-0.563,-0.79,0.97
66.55927681922913,0.008,-0.563,-0.79,0.97
66.55932688713074,0.008,-0.563,-0.79,0.97
66.5593798160553,0.008,-0.563,-0.79,0.97
66.55942988395691,0.008,-0.563,-0.79,0.97
66.55948781967163,0.008,-0.563,-0.79,0.97
66.55953788757324,0.008,-0.563,-0.79,0.97
66.55958795547485,0.008,-0.563,-0.79,0.97
66.55963778495789,0.008,-0.563,-0.79,0.97
66.5596878528595,0.008,-0.563,-0.79,0.97
66.55973768234253,0.008,-0.563,-0.79,0.97
66.5597996711731,0.008,-0.563,-0.79,0.97
66.5598497390747,0.008,-0.563,-0.79,0.97
66.55989980697632,0.008,-0.563,-0.79,0.97
66.55994987487793,0.008,-0.563,-0.79,0.97
66.56000089645386,0.008,-0.563,-0.79,0.97
66.56005096435547,0.008,-0.563,-0.79,0.97
66.5601007938385,0.008,-0.563,-0.79,0.97
66.56015181541443,0.008,-0.563,-0.79,0.97
66.56020188331604,0.008,-0.563,-0.79,0.97
66.56025171279907,0.008,-0.563,-0.79,0.97
66.56030178070068,0.008,-0.563,-0.79,0.97
66.5603518486023,0.008,-0.563,-0.79,0.97
66.5604019165039,0.008,-0.563,-0.79,0.97
66.56045198440552,0.008,-0.563,-0.79,0.97
66.56050181388855,0.008,-0.563,-0.79,0.97
66.56055283546448,0.008,-0.563,-0.79,0.97
66.56060266494751,0.008,-0.563,-0.79,0.97
66.56065273284912,0.008,-0.563,-0.79,0.97
66.56070280075073,0.008,-0.563,-0.79,0.97
66.56075382232666,0.008,-0.563,-0.79,0.97
66.56080389022827,0.008,-0.563,-0.79,0.97
66.56085395812988,0.008,-0.563,-0.79,0.97
66.56090378761292,0.008,-0.563,-0.79,0.97
66.56095385551453,0.008,-0.563,-0.79,0.97
66.56100368499756,0.008,-0.563,-0.79,0.97
66.56105375289917,0.008,-0.563,-0.79,0.97
66.56110382080078,0.008,-0.563,-0.79,0.97
66.56115484237671,0.008,-0.563,-0.79,0.97
66.56120491027832,0.008,-0.563,-0.79,0.97
66.56125497817993,0.008,-0.563,-0.79,0.97
66.56130480766296,0.008,-0.563,-0.79,0.97
66.56135487556458,0.008,-0.563,-0.79,0.97
66.56140470504761,0.008,-0.563,-0.79,0.97
66.56145477294922,0.008,-0.563,-0.79,0.97
66.56150484085083,0.008,-0.563,-0.79,0.97
66.56155490875244,0.008,-0.563,-0.79,0.97
66.56160497665405,0.008,-0.563,-0.79,0.97
66.5616569519043,0.008,-0.563,-0.79,0.97
66.56170582771301,0.008,-0.563,-0.79,0.97
66.56175374984741,0.008,-0.563,-0.79,0.97
66.5618028640747,0.008,-0.563,-0.79,0.97
66.561851978302,0.008,-0.563,-0.79,0.97
66.56190085411072,0.008,-0.563,-0.79,0.97
66.56194972991943,0.008,-0.563,-0.79,0.97
66.56199884414673,0.008,-0.563,-0.79,0.97
66.56204795837402,0.008,-0.563,-0.79,0.97
66.56209588050842,0.008,-0.563,-0.79,0.97
66.56217288970947,0.008,-0.563,-0.79,0.97
66.56222295761108,0.008,-0.563,-0.79,0.97
66.5622718334198,0.008,-0.563,-0.79,0.97
66.56232070922852,0.008,-0.563,-0.79,0.97
66.56236982345581,0.008,-0.563,-0.79,0.97
66.56241798400879,0.008,-0.563,-0.79,0.97
66.5624668598175,0.008,-0.563,-0.79,0.97
66.56251573562622,0.008,-0.563,-0.79,0.97
66.56256484985352,0.008,-0.563,-0.79,0.97
66.5626130104065,0.008,-0.563,-0.79,0.97
66.56266188621521,0.008,-0.563,-0.79,0.97
66.56270980834961,0.008,-0.563,-0.79,0.97
66.5627589225769,0.008,-0.563,-0.79,0.97
66.56280779838562,0.008,-0.563,-0.79,0.97
66.56285572052002,0.008,-0.563,-0.79,0.97
66.56290483474731,0.008,-0.563,-0.79,0.97
66.56295394897461,0.008,-0.563,-0.79,0.97
66.56300282478333,0.008,-0.563,-0.79,0.97
66.56305074691772,0.008,-0.563,-0.79,0.97
66.56309986114502,0.008,-0.563,-0.79,0.97
66.56314897537231,0.008,-0.563,-0.79,0.97
66.56319665908813,0.008,-0.563,-0.79,0.97
66.56324577331543,0.008,-0.563,-0.79,0.97
66.56329488754272,0.008,-0.563,-0.79,0.97
66.56334280967712,0.008,-0.563,-0.79,0.97
66.56339168548584,0.008,-0.563,-0.79,0.97
66.56343984603882,0.008,-0.563,-0.79,0.97
66.56349587440491,0.008,-0.563,-0.79,0.97
66.56354475021362,0.008,-0.563,-0.79,0.97
66.56359386444092,0.008,-0.563,-0.79,0.97
66.56364178657532,0.008,-0.563,-0.79,0.97
66.56369066238403,0.008,-0.563,-0.79,0.97
66.56373977661133,0.008,-0.563,-0.79,0.97
66.5637879371643,0.008,-0.563,-0.79,0.97
66.56383681297302,0.008,-0.563,-0.79,0.97
66.56389093399048,0.008,-0.563,-0.79,0.97
66.5639398097992,0.008,-0.563,-0.79,0.97
66.56398868560791,0.008,-0.563,-0.79,0.97
66.5640377998352,0.008,-0.563,-0.79,0.97
66.5640869140625,0.008,-0.563,-0.79,0.97
66.56413578987122,0.008,-0.563,-0.79,0.97
66.56418466567993,0.008,-0.563,-0.79,0.97
66.56423377990723,0.008,-0.563,-0.79,0.97
66.56428289413452,0.008,-0.563,-0.79,0.97
66.56434392929077,0.008,-0.563,-0.79,0.97
66.56439280509949,0.008,-0.563,-0.79,0.97
66.56444072723389,0.008,-0.563,-0.79,0.97
66.56448984146118,0.008,-0.563,-0.79,0.97
66.56454467773438,0.008,-0.563,-0.79,0.97
66.56459379196167,0.008,-0.563,-0.79,0.97
66.56464290618896,0.008,-0.563,-0.79,0.97
66.56469178199768,0.008,-0.563,-0.79,0.97
66.5647406578064,0.008,-0.563,-0.79,0.97
66.56478977203369,0.008,-0.563,-0.79,0.97
66.56483793258667,0.008,-0.563,-0.79,0.97
66.56488680839539,0.008,-0.563,-0.79,0.97
66.5649356842041,0.008,-0.563,-0.79,0.97
66.5649847984314,0.008,-0.563,-0.79,0.97
66.56503391265869,0.008,-0.563,-0.79,0.97
66.56508183479309,0.008,-0.563,-0.79,0.97
66.5651307106018,0.008,-0.563,-0.79,0.97
66.5651798248291,0.008,-0.563,-0.79,0.97
66.5652289390564,0.008,-0.563,-0.79,0.97
66.56528091430664,0.008,-0.563,-0.79,0.97
66.56532883644104,0.008,-0.563,-0.79,0.97
66.56537771224976,0.008,-0.563,-0.79,0.97
66.56542682647705,0.008,-0.563,-0.79,0.97
66.56547498703003,0.008,-0.563,-0.79,0.97
66.56552386283875,0.008,-0.563,-0.79,0.97
66.56557488441467,0.008,-0.563,-0.79,0.97
66.56562376022339,0.008,-0.563,-0.79,0.97
66.56567192077637,0.008,-0.563,-0.79,0.97
66.56572079658508,0.008,-0.563,-0.79,0.97
66.5657696723938,0.008,-0.563,-0.79,0.97
66.5658187866211,0.008,-0.563,-0.79,0.97
66.56586790084839,0.008,-0.563,-0.79,0.97
66.56591582298279,0.008,-0.563,-0.79,0.97
66.5659646987915,0.008,-0.563,-0.79,0.97
66.5660138130188,0.008,-0.563,-0.79,0.97
66.5660629272461,0.008,-0.563,-0.79,0.97
66.56612181663513,0.008,-0.563,-0.79,0.97
66.56617069244385,0.008,-0.563,-0.79,0.97
66.56621885299683,0.008,-0.563,-0.79,0.97
66.56627082824707,0.008,-0.563,-0.79,0.97
66.56639385223389,-0.008,-0.56,-0.787,0.966
66.5664439201355,-0.008,-0.56,-0.787,0.966
66.56649398803711,-0.008,-0.56,-0.787,0.966
66.56654381752014,-0.008,-0.56,-0.787,0.966
66.56659388542175,-0.008,-0.56,-0.787,0.966
66.56664276123047,-0.008,-0.56,-0.787,0.966
66.56669092178345,-0.008,-0.56,-0.787,0.966
66.56674098968506,-0.008,-0.56,-0.787,0.966
66.56678986549377,-0.008,-0.56,-0.787,0.966
66.5668396949768,-0.008,-0.56,-0.787,0.966
66.5668888092041,-0.008,-0.56,-0.787,0.966
66.5669379234314,-0.008,-0.56,-0.787,0.966
66.56698989868164,-0.008,-0.56,-0.787,0.966
66.56703877449036,-0.008,-0.56,-0.787,0.966
66.56708788871765,-0.008,-0.56,-0.787,0.966
66.56713581085205,-0.008,-0.56,-0.787,0.966
66.56718587875366,-0.008,-0.56,-0.787,0.966
66.56723499298096,-0.008,-0.56,-0.787,0.966
66.56728386878967,-0.008,-0.56,-0.787,0.966
66.56733274459839,-0.008,-0.56,-0.787,0.966
66.56738185882568,-0.008,-0.56,-0.787,0.966
66.56742978096008,-0.008,-0.56,-0.787,0.966
66.5674798488617,-0.008,-0.56,-0.787,0.966
66.56752872467041,-0.008,-0.56,-0.787,0.966
66.56757879257202,-0.008,-0.56,-0.787,0.966
66.567626953125,-0.008,-0.56,-0.787,0.966
66.56767678260803,-0.008,-0.56,-0.787,0.966
66.56774091720581,-0.008,-0.56,-0.787,0.966
66.56778979301453,-0.008,-0.56,-0.787,0.966
66.56783866882324,-0.008,-0.56,-0.787,0.966
66.56788778305054,-0.008,-0.56,-0.787,0.966
66.56793689727783,-0.008,-0.56,-0.787,0.966
66.56798791885376,-0.008,-0.56,-0.787,0.966
66.568039894104,-0.008,-0.56,-0.787,0.966
66.56809186935425,-0.008,-0.56,-0.787,0.966
66.56814289093018,-0.008,-0.56,-0.787,0.966
66.56819200515747,-0.008,-0.56,-0.787,0.966
66.56825184822083,-0.008,-0.56,-0.787,0.966
66.56830978393555,-0.008,-0.56,-0.787,0.966
66.56836175918579,-0.008,-0.56,-0.787,0.966
66.56841087341309,-0.008,-0.56,-0.787,0.966
66.56845998764038,-0.008,-0.56,-0.787,0.966
66.56850981712341,-0.008,-0.56,-0.787,0.966
66.56855869293213,-0.008,-0.56,-0.787,0.966
66.56860780715942,-0.008,-0.56,-0.787,0.966
66.56865692138672,-0.008,-0.56,-0.787,0.966
66.56870698928833,-0.008,-0.56,-0.787,0.966
66.56875586509705,-0.008,-0.56,-0.787,0.966
66.56880474090576,-0.008,-0.56,-0.787,0.966
66.56885385513306,-0.008,-0.56,-0.787,0.966
66.56890296936035,-0.008,-0.56,-0.787,0.966
66.56895184516907,-0.008,-0.56,-0.787,0.966
66.56900072097778,-0.008,-0.56,-0.787,0.966
66.56904983520508,-0.008,-0.56,-0.787,0.966
66.56909894943237,-0.008,-0.56,-0.787,0.966
66.56914782524109,-0.008,-0.56,-0.787,0.966
66.5691967010498,-0.008,-0.56,-0.787,0.966
66.5692458152771,-0.008,-0.56,-0.787,0.966
66.5692949295044,-0.008,-0.56,-0.787,0.966
66.56934380531311,-0.008,-0.56,-0.787,0.966
66.56939268112183,-0.008,-0.56,-0.787,0.966
66.56944179534912,-0.008,-0.56,-0.787,0.966
66.56949090957642,-0.008,-0.56,-0.787,0.966
66.56953978538513,-0.008,-0.56,-0.787,0.966
66.56958866119385,-0.008,-0.56,-0.787,0.966
66.56963872909546,-0.008,-0.56,-0.787,0.966
66.56968784332275,-0.008,-0.56,-0.787,0.966
66.56973886489868,-0.008,-0.56,-0.787,0.966
66.56978797912598,-0.008,-0.56,-0.787,0.966
66.56983685493469,-0.008,-0.56,-0.787,0.966
66.56988573074341,-0.008,-0.56,-0.787,0.966
66.56993865966797,-0.008,-0.56,-0.787,0.966
66.56998777389526,-0.008,-0.56,-0.787,0.966
66.57003688812256,-0.008,-0.56,-0.787,0.966
66.57008695602417,-0.008,-0.56,-0.787,0.966
66.57013583183289,-0.008,-0.56,-0.787,0.966
66.5701847076416,-0.008,-0.56,-0.787,0.966
66.5702338218689,-0.008,-0.56,-0.787,0.966
66.57028579711914,-0.008,-0.56,-0.787,0.966
66.57033777236938,-0.008,-0.56,-0.787,0.966
66.57038688659668,-0.008,-0.56,-0.787,0.966
66.57043600082397,-0.008,-0.56,-0.787,0.966
66.570485830307,-0.008,-0.56,-0.787,0.966
66.57053470611572,-0.008,-0.56,-0.787,0.966
66.57058382034302,-0.008,-0.56,-0.787,0.966
66.570631980896,-0.008,-0.56,-0.787,0.966
66.57068085670471,-0.008,-0.56,-0.787,0.966
66.57072973251343,-0.008,-0.56,-0.787,0.966
66.57077884674072,-0.008,-0.56,-0.787,0.966
66.57082796096802,-0.008,-0.56,-0.787,0.966
66.57087683677673,-0.008,-0.56,-0.787,0.966
66.57092571258545,-0.008,-0.56,-0.787,0.966
66.57097482681274,-0.008,-0.56,-0.787,0.966
66.57102394104004,-0.008,-0.56,-0.787,0.966
66.57107281684875,-0.008,-0.56,-0.787,0.966
66.57112169265747,-0.008,-0.56,-0.787,0.966
66.57117080688477,-0.008,-0.56,-0.787,0.966
66.57121992111206,-0.008,-0.56,-0.787,0.966
66.57126879692078,-0.008,-0.56,-0.787,0.966
66.57131767272949,-0.008,-0.56,-0.787,0.966
66.57136678695679,-0.008,-0.56,-0.787,0.966
66.57141590118408,-0.008,-0.56,-0.787,0.966
66.57147073745728,-0.008,-0.56,-0.787,0.966
66.57152080535889,-0.008,-0.56,-0.787,0.966
66.57156991958618,-0.008,-0.56,-0.787,0.966
66.5716187953949,-0.008,-0.56,-0.787,0.966
66.57166886329651,-0.008,-0.56,-0.787,0.966
66.57171773910522,-0.008,-0.56,-0.787,0.966
66.57176685333252,-0.008,-0.56,-0.787,0.966
66.57181596755981,-0.008,-0.56,-0.787,0.966
66.57186484336853,-0.008,-0.56,-0.787,0.966
66.57191371917725,-0.008,-0.56,-0.787,0.966
66.57196283340454,-0.008,-0.56,-0.787,0.966
66.57201194763184,-0.008,-0.56,-0.787,0.966
66.57206082344055,-0.008,-0.56,-0.787,0.966
66.57210969924927,-0.008,-0.56,-0.787,0.966
66.57215976715088,-0.008,-0.56,-0.787,0.966
66.57220792770386,-0.008,-0.56,-0.787,0.966
66.57225680351257,-0.008,-0.56,-0.787,0.966
66.57230567932129,-0.008,-0.56,-0.787,0.966
66.57235884666443,-0.008,-0.56,-0.787,0.966
66.57240867614746,-0.008,-0.56,-0.787,0.966
66.57245874404907,-0.008,-0.56,-0.787,0.966
66.572509765625,-0.008,-0.56,-0.787,0.966
66.57256269454956,-0.008,-0.56,-0.787,0.966
66.57261371612549,-0.008,-0.56,-0.787,0.966
66.5726637840271,-0.008,-0.56,-0.787,0.966
66.57271766662598,-0.008,-0.56,-0.787,0.966
66.57276773452759,-0.008,-0.56,-0.787,0.966
66.57281875610352,-0.008,-0.56,-0.787,0.966
66.57286787033081,-0.008,-0.56,-0.787,0.966
66.5729169845581,-0.008,-0.56,-0.787,0.966
66.57296586036682,-0.008,-0.56,-0.787,0.966
66.57301473617554,-0.008,-0.56,-0.787,0.966
66.57306385040283,-0.008,-0.56,-0.787,0.966
66.57311296463013,-0.008,-0.56,-0.787,0.966
66.57316279411316,-0.008,-0.56,-0.787,0.966
66.57321166992188,-0.008,-0.56,-0.787,0.966
66.57326078414917,-0.008,-0.56,-0.787,0.966
66.57330989837646,-0.008,-0.56,-0.787,0.966
66.57335877418518,-0.008,-0.56,-0.787,0.966
66.57340788841248,-0.008,-0.56,-0.787,0.966
66.57345676422119,-0.008,-0.56,-0.787,0.966
66.57350587844849,-0.008,-0.56,-0.787,0.966
66.57355499267578,-0.008,-0.56,-0.787,0.966
66.5736038684845,-0.008,-0.56,-0.787,0.966
66.57365274429321,-0.008,-0.56,-0.787,0.966
66.57370185852051,-0.008,-0.56,-0.787,0.966
66.5737509727478,-0.008,-0.56,-0.787,0.966
66.57380080223083,-0.008,-0.56,-0.787,0.966
66.57384967803955,-0.008,-0.56,-0.787,0.966
66.57389783859253,-0.008,-0.56,-0.787,0.966
66.57394695281982,-0.008,-0.56,-0.787,0.966
66.57399582862854,-0.008,-0.56,-0.787,0.966
66.57404565811157,-0.008,-0.56,-0.787,0.966
66.57409381866455,-0.008,-0.56,-0.787,0.966
66.57414388656616,-0.008,-0.56,-0.787,0.966
66.57419300079346,-0.008,-0.56,-0.787,0.966
66.57424187660217,-0.008,-0.56,-0.787,0.966
66.57429265975952,-0.008,-0.56,-0.787,0.966
66.57434177398682,-0.008,-0.56,-0.787,0.966
66.57439088821411,-0.008,-0.56,-0.787,0.966
66.5744400024414,-0.008,-0.56,-0.787,0.966
66.57448887825012,-0.008,-0.56,-0.787,0.966
66.57453775405884,-0.008,-0.56,-0.787,0.966
66.57458686828613,-0.008,-0.56,-0.787,0.966
66.57463598251343,-0.008,-0.56,-0.787,0.966
66.57468485832214,-0.008,-0.56,-0.787,0.966
66.57473468780518,-0.008,-0.56,-0.787,0.966
66.57478380203247,-0.008,-0.56,-0.787,0.966
66.57483291625977,-0.008,-0.56,-0.787,0.966
66.57488179206848,-0.008,-0.56,-0.787,0.966
66.5749306678772,-0.008,-0.56,-0.787,0.966
66.57497882843018,-0.008,-0.56,-0.787,0.966
66.57502794265747,-0.008,-0.56,-0.787,0.966
66.57507681846619,-0.008,-0.56,-0.787,0.966
66.5751268863678,-0.008,-0.56,-0.787,0.966
66.57517576217651,-0.008,-0.56,-0.787,0.966
66.57522487640381,-0.008,-0.56,-0.787,0.966
66.5752739906311,-0.008,-0.56,-0.787,0.966
66.57532286643982,-0.008,-0.56,-0.787,0.966
66.57537174224854,-0.008,-0.56,-0.787,0.966
66.57542085647583,-0.008,-0.56,-0.787,0.966
66.57546997070312,-0.008,-0.56,-0.787,0.966
66.57551884651184,-0.008,-0.56,-0.787,0.966
66.57556772232056,-0.008,-0.56,-0.787,0.966
66.57561779022217,-0.008,-0.56,-0.787,0.966
66.57566690444946,-0.008,-0.56,-0.787,0.966
66.57571578025818,-0.008,-0.56,-0.787,0.966
66.57576584815979,-0.008,-0.56,-0.787,0.966
66.5758147239685,-0.008,-0.56,-0.787,0.966
66.5758638381958,-0.008,-0.56,-0.787,0.966
66.5759129524231,-0.008,-0.56,-0.787,0.966
66.57596182823181,-0.008,-0.56,-0.787,0.966
66.57601165771484,-0.008,-0.56,-0.787,0.966
66.57606077194214,-0.008,-0.56,-0.787,0.966
66.57610988616943,-0.008,-0.56,-0.787,0.966
66.57615900039673,-0.008,-0.56,-0.787,0.966
66.57620668411255,-0.008,-0.56,-0.787,0.966
66.57625675201416,-0.008,-0.56,-0.787,0.966
66.57630586624146,-0.008,-0.56,-0.787,0.966
66.57635688781738,-0.008,-0.56,-0.787,0.966
66.57640886306763,-0.006,-0.578,-0.76,0.955
66.57652378082275,-0.006,-0.578,-0.76,0.955
66.57657480239868,-0.006,-0.578,-0.76,0.955
66.5766248703003,-0.006,-0.578,-0.76,0.955
66.5766749382019,-0.006,-0.578,-0.76,0.955
66.57672381401062,-0.006,-0.578,-0.76,0.955
66.57677388191223,-0.006,-0.578,-0.76,0.955
66.57682275772095,-0.006,-0.578,-0.76,0.955
66.57687377929688,-0.006,-0.578,-0.76,0.955
66.57700872421265,-0.006,-0.578,-0.76,0.955
66.57705974578857,-0.006,-0.578,-0.76,0.955
66.57710981369019,-0.006,-0.578,-0.76,0.955
66.57716083526611,-0.006,-0.578,-0.76,0.955
66.57721090316772,-0.006,-0.578,-0.76,0.955
66.57726192474365,-0.006,-0.578,-0.76,0.955
66.57731199264526,-0.006,-0.578,-0.76,0.955
66.57739782333374,-0.006,-0.578,-0.76,0.955
66.57747483253479,-0.006,-0.578,-0.76,0.955
66.57753086090088,-0.006,-0.578,-0.76,0.955
66.57758474349976,-0.006,-0.578,-0.76,0.955
66.57763576507568,-0.006,-0.578,-0.76,0.955
66.57768678665161,-0.006,-0.578,-0.76,0.955
66.57773876190186,-0.006,-0.578,-0.76,0.955
66.57778787612915,-0.006,-0.578,-0.76,0.955
66.57783699035645,-0.006,-0.578,-0.76,0.955
66.57788586616516,-0.006,-0.578,-0.76,0.955
66.5779356956482,-0.006,-0.578,-0.76,0.955
66.57798480987549,-0.006,-0.578,-0.76,0.955
66.57803392410278,-0.006,-0.578,-0.76,0.955
66.5780827999115,-0.006,-0.578,-0.76,0.955
66.57813286781311,-0.006,-0.578,-0.76,0.955
66.57818174362183,-0.006,-0.578,-0.76,0.955
66.57823085784912,-0.006,-0.578,-0.76,0.955
66.57827997207642,-0.006,-0.578,-0.76,0.955
66.57832884788513,-0.006,-0.578,-0.76,0.955
66.57837772369385,-0.006,-0.578,-0.76,0.955
66.57842588424683,-0.006,-0.578,-0.76,0.955
66.57847595214844,-0.006,-0.578,-0.76,0.955
66.57852482795715,-0.006,-0.578,-0.76,0.955
66.57857370376587,-0.006,-0.578,-0.76,0.955
66.57862281799316,-0.006,-0.578,-0.76,0.955
66.57867383956909,-0.006,-0.578,-0.76,0.955
66.57872486114502,-0.006,-0.578,-0.76,0.955
66.57877588272095,-0.006,-0.578,-0.76,0.955
66.57882595062256,-0.006,-0.578,-0.76,0.955
66.57887387275696,-0.006,-0.578,-0.76,0.955
66.57892370223999,-0.006,-0.578,-0.76,0.955
66.57897281646729,-0.006,-0.578,-0.76,0.955
66.57902193069458,-0.006,-0.578,-0.76,0.955
66.5790708065033,-0.006,-0.578,-0.76,0.955
66.57911968231201,-0.006,-0.578,-0.76,0.955
66.5791687965393,-0.006,-0.578,-0.76,0.955
66.5792179107666,-0.006,-0.578,-0.76,0.955
66.57926678657532,-0.006,-0.578,-0.76,0.955
66.57931470870972,-0.006,-0.578,-0.76,0.955
66.57936382293701,-0.006,-0.578,-0.76,0.955
66.57941389083862,-0.006,-0.578,-0.76,0.955
66.57946300506592,-0.006,-0.578,-0.76,0.955
66.57951188087463,-0.006,-0.578,-0.76,0.955
66.57955980300903,-0.006,-0.578,-0.76,0.955
66.57960891723633,-0.006,-0.578,-0.76,0.955
66.57965779304504,-0.006,-0.578,-0.76,0.955
66.57970666885376,-0.006,-0.578,-0.76,0.955
66.57975578308105,-0.006,-0.578,-0.76,0.955
66.57980585098267,-0.006,-0.578,-0.76,0.955
66.57985496520996,-0.006,-0.578,-0.76,0.955
66.57991170883179,-0.006,-0.578,-0.76,0.955
66.57996082305908,-0.006,-0.578,-0.76,0.955
66.58000993728638,-0.006,-0.578,-0.76,0.955
66.58005881309509,-0.006,-0.578,-0.76,0.955
66.58010768890381,-0.006,-0.578,-0.76,0.955
66.5801568031311,-0.006,-0.578,-0.76,0.955
66.58020687103271,-0.006,-0.578,-0.76,0.955
66.58025598526001,-0.006,-0.578,-0.76,0.955
66.58030486106873,-0.006,-0.578,-0.76,0.955
66.58035373687744,-0.006,-0.578,-0.76,0.955
66.58040285110474,-0.006,-0.578,-0.76,0.955
66.58045077323914,-0.006,-0.578,-0.76,0.955
66.58049988746643,-0.006,-0.578,-0.76,0.955
66.58054876327515,-0.006,-0.578,-0.76,0.955
66.58059787750244,-0.006,-0.578,-0.76,0.955
66.58064699172974,-0.006,-0.578,-0.76,0.955
66.58069586753845,-0.006,-0.578,-0.76,0.955
66.58074474334717,-0.006,-0.578,-0.76,0.955
66.58079981803894,-0.006,-0.578,-0.76,0.955
66.58085489273071,-0.006,-0.578,-0.76,0.955
66.58090400695801,-0.006,-0.578,-0.76,0.955
66.58095288276672,-0.006,-0.578,-0.76,0.955
66.58100175857544,-0.006,-0.578,-0.76,0.955
66.58105087280273,-0.006,-0.578,-0.76,0.955
66.58110785484314,-0.006,-0.578,-0.76,0.955
66.58115768432617,-0.006,-0.578,-0.76,0.955
66.58121299743652,-0.006,-0.578,-0.76,0.955
66.58126187324524,-0.006,-0.578,-0.76,0.955
66.58131074905396,-0.006,-0.578,-0.76,0.955
66.58135986328125,-0.006,-0.578,-0.76,0.955
66.58140897750854,-0.006,-0.578,-0.76,0.955
66.58145880699158,-0.006,-0.578,-0.76,0.955
66.58150672912598,-0.006,-0.578,-0.76,0.955
66.58155584335327,-0.006,-0.578,-0.76,0.955
66.58160495758057,-0.006,-0.578,-0.76,0.955
66.58165383338928,-0.006,-0.578,-0.76,0.955
66.581702709198,-0.006,-0.578,-0.76,0.955
66.5817518234253,-0.006,-0.578,-0.76,0.955
66.58179998397827,-0.006,-0.578,-0.76,0.955
66.58184885978699,-0.006,-0.578,-0.76,0.955
66.5818977355957,-0.006,-0.578,-0.76,0.955
66.58195400238037,-0.006,-0.578,-0.76,0.955
66.58200287818909,-0.006,-0.578,-0.76,0.955
66.5820517539978,-0.006,-0.578,-0.76,0.955
66.5821008682251,-0.006,-0.578,-0.76,0.955
66.58214998245239,-0.006,-0.578,-0.76,0.955
66.58219766616821,-0.006,-0.578,-0.76,0.955
66.58224773406982,-0.006,-0.578,-0.76,0.955
66.5822958946228,-0.006,-0.578,-0.76,0.955
66.5823450088501,-0.006,-0.578,-0.76,0.955
66.58239388465881,-0.006,-0.578,-0.76,0.955
66.58244276046753,-0.006,-0.578,-0.76,0.955
66.58249187469482,-0.006,-0.578,-0.76,0.955
66.58253979682922,-0.006,-0.578,-0.76,0.955
66.58258867263794,-0.006,-0.578,-0.76,0.955
66.58263778686523,-0.006,-0.578,-0.76,0.955
66.58268690109253,-0.006,-0.578,-0.76,0.955
66.58273577690125,-0.006,-0.578,-0.76,0.955
66.58278489112854,-0.006,-0.578,-0.76,0.955
66.58283376693726,-0.006,-0.578,-0.76,0.955
66.58288288116455,-0.006,-0.578,-0.76,0.955
66.58293199539185,-0.006,-0.578,-0.76,0.955
66.58298087120056,-0.006,-0.578,-0.76,0.955
66.58302974700928,-0.006,-0.578,-0.76,0.955
66.58307886123657,-0.006,-0.578,-0.76,0.955
66.58312892913818,-0.006,-0.578,-0.76,0.955
66.5831778049469,-0.006,-0.578,-0.76,0.955
66.58322668075562,-0.006,-0.578,-0.76,0.955
66.58327579498291,-0.006,-0.578,-0.76,0.955
66.5833249092102,-0.006,-0.578,-0.76,0.955
66.58337378501892,-0.006,-0.578,-0.76,0.955
66.58342480659485,-0.006,-0.578,-0.76,0.955
66.58347368240356,-0.006,-0.578,-0.76,0.955
66.58352279663086,-0.006,-0.578,-0.76,0.955
66.58357095718384,-0.006,-0.578,-0.76,0.955
66.58362078666687,-0.006,-0.578,-0.76,0.955
66.58366966247559,-0.006,-0.578,-0.76,0.955
66.58372592926025,-0.006,-0.578,-0.76,0.955
66.58377480506897,-0.006,-0.578,-0.76,0.955
66.58382368087769,-0.006,-0.578,-0.76,0.955
66.58387279510498,-0.006,-0.578,-0.76,0.955
66.58392190933228,-0.006,-0.578,-0.76,0.955
66.58397078514099,-0.006,-0.578,-0.76,0.955
66.58401870727539,-0.006,-0.578,-0.76,0.955
66.58406782150269,-0.006,-0.578,-0.76,0.955
66.58411693572998,-0.006,-0.578,-0.76,0.955
66.5841658115387,-0.006,-0.578,-0.76,0.955
66.58421468734741,-0.006,-0.578,-0.76,0.955
66.5842638015747,-0.006,-0.578,-0.76,0.955
66.58431482315063,-0.006,-0.578,-0.76,0.955
66.58436679840088,-0.006,-0.578,-0.76,0.955
66.58441495895386,-0.006,-0.578,-0.76,0.955
66.58446383476257,-0.006,-0.578,-0.76,0.955
66.58451175689697,-0.006,-0.578,-0.76,0.955
66.58456087112427,-0.006,-0.578,-0.76,0.955
66.58460998535156,-0.006,-0.578,-0.76,0.955
66.58465886116028,-0.006,-0.578,-0.76,0.955
66.58472084999084,-0.006,-0.578,-0.76,0.955
66.58476972579956,-0.006,-0.578,-0.76,0.955
66.58481884002686,-0.006,-0.578,-0.76,0.955
66.58486795425415,-0.006,-0.578,-0.76,0.955
66.58491683006287,-0.006,-0.578,-0.76,0.955
66.58496570587158,-0.006,-0.578,-0.76,0.955
66.58502197265625,-0.006,-0.578,-0.76,0.955
66.58507084846497,-0.006,-0.578,-0.76,0.955
66.585120677948,-0.006,-0.578,-0.76,0.955
66.58516883850098,-0.006,-0.578,-0.76,0.955
66.58521795272827,-0.006,-0.578,-0.76,0.955
66.58526682853699,-0.006,-0.578,-0.76,0.955
66.5853157043457,-0.006,-0.578,-0.76,0.955
66.58536386489868,-0.006,-0.578,-0.76,0.955
66.58541297912598,-0.006,-0.578,-0.76,0.955
66.58546185493469,-0.006,-0.578,-0.76,0.955
66.58551073074341,-0.006,-0.578,-0.76,0.955
66.5855598449707,-0.006,-0.578,-0.76,0.955
66.585608959198,-0.006,-0.578,-0.76,0.955
66.5856568813324,-0.006,-0.578,-0.76,0.955
66.58570575714111,-0.006,-0.578,-0.76,0.955
66.58575487136841,-0.006,-0.578,-0.76,0.955
66.5858039855957,-0.006,-0.578,-0.76,0.955
66.58585286140442,-0.006,-0.578,-0.76,0.955
66.58590078353882,-0.006,-0.578,-0.76,0.955
66.58594989776611,-0.006,-0.578,-0.76,0.955
66.58599877357483,-0.006,-0.578,-0.76,0.955
66.58604788780212,-0.006,-0.578,-0.76,0.955
66.58609580993652,-0.006,-0.578,-0.76,0.955
66.58614492416382,-0.006,-0.578,-0.76,0.955
66.58619379997253,-0.006,-0.578,-0.76,0.955
66.58624172210693,-0.006,-0.578,-0.76,0.955
66.58629083633423,-0.006,-0.578,-0.76,0.955
66.58633995056152,-0.006,-0.578,-0.76,0.955
66.58638882637024,-0.006,-0.578,-0.76,0.955
66.58643984794617,-0.006,-0.578,-0.76,0.955
66.5864896774292,-0.007,-0.63,-0.748,0.978
66.58665680885315,-0.007,-0.63,-0.748,0.978
66.58670783042908,-0.007,-0.63,-0.748,0.978
66.5867567062378,-0.007,-0.63,-0.748,0.978
66.58680582046509,-0.007,-0.63,-0.748,0.978
66.58685493469238,-0.007,-0.63,-0.748,0.978
66.5869038105011,-0.007,-0.63,-0.748,0.978
66.58695578575134,-0.007,-0.63,-0.748,0.978
66.58700466156006,-0.007,-0.63,-0.748,0.978
66.58705377578735,-0.007,-0.63,-0.748,0.978
66.58710384368896,-0.007,-0.63,-0.748,0.978
66.58715486526489,-0.007,-0.63,-0.748,0.978
66.5872049331665,-0.007,-0.63,-0.748,0.978
66.58725595474243,-0.007,-0.63,-0.748,0.978
66.58730578422546,-0.007,-0.63,-0.748,0.978
66.58735680580139,-0.007,-0.63,-0.748,0.978
66.587406873703,-0.007,-0.63,-0.748,0.978
66.58745765686035,-0.007,-0.63,-0.748,0.978
66.58750772476196,-0.007,-0.63,-0.748,0.978
66.58755779266357,-0.007,-0.63,-0.748,0.978
66.5876088142395,-0.007,-0.63,-0.748,0.978
66.58765888214111,-0.007,-0.63,-0.748,0.978
66.58770895004272,-0.007,-0.63,-0.748,0.978
66.58775997161865,-0.007,-0.63,-0.748,0.978
66.58780980110168,-0.007,-0.63,-0.748,0.978
66.5878598690033,-0.007,-0.63,-0.748,0.978
66.58791089057922,-0.007,-0.63,-0.748,0.978
66.58796072006226,-0.007,-0.63,-0.748,0.978
66.58801174163818,-0.007,-0.63,-0.748,0.978
66.5880618095398,-0.007,-0.63,-0.748,0.978
66.5881118774414,-0.007,-0.63,-0.748,0.978
66.58816194534302,-0.007,-0.63,-0.748,0.978
66.58821177482605,-0.007,-0.63,-0.748,0.978
66.58826184272766,-0.007,-0.63,-0.748,0.978
66.58834481239319,-0.007,-0.63,-0.748,0.978
66.58841681480408,-0.007,-0.63,-0.748,0.978
66.5884747505188,-0.007,-0.63,-0.748,0.978
66.58852982521057,-0.007,-0.63,-0.748,0.978
66.58858299255371,-0.007,-0.63,-0.748,0.978
66.58863878250122,-0.007,-0.63,-0.748,0.978
66.58869075775146,-0.007,-0.63,-0.748,0.978
66.58874177932739,-0.007,-0.63,-0.748,0.978
66.58879280090332,-0.007,-0.63,-0.748,0.978
66.58884382247925,-0.007,-0.63,-0.748,0.978
66.58889484405518,-0.007,-0.63,-0.748,0.978
66.5889458656311,-0.007,-0.63,-0.748,0.978
66.58899688720703,-0.007,-0.63,-0.748,0.978
66.58904790878296,-0.007,-0.63,-0.748,0.978
66.58909893035889,-0.007,-0.63,-0.748,0.978
66.58981680870056,-0.007,-0.63,-0.748,0.978
66.5898687839508,-0.007,-0.63,-0.748,0.978
66.58991885185242,-0.007,-0.63,-0.748,0.978
66.58996868133545,-0.007,-0.63,-0.748,0.978
66.59001779556274,-0.007,-0.63,-0.748,0.978
66.6086859703064,0.05,-0.649,-0.813,1.041
66.60875797271729,0.05,-0.649,-0.813,1.041
66.62501573562622,0.063,-0.643,-0.804,1.031
66.64167976379395,0.042,-0.644,-0.753,0.992
66.64228081703186,0.042,-0.644,-0.753,0.992
66.65848398208618,0.005,-0.632,-0.808,1.026
66.6585578918457,0.005,-0.632,-0.808,1.026
66.67489385604858,-0.008,-0.637,-0.834,1.049
66.6919298171997,-0.012,-0.614,-0.816,1.021
66.69200778007507,-0.012,-0.614,-0.816,1.021
66.70836687088013,-0.008,-0.606,-0.828,1.026
66.70845079421997,-0.008,-0.606,-0.828,1.026
66.72529172897339,0.006,-0.598,-0.826,1.02
66.74155569076538,0.023,-0.61,-0.819,1.021
66.74227666854858,0.023,-0.61,-0.819,1.021
66.75913190841675,-0.027,-0.595,-0.799,0.997
66.7592248916626,-0.027,-0.595,-0.799,0.997
66.7756199836731,-0.041,-0.604,-0.808,1.01
66.79156970977783,-0.021,-0.648,-0.828,1.052
66.79231071472168,-0.021,-0.648,-0.828,1.052
66.80902194976807,-0.014,-0.632,-0.796,1.016
66.8091127872467,-0.014,-0.632,-0.796,1.016
66.82500982284546,-0.019,-0.613,-0.792,1.002
66.84194684028625,0.001,-0.614,-0.786,0.997
66.84203767776489,0.001,-0.614,-0.786,0.997
66.85880470275879,0.021,-0.612,-0.81,1.015
66.8609688282013,0.021,-0.612,-0.81,1.015
66.87534093856812,0.007,-0.614,-0.795,1.005
66.891765832901,0.009,-0.602,-0.792,0.995
66.89185786247253,0.009,-0.602,-0.792,0.995
66.90919780731201,0.024,-0.604,-0.78,0.987
66.91139888763428,0.024,-0.604,-0.78,0.987
66.92520785331726,0.024,-0.605,-0.778,0.986
66.94265985488892,0.006,-0.6,-0.79,0.992
66.94275188446045,0.006,-0.6,-0.79,0.992
66.95933389663696,-0.016,-0.588,-0.799,0.992
66.96163988113403,-0.016,-0.588,-0.799,0.992
66.97601270675659,-0.017,-0.597,-0.809,1.006
66.9915919303894,0.001,-0.599,-0.806,1.004
66.99263787269592,0.001,-0.599,-0.806,1.004
67.00954294204712,-0.004,-0.598,-0.836,1.028
67.01214075088501,-0.004,-0.598,-0.836,1.028
67.02588367462158,-0.02,-0.601,-0.844,1.036
67.04244685173035,-0.023,-0.595,-0.833,1.024
67.04257774353027,-0.023,-0.595,-0.833,1.024
67.05901670455933,-0.023,-0.599,-0.844,1.035
67.06231784820557,-0.025,-0.604,-0.834,1.03
67.07602500915527,-0.03,-0.601,-0.823,1.02
67.09281182289124,-0.008,-0.614,-0.829,1.032
67.09290480613708,-0.008,-0.614,-0.829,1.032
67.10959887504578,-0.001,-0.616,-0.803,1.012
67.11303567886353,-0.001,-0.616,-0.803,1.012
67.12595891952515,0.004,-0.611,-0.79,0.999
67.14349389076233,0.003,-0.615,-0.802,1.011
67.14362573623657,0.003,-0.615,-0.802,1.011
67.15775489807129,0.001,-0.617,-0.786,0.999
67.1764178276062,-0.004,-0.606,-0.814,1.015
67.17746591567993,-0.004,-0.606,-0.814,1.015
67.18192887306213,-0.007,-0.6,-0.795,0.996
67.20101380348206,-0.019,-0.588,-0.789,0.984
67.20384693145752,-0.019,-0.588,-0.789,0.984
67.21606492996216,0.009,-0.58,-0.801,0.989
67.23262977600098,0.021,-0.571,-0.795,0.979
67.23275995254517,0.021,-0.571,-0.795,0.979
67.24997472763062,0.002,-0.582,-0.768,0.964
67.25354886054993,-0.01,-0.59,-0.757,0.96
67.26680779457092,-0.013,-0.593,-0.744,0.952
67.28333377838135,0.031,-0.547,-0.718,0.903
67.28346300125122,0.031,-0.547,-0.718,0.903
67.299813747406,0.036,-0.52,-0.703,0.875
67.30358982086182,-0.095,-0.539,-0.704,0.892
67.31664896011353,-0.146,-0.592,-0.663,0.901
67.33297967910767,-0.003,-0.548,-0.587,0.803
67.33311176300049,-0.003,-0.548,-0.587,0.803
67.34963488578796,0.073,-0.418,-0.566,0.707
67.35286283493042,0.131,-0.316,-0.587,0.679
67.36790180206299,0.178,-0.236,-0.58,0.651
67.3837718963623,-0.086,-0.378,-0.489,0.624
67.38386297225952,-0.086,-0.378,-0.489,0.624
67.40152072906494,-0.364,-0.618,-0.287,0.773
67.40489196777344,-0.364,-0.618,-0.287,0.773
67.41791582107544,-0.481,-0.721,-0.252,0.903
67.43454885482788,-0.106,-1.147,-1.46,1.86
67.43467998504639,-0.106,-1.147,-1.46,1.86
67.45213270187378,0.229,-0.479,-0.402,0.666
67.45481181144714,0.229,-0.479,-0.402,0.666
67.4675669670105,0.127,-0.626,-0.374,0.74
67.48408079147339,-0.12,-1.203,-0.88,1.495
67.48421287536621,-0.12,-1.203,-0.88,1.495
67.50081300735474,-0.02,-0.996,-0.654,1.192
67.50432085990906,0.018,-0.712,-0.511,0.877
67.51798295974731,0.0,-0.622,-0.638,0.891
67.5330708026886,0.041,-0.707,-1.022,1.243
67.53549575805664,0.041,-0.707,-1.022,1.243
67.54904174804688,0.079,-0.717,-1.137,1.347
67.56528377532959,0.158,-0.573,-1.052,1.208
67.5654149055481,0.158,-0.573,-1.052,1.208
67.5819718837738,0.128,-0.438,-1.051,1.146
67.58482599258423,0.113,-0.336,-1.092,1.148
67.59867095947266,0.259,-0.312,-0.883,0.972
67.61515998840332,0.154,-0.453,-0.836,0.963
67.61529088020325,0.154,-0.453,-0.836,0.963
67.63195991516113,0.125,-0.491,-0.861,0.999
67.63515186309814,0.152,-0.469,-0.933,1.055
67.64856100082397,0.129,-0.396,-0.959,1.046
67.66518974304199,0.053,-0.298,-1.029,1.073
67.6653208732605,0.053,-0.298,-1.029,1.073
67.68203687667847,0.006,-0.304,-1.05,1.093
67.68500566482544,-0.042,-0.338,-1.016,1.072
67.6987509727478,-0.07,-0.402,-1.022,1.1
67.71534180641174,0.06,-0.409,-1.13,1.203
67.71547484397888,0.06,-0.409,-1.13,1.203
67.73150396347046,0.127,-0.392,-1.127,1.2
67.7349328994751,0.152,-0.393,-1.122,1.199
67.7486219406128,0.128,-0.407,-1.075,1.157
67.76504468917847,0.103,-0.45,-0.995,1.097
67.76518392562866,0.103,-0.45,-0.995,1.097
67.78170394897461,0.101,-0.469,-0.984,1.095
67.7850227355957,0.099,-0.468,-0.989,1.099
67.7980227470398,0.101,-0.453,-0.996,1.099
67.81500387191772,0.162,-0.441,-0.966,1.074
67.81761384010315,0.162,-0.441,-0.966,1.074
67.83129978179932,0.216,-0.399,-0.936,1.04
67.84770488739014,0.131,-0.37,-0.866,0.951
67.84874868392944,0.131,-0.37,-0.866,0.951
67.8659348487854,-0.008,-0.399,-0.867,0.954
67.86606693267822,-0.008,-0.399,-0.867,0.954
67.88211584091187,-0.026,-0.395,-0.899,0.982
67.8853669166565,-0.042,-0.383,-0.915,0.993
67.89817094802856,-0.045,-0.381,-0.953,1.027
67.91671681404114,-0.043,-0.341,-0.986,1.044
67.91684579849243,-0.043,-0.341,-0.986,1.044
67.93326568603516,-0.047,-0.344,-0.983,1.043
67.93647766113281,-0.036,-0.34,-0.997,1.054
67.94813394546509,0.007,-0.342,-0.979,1.037
67.96678280830383,0.055,-0.401,-0.892,0.98
67.96691584587097,0.055,-0.401,-0.892,0.98
67.98350095748901,0.05,-0.421,-0.896,0.991
67.9870719909668,0.028,-0.441,-0.906,1.008
68.00011396408081,0.01,-0.448,-0.908,1.013
68.01690578460693,0.027,-0.428,-0.918,1.013
68.0170350074768,0.027,-0.428,-0.918,1.013
68.03373670578003,-0.017,-0.418,-0.966,1.053
68.03748798370361,-0.014,-0.349,-0.983,1.043
68.04900479316711,-0.013,-0.365,-0.948,1.016
68.06675386428833,0.041,-0.347,-0.952,1.014
68.06688785552979,0.041,-0.347,-0.952,1.014
68.08355689048767,0.045,-0.374,-0.936,1.009
68.08653593063354,0.068,-0.373,-0.917,0.992
68.10047769546509,0.088,-0.376,-0.907,0.986
68.11676287651062,0.075,-0.363,-0.921,0.993
68.1194097995758,0.075,-0.363,-0.921,0.993
68.1335277557373,0.06,-0.371,-0.933,1.006
68.13667869567871,0.046,-0.366,-0.942,1.012
68.15038681030273,0.028,-0.357,-0.933,0.999
68.16679668426514,-0.004,-0.341,-0.897,0.96
68.1691107749939,-0.004,-0.341,-0.897,0.96
68.18252182006836,-0.013,-0.334,-0.889,0.95
68.1861298084259,-0.004,-0.327,-0.88,0.939
68.19646787643433,-0.002,-0.341,-0.862,0.927
68.20631790161133,-0.001,-0.357,-0.869,0.939
68.21648287773132,-0.005,-0.38,-0.911,0.987
68.22944378852844,-0.007,-0.398,-0.936,1.017
68.23684883117676,-0.003,-0.397,-0.925,1.007
68.24686574935913,0.005,-0.394,-0.916,0.997
68.2569227218628,0.01,-0.392,-0.91,0.991
68.26688575744629,0.014,-0.392,-0.9,0.982
68.27782678604126,0.02,-0.393,-0.898,0.98
68.28769493103027,0.019,-0.395,-0.905,0.988
68.29789280891418,0.017,-0.396,-0.915,0.997
68.30785799026489,0.01,-0.399,-0.91,0.994
68.31822395324707,0.014,-0.406,-0.913,0.999
68.33710289001465,0.024,-0.388,-0.913,0.992
68.33889865875244,0.024,-0.388,-0.913,0.992
68.34860372543335,0.025,-0.379,-0.93,1.005
68.35831785202026,0.006,-0.392,-0.953,1.03
68.36853384971619,-0.031,-0.4,-0.949,1.03
68.3786268234253,-0.043,-0.385,-0.926,1.004
68.3887038230896,-0.021,-0.366,-0.828,0.906
68.39887881278992,0.08,-0.325,-0.467,0.575
68.40868091583252,0.104,-0.366,-0.914,0.99
68.4190616607666,0.114,-0.433,-1.151,1.235
68.43831300735474,0.046,-0.515,-1.055,1.175
