time,gFx,gFy,gFz,gFTotal
0.0035948753356933594,0.038,-0.319,-1.171,1.214
0.003793001174926758,0.038,-0.319,-1.171,1.214
0.013265132904052734,0.022,-0.304,-1.037,1.081
0.03304910659790039,-0.063,-0.13,-1.107,1.116
0.03322792053222656,-0.063,-0.13,-1.107,1.116
0.05188894271850586,-0.133,-0.175,-1.034,1.057
0.05507302284240723,-0.133,-0.175,-1.034,1.057
0.06417512893676758,-0.142,-0.183,-1.023,1.049
0.07890200614929199,-0.149,-0.184,-1.016,1.043
0.09569907188415527,-0.139,-0.169,-0.981,1.005
0.09577798843383789,-0.139,-0.169,-0.981,1.005
0.11370205879211426,-0.137,-0.161,-0.979,1.002
0.11378288269042969,-0.137,-0.161,-0.979,1.002
0.12986207008361816,-0.133,-0.164,-0.999,1.021
0.14627504348754883,-0.132,-0.157,-1.006,1.027
0.1469120979309082,-0.132,-0.157,-1.006,1.027
0.16346216201782227,-0.146,-0.144,-0.969,0.99
0.16369199752807617,-0.146,-0.144,-0.969,0.99
0.17986106872558594,-0.144,-0.14,-0.951,0.972
0.1961979866027832,-0.141,-0.157,-0.924,0.948
0.19697189331054688,-0.141,-0.157,-0.924,0.948
0.2140340805053711,-0.164,-0.183,-0.928,0.96
0.21429204940795898,-0.164,-0.183,-0.928,0.96
0.23172807693481445,-0.173,-0.199,-0.932,0.969
0.23511791229248047,-0.179,-0.217,-0.939,0.98
0.24855613708496094,-0.184,-0.231,-0.93,0.976
0.2651948928833008,-0.166,-0.243,-0.896,0.943
0.2652912139892578,-0.166,-0.243,-0.896,0.943
0.28223299980163574,-0.153,-0.249,-0.879,0.926
0.2855720520019531,-0.139,-0.25,-0.86,0.906
0.2992701530456543,-0.124,-0.252,-0.841,0.887
0.3144841194152832,-0.097,-0.264,-0.857,0.902
0.3147602081298828,-0.097,-0.264,-0.857,0.902
0.3308680057525635,-0.108,-0.261,-0.899,0.942
0.34699487686157227,-0.131,-0.287,-0.968,1.018
0.34795188903808594,-0.131,-0.287,-0.968,1.018
0.36405301094055176,-0.113,-0.331,-1.012,1.071
0.3666200637817383,-0.113,-0.331,-1.012,1.071
0.3811831474304199,-0.083,-0.283,-0.993,1.036
0.39828014373779297,-0.204,-0.2,-1.14,1.175
0.39934587478637695,-0.204,-0.2,-1.14,1.175
0.4151139259338379,-0.248,-0.306,-1.046,1.118
0.41786718368530273,-0.248,-0.306,-1.046,1.118
0.43187499046325684,-0.207,-0.393,-0.897,1.001
0.43526220321655273,-0.208,-0.469,-0.813,0.961
0.448261022567749,-0.249,-0.505,-0.76,0.946
0.4656660556793213,-0.239,-0.497,-0.793,0.966
0.465939998626709,-0.239,-0.497,-0.793,0.966
0.48119020462036133,-0.261,-0.439,-0.898,1.033
0.49751806259155273,-0.099,-0.423,-0.956,1.05
0.49781298637390137,-0.099,-0.423,-0.956,1.05
0.5139579772949219,0.002,-0.476,-0.862,0.985
0.5174400806427002,-0.009,-0.478,-0.772,0.908
0.5309891700744629,-0.037,-0.439,-0.75,0.87
0.5480599403381348,-0.068,-0.468,-0.781,0.913
0.5483541488647461,-0.068,-0.468,-0.781,0.913
0.565485954284668,0.011,-0.529,-0.743,0.912
0.5681240558624268,0.011,-0.529,-0.743,0.912
0.5817251205444336,0.047,-0.527,-0.688,0.868
0.5984082221984863,0.061,-0.51,-0.657,0.834
0.5987648963928223,0.061,-0.51,-0.657,0.834
0.6156048774719238,-0.057,-0.36,-1.383,1.43
0.6182641983032227,-0.057,-0.36,-1.383,1.43
0.6319231986999512,0.022,-0.414,-1.037,1.117
0.6486010551452637,0.053,-0.728,-0.577,0.93
0.648921012878418,0.053,-0.728,-0.577,0.93
0.665600061416626,0.048,-0.569,-1.131,1.267
0.6687750816345215,0.048,-0.569,-1.131,1.267
0.6818420886993408,0.097,-0.586,-0.896,1.075
0.6988170146942139,0.029,-0.603,-0.723,0.942
0.6990740299224854,0.029,-0.603,-0.723,0.942
0.7159361839294434,0.071,-0.612,-0.65,0.896
0.7190771102905273,0.071,-0.612,-0.65,0.896
0.7340779304504395,0.028,-0.549,-0.728,0.912
0.7372150421142578,-0.017,-0.496,-0.84,0.976
0.748542070388794,-0.078,-0.48,-0.906,1.028
0.766228199005127,-0.136,-0.462,-0.617,0.783
0.7693638801574707,-0.136,-0.462,-0.617,0.783
0.7817790508270264,-0.072,-0.466,-0.59,0.755
0.7985410690307617,-0.06,-0.537,-0.783,0.951
0.7988181114196777,-0.06,-0.537,-0.783,0.951
0.8153181076049805,-0.05,-0.647,-0.91,1.118
0.8184771537780762,0.04,-0.937,-0.877,1.284
0.8319439888000488,0.041,-0.787,-0.935,1.223
0.8482620716094971,0.084,-0.445,-0.877,0.987
0.8485379219055176,0.084,-0.445,-0.877,0.987
0.8649780750274658,0.029,-0.644,-0.842,1.06
0.8681430816650391,-0.014,-0.718,-0.785,1.064
0.8822190761566162,-0.065,-0.613,-0.741,0.964
0.8985540866851807,0.03,-0.478,-0.845,0.971
0.8986480236053467,0.03,-0.478,-0.845,0.971
0.9151949882507324,0.058,-0.511,-0.884,1.023
0.9182991981506348,0.032,-0.502,-0.926,1.054
0.9321210384368896,-0.014,-0.498,-0.936,1.06
0.9484660625457764,0.051,-0.513,-0.895,1.033
0.9508390426635742,0.051,-0.513,-0.895,1.033
0.965421199798584,0.002,-0.535,-0.897,1.044
0.9685192108154297,-0.028,-0.53,-0.923,1.065
0.9829668998718262,0.007,-0.55,-0.885,1.042
0.9979019165039062,0.102,-0.494,-0.792,0.939
1.000256061553955,0.102,-0.494,-0.792,0.939
1.0149011611938477,0.15,-0.454,-0.794,0.927
1.0310101509094238,0.199,-0.372,-0.819,0.921
1.0320029258728027,0.199,-0.372,-0.819,0.921
1.0483779907226562,0.216,-0.353,-0.848,0.944
1.0513980388641357,0.216,-0.353,-0.848,0.944
1.0659441947937012,0.211,-0.367,-0.865,0.963
1.0692601203918457,0.176,-0.393,-0.842,0.946
1.0820400714874268,0.15,-0.405,-0.824,0.93
1.099264144897461,0.131,-0.434,-0.856,0.969
1.1019270420074463,0.131,-0.434,-0.856,0.969
1.1162199974060059,0.123,-0.443,-0.876,0.989
1.1196022033691406,0.086,-0.435,-0.909,1.011
1.1312999725341797,0.066,-0.435,-0.94,1.038
1.1489629745483398,0.072,-0.439,-0.979,1.075
1.151486873626709,0.072,-0.439,-0.979,1.075
1.1587181091308594,0.056,-0.432,-0.986,1.078
1.1688189506530762,-0.053,-0.438,-1.009,1.101
1.1791481971740723,-0.062,-0.41,-1.008,1.09
1.1921429634094238,0.03,-0.387,-0.927,1.005
1.1993231773376465,0.081,-0.358,-0.887,0.96
1.2090859413146973,0.162,-0.317,-0.838,0.91
1.2191581726074219,0.188,-0.291,-0.859,0.926
1.2296161651611328,0.173,-0.287,-0.933,0.991
1.2396140098571777,0.128,-0.307,-0.974,1.029
1.2497060298919678,0.109,-0.295,-1.007,1.055
1.2603850364685059,0.116,-0.28,-1.039,1.082
1.2701380252838135,0.065,-0.285,-1.059,1.099
1.2802870273590088,0.04,-0.287,-1.049,1.088
1.2980241775512695,0.069,-0.197,-1.026,1.047
1.300154209136963,0.079,-0.17,-1.069,1.085
1.3105969429016113,0.043,-0.319,-1.087,1.134
1.3206791877746582,0.042,-0.398,-1.022,1.098
1.3306899070739746,0.124,-0.316,-1.001,1.057
1.3406450748443604,0.096,-0.208,-1.001,1.027
1.3505330085754395,0.013,-0.184,-1.009,1.026
1.3611230850219727,-0.062,-0.208,-1.034,1.057
1.370553970336914,-0.111,-0.22,-1.021,1.05
1.3814611434936523,-0.079,-0.179,-0.948,0.968
1.3989050388336182,0.091,-0.082,-0.836,0.845
1.40181303024292,0.386,0.066,-0.751,0.847
1.411379098892212,0.472,0.126,-0.804,0.941
1.421375036239624,0.13,0.003,-0.963,0.972
1.43162202835083,-0.107,-0.084,-1.012,1.021
1.4407758712768555,-0.003,-0.051,-0.963,0.964
1.4518671035766602,0.03,-0.057,-1.034,1.036
1.460832118988037,-0.031,-0.074,-1.137,1.14
1.4721431732177734,-0.061,-0.025,-1.192,1.194
1.4811880588531494,-0.121,0.053,-1.225,1.232
1.4936919212341309,-0.16,0.118,-1.196,1.212
1.5028750896453857,-0.153,0.134,-1.119,1.137
1.5118930339813232,-0.117,0.139,-1.065,1.08
1.5211679935455322,-0.086,0.144,-1.061,1.074
1.5475859642028809,-0.095,0.139,-1.044,1.057
1.5477828979492188,-0.095,0.139,-1.044,1.057
1.5514779090881348,-0.144,0.153,-0.994,1.016
1.561540126800537,-0.172,0.184,-0.941,0.974
1.571484088897705,-0.218,0.202,-0.89,0.938
1.5827200412750244,-0.258,0.232,-0.848,0.916
1.6006090641021729,-0.265,0.29,-0.802,0.893
1.6027588844299316,-0.303,0.326,-0.772,0.891
1.6128320693969727,-0.342,0.348,-0.736,0.883
1.6231930255889893,-0.359,0.391,-0.716,0.891
1.633397102355957,-0.394,0.428,-0.703,0.912
1.643721103668213,-0.437,0.426,-0.685,0.917
1.653357982635498,-0.474,0.428,-0.678,0.931
1.6637601852416992,-0.503,0.434,-0.672,0.945
1.673375129699707,-0.553,0.426,-0.649,0.953
1.6837120056152344,-0.615,0.43,-0.62,0.973
1.702803134918213,-0.683,0.443,-0.612,1.018
2.3497071266174316,-0.596,0.21,-0.044,0.633
2.349915027618408,-0.596,0.21,-0.044,0.633
2.350092887878418,-0.596,0.21,-0.044,0.633
2.3505711555480957,-0.596,0.21,-0.044,0.633
2.350764036178589,-0.596,0.21,-0.044,0.633
2.3509421348571777,-0.596,0.21,-0.044,0.633
2.351109027862549,-0.596,0.21,-0.044,0.633
2.351283073425293,-0.596,0.21,-0.044,0.633
2.351449966430664,-0.596,0.21,-0.044,0.633
2.353179931640625,-0.596,0.21,-0.044,0.633
2.35335111618042,-0.596,0.21,-0.044,0.633
2.353588104248047,-0.596,0.21,-0.044,0.633
2.3537540435791016,-0.596,0.21,-0.044,0.633
2.353999137878418,-0.596,0.21,-0.044,0.633
2.354166030883789,-0.596,0.21,-0.044,0.633
2.3543310165405273,-0.596,0.21,-0.044,0.633
2.354496955871582,-0.596,0.21,-0.044,0.633
2.3546628952026367,-0.596,0.21,-0.044,0.633
2.3548290729522705,-0.596,0.21,-0.044,0.633
2.3549962043762207,-0.596,0.21,-0.044,0.633
2.3551700115203857,-0.596,0.21,-0.044,0.633
2.355337142944336,-0.596,0.21,-0.044,0.633
2.3555030822753906,-0.596,0.21,-0.044,0.633
2.355668067932129,-0.527,0.193,-0.029,0.562
2.356192111968994,-0.527,0.193,-0.029,0.562
2.3563709259033203,-0.527,0.193,-0.029,0.562
2.356545925140381,-0.527,0.193,-0.029,0.562
2.3567161560058594,-0.527,0.193,-0.029,0.562
2.356882095336914,-0.527,0.193,-0.029,0.562
2.3570590019226074,-0.527,0.193,-0.029,0.562
2.3572258949279785,-0.527,0.193,-0.029,0.562
2.357409954071045,-0.527,0.193,-0.029,0.562
2.3575758934020996,-0.527,0.193,-0.029,0.562
2.357748031616211,-0.527,0.193,-0.029,0.562
2.3579230308532715,-0.527,0.193,-0.029,0.562
2.3580989837646484,-0.527,0.193,-0.029,0.562
2.3582711219787598,-0.527,0.193,-0.029,0.562
2.3584442138671875,-0.527,0.193,-0.029,0.562
2.358609199523926,-0.527,0.193,-0.029,0.562
2.3587751388549805,-0.527,0.193,-0.029,0.562
2.358973979949951,-0.527,0.193,-0.029,0.562
2.3591389656066895,-0.527,0.193,-0.029,0.562
2.359312057495117,-0.527,0.193,-0.029,0.562
2.3594908714294434,-0.527,0.193,-0.029,0.562
2.359694004058838,-0.527,0.193,-0.029,0.562
2.3598599433898926,-0.527,0.193,-0.029,0.562
2.3600258827209473,-0.527,0.193,-0.029,0.562
2.360192060470581,-0.527,0.193,-0.029,0.562
2.360363006591797,-0.527,0.193,-0.029,0.562
2.3605289459228516,-0.527,0.193,-0.029,0.562
2.3606948852539062,-0.527,0.193,-0.029,0.562
2.3608620166778564,-0.527,0.193,-0.029,0.562
2.361052989959717,-0.527,0.193,-0.029,0.562
2.361234188079834,-0.527,0.193,-0.029,0.562
2.3614001274108887,-0.527,0.193,-0.029,0.562
2.361591100692749,-0.527,0.193,-0.029,0.562
2.3617570400238037,-0.527,0.193,-0.029,0.562
2.3619580268859863,-0.527,0.193,-0.029,0.562
2.362144947052002,-0.527,0.193,-0.029,0.562
2.3623108863830566,-0.527,0.193,-0.029,0.562
2.362502098083496,-0.527,0.193,-0.029,0.562
2.362668037414551,-0.527,0.193,-0.029,0.562
2.3628621101379395,-0.527,0.193,-0.029,0.562
2.3630361557006836,-0.527,0.193,-0.029,0.562
2.363201141357422,-0.527,0.193,-0.029,0.562
2.365489959716797,-0.527,0.193,-0.029,0.562
2.3678932189941406,-0.515,0.15,-0.053,0.539
2.3765549659729004,-0.488,0.136,-0.082,0.513
2.38651704788208,-0.412,0.14,-0.099,0.446
2.398380994796753,-0.353,0.087,-0.107,0.379
2.406693935394287,-0.369,-0.0,-0.078,0.377
2.416828155517578,-0.385,-0.045,-0.037,0.389
2.4269230365753174,-0.456,-0.08,-0.044,0.465
2.4368019104003906,-0.561,-0.119,-0.039,0.575
2.4470391273498535,-0.633,-0.161,0.046,0.655
2.456939220428467,-0.63,-0.227,0.209,0.702
2.4672951698303223,-0.665,-0.309,0.329,0.804
61.97999405860901,0.578,1.048,0.201,1.214
61.980130195617676,0.578,1.048,0.201,1.214
61.98020100593567,0.578,1.048,0.201,1.214
61.9802680015564,0.578,1.048,0.201,1.214
61.980331897735596,0.578,1.048,0.201,1.214
61.9803991317749,0.578,1.048,0.201,1.214
61.980782985687256,0.578,1.048,0.201,1.214
61.980859994888306,0.578,1.048,0.201,1.214
61.98092603683472,0.578,1.048,0.201,1.214
61.980989933013916,0.578,1.048,0.201,1.214
61.9810528755188,0.578,1.048,0.201,1.214
61.981115102767944,0.578,1.048,0.201,1.214
61.981175899505615,0.578,1.048,0.201,1.214
61.981236934661865,0.578,1.048,0.201,1.214
61.9812970161438,0.578,1.048,0.201,1.214
61.98135805130005,0.578,1.048,0.201,1.214
61.9814190864563,0.578,1.048,0.201,1.214
61.98147916793823,0.578,1.048,0.201,1.214
61.98153901100159,0.578,1.048,0.201,1.214
61.98160004615784,0.578,1.048,0.201,1.214
61.98166108131409,0.578,1.048,0.201,1.214
61.98172092437744,0.578,1.048,0.201,1.214
61.98178195953369,0.578,1.048,0.201,1.214
61.981842041015625,0.578,1.048,0.201,1.214
61.981903076171875,0.578,1.048,0.201,1.214
61.98196315765381,0.578,1.048,0.201,1.214
61.98202419281006,0.578,1.048,0.201,1.214
61.98208403587341,0.578,1.048,0.201,1.214
61.98214507102966,0.578,1.048,0.201,1.214
61.98220705986023,0.578,1.048,0.201,1.214
61.982266902923584,0.578,1.048,0.201,1.214
61.982327938079834,0.578,1.048,0.201,1.214
61.98238801956177,0.578,1.048,0.201,1.214
61.98244905471802,0.578,1.048,0.201,1.214
61.98250913619995,0.578,1.048,0.201,1.214
61.982569217681885,0.578,1.048,0.201,1.214
61.982630014419556,0.578,1.048,0.201,1.214
61.98269009590149,0.578,1.048,0.201,1.214
61.982749938964844,0.578,1.048,0.201,1.214
61.982810974121094,0.578,1.048,0.201,1.214
61.98287105560303,0.578,1.048,0.201,1.214
61.98293113708496,0.578,1.048,0.201,1.214
61.982991218566895,0.578,1.048,0.201,1.214
61.983052015304565,0.578,1.048,0.201,1.214
61.983113050460815,0.578,1.048,0.201,1.214
61.98317289352417,0.578,1.048,0.201,1.214
61.9832329750061,0.578,1.048,0.201,1.214
61.98329496383667,0.578,1.048,0.201,1.214
61.9833550453186,0.578,1.048,0.201,1.214
61.98341512680054,0.578,1.048,0.201,1.214
61.98347616195679,0.578,1.048,0.201,1.214
61.98353600502014,0.578,1.048,0.201,1.214
61.98359704017639,0.578,1.048,0.201,1.214
61.98365592956543,0.578,1.048,0.201,1.214
61.98371601104736,0.578,1.048,0.201,1.214
61.9837760925293,0.578,1.048,0.201,1.214
61.98383617401123,0.578,1.048,0.201,1.214
61.983896017074585,0.578,1.048,0.201,1.214
61.98395609855652,0.578,1.048,0.201,1.214
61.98401594161987,0.578,1.048,0.201,1.214
61.98407602310181,0.578,1.048,0.201,1.214
61.984135150909424,0.578,1.048,0.201,1.214
61.9842472076416,0.578,1.048,0.201,1.214
61.98432493209839,0.578,1.048,0.201,1.214
61.98439311981201,0.578,1.048,0.201,1.214
61.984461069107056,0.578,1.048,0.201,1.214
61.98452305793762,0.578,1.048,0.201,1.214
61.98458504676819,0.578,1.048,0.201,1.214
61.98464488983154,0.578,1.048,0.201,1.214
61.98470592498779,0.578,1.048,0.201,1.214
61.98476696014404,0.578,1.048,0.201,1.214
61.98482704162598,0.578,1.048,0.201,1.214
61.98488712310791,0.578,1.048,0.201,1.214
61.98494815826416,0.578,1.048,0.201,1.214
61.985008001327515,0.578,1.048,0.201,1.214
61.98523712158203,0.351,0.993,-0.177,1.068
61.98539400100708,0.341,0.445,0.401,0.689
61.9855420589447,0.454,0.695,-0.024,0.83
61.98568391799927,0.268,0.258,0.475,0.603
61.985836029052734,0.588,1.362,-0.351,1.524
61.985979080200195,-0.018,0.508,0.58,0.771
61.98613405227661,-0.018,0.508,0.58,0.771
61.986223220825195,0.565,1.029,0.283,1.208
61.98659896850586,0.565,1.029,0.283,1.208
61.986660957336426,0.565,1.029,0.283,1.208
61.98672294616699,0.565,1.029,0.283,1.208
61.986785888671875,0.432,0.9,0.309,1.045
61.986932039260864,0.236,0.719,0.249,0.909
61.98703598976135,0.236,0.719,0.249,0.909
61.98710298538208,0.236,0.719,0.249,0.909
61.98716902732849,0.236,0.719,0.249,0.909
61.987236976623535,0.236,0.719,0.249,0.909
61.98730516433716,0.236,0.719,0.249,0.909
61.98737096786499,0.236,0.719,0.249,0.909
61.987436056137085,0.236,0.719,0.249,0.909
61.98750114440918,0.236,0.719,0.249,0.909
61.98756694793701,0.236,0.719,0.249,0.909
61.987632036209106,0.236,0.719,0.249,0.909
61.98789405822754,0.236,0.719,0.249,0.797
61.988450050354004,0.513,1.096,0.461,1.295
61.98888921737671,0.304,0.585,0.362,0.752
61.98900604248047,0.304,0.585,0.362,0.752
61.98906898498535,0.304,0.585,0.362,0.752
61.9891300201416,0.304,0.585,0.362,0.752
61.989190101623535,0.304,0.585,0.362,0.752
61.98925304412842,0.304,0.585,0.362,0.752
61.98931908607483,0.304,0.585,0.362,0.752
61.98938512802124,0.304,0.585,0.362,0.752
61.98944807052612,0.304,0.585,0.362,0.752
61.989511013031006,0.304,0.585,0.362,0.752
61.98967409133911,1.179,1.8,-0.141,2.156
61.989830017089844,0.242,0.75,-0.051,0.79
61.99010109901428,0.867,1.148,0.134,1.445
61.990257024765015,0.385,1.206,-0.235,1.288
61.99039888381958,0.207,0.562,0.289,0.665
61.99054002761841,0.264,0.493,0.181,0.588
61.99069118499756,0.438,1.004,0.027,1.096
61.99083089828491,0.902,1.612,1.234,2.442
61.99097394943237,0.706,1.039,0.338,1.301
61.99111890792847,0.513,0.967,0.25,1.123
61.991272926330566,0.013,0.338,0.114,0.357
61.991414070129395,0.511,1.021,0.225,1.164
61.99155616760254,-0.078,-0.342,-0.883,0.95
61.991684913635254,-0.078,-0.342,-0.883,0.95
61.991745948791504,-0.078,-0.342,-0.883,0.95
61.9918270111084,-0.078,-0.342,-0.883,0.95
61.99189209938049,-0.078,-0.342,-0.883,0.95
61.991952896118164,-0.078,-0.342,-0.883,0.95
61.99201202392578,-0.078,-0.342,-0.883,0.95
61.992072105407715,-0.078,-0.342,-0.883,0.95
61.99213099479675,-0.078,-0.342,-0.883,0.95
61.99218988418579,-0.078,-0.342,-0.883,0.95
61.99224901199341,-0.078,-0.342,-0.883,0.95
61.992308139801025,-0.078,-0.342,-0.883,0.95
61.99236822128296,-0.078,-0.342,-0.883,0.95
61.99242687225342,-0.078,-0.342,-0.883,0.95
61.99248695373535,-0.078,-0.342,-0.883,0.95
61.99254608154297,-0.078,-0.342,-0.883,0.95
61.992605209350586,-0.078,-0.342,-0.883,0.95
61.992892026901245,-0.078,-0.342,-0.883,0.95
61.99309492111206,-0.078,-0.342,-0.883,0.95
61.99318504333496,-0.078,-0.342,-0.883,0.95
61.99325203895569,-0.078,-0.342,-0.883,0.95
61.99331188201904,-0.078,-0.342,-0.883,0.95
61.99338388442993,-0.078,-0.342,-0.883,0.95
61.99345302581787,-0.078,-0.342,-0.883,0.95
61.99351406097412,-0.078,-0.342,-0.883,0.95
61.993574142456055,-0.078,-0.342,-0.883,0.95
61.99363303184509,-0.078,-0.342,-0.883,0.95
61.99369287490845,-0.078,-0.342,-0.883,0.95
61.9937949180603,-0.078,-0.342,-0.883,0.95
61.99386215209961,-0.078,-0.342,-0.883,0.95
61.993927001953125,-0.078,-0.342,-0.883,0.95
61.99398708343506,-0.078,-0.342,-0.883,0.95
61.99404716491699,-0.078,-0.342,-0.883,0.95
61.99410915374756,-0.078,-0.342,-0.883,0.95
61.99416899681091,-0.078,-0.342,-0.883,0.95
61.99422907829285,-0.078,-0.342,-0.883,0.95
61.994287967681885,-0.078,-0.342,-0.883,0.95
61.99434804916382,-0.078,-0.342,-0.883,0.95
61.99440813064575,-0.078,-0.342,-0.883,0.95
61.99446702003479,-0.078,-0.342,-0.883,0.95
61.994527101516724,-0.078,-0.342,-0.883,0.95
61.99458599090576,-0.078,-0.342,-0.883,0.95
61.99464702606201,-0.078,-0.342,-0.883,0.95
61.99470806121826,-0.078,-0.342,-0.883,0.95
61.99476909637451,-0.078,-0.342,-0.883,0.95
61.99482798576355,-0.078,-0.342,-0.883,0.95
61.99488806724548,-0.078,-0.342,-0.883,0.95
61.99494695663452,-0.078,-0.342,-0.883,0.95
61.995007038116455,-0.078,-0.342,-0.883,0.95
61.99506616592407,-0.078,-0.342,-0.883,0.95
61.99512505531311,-0.078,-0.342,-0.883,0.95
61.99518394470215,-0.078,-0.342,-0.883,0.95
61.995243072509766,-0.078,-0.342,-0.883,0.95
61.9953031539917,-0.078,-0.342,-0.883,0.95
61.99536204338074,-0.078,-0.342,-0.883,0.95
61.99542188644409,-0.078,-0.342,-0.883,0.95
61.99548006057739,-0.078,-0.342,-0.883,0.95
61.99556303024292,-0.078,-0.342,-0.883,0.95
61.99563121795654,-0.078,-0.342,-0.883,0.95
61.995697021484375,-0.078,-0.342,-0.883,0.95
61.995760917663574,-0.078,-0.342,-0.883,0.95
61.99582099914551,-0.078,-0.342,-0.883,0.95
61.995880126953125,-0.078,-0.342,-0.883,0.95
61.99594020843506,-0.078,-0.342,-0.883,0.95
61.99600005149841,-0.078,-0.342,-0.883,0.95
61.99606204032898,-0.078,-0.342,-0.883,0.95
61.99612092971802,-0.078,-0.342,-0.883,0.95
61.99619722366333,-0.078,-0.342,-0.883,0.95
61.99625587463379,-0.078,-0.342,-0.883,0.95
61.996315002441406,-0.078,-0.342,-0.883,0.95
61.99637413024902,-0.078,-0.342,-0.883,0.95
61.99643301963806,-0.078,-0.342,-0.883,0.95
61.996493101119995,-0.078,-0.342,-0.883,0.95
61.99655199050903,-0.078,-0.342,-0.883,0.95
61.99661111831665,-0.078,-0.342,-0.883,0.95
61.9966721534729,-0.078,-0.342,-0.883,0.95
61.99673104286194,-0.078,-0.342,-0.883,0.95
61.99678993225098,-0.078,-0.342,-0.883,0.95
61.99685192108154,-0.078,-0.342,-0.883,0.95
61.99691104888916,-0.078,-0.342,-0.883,0.95
61.99697208404541,-0.078,-0.342,-0.883,0.95
61.997032165527344,-0.078,-0.342,-0.883,0.95
61.997093200683594,-0.078,-0.342,-0.883,0.95
61.99715209007263,-0.078,-0.342,-0.883,0.95
61.9972140789032,-0.078,-0.342,-0.883,0.95
61.99727392196655,-0.078,-0.342,-0.883,0.95
61.99733304977417,-0.078,-0.342,-0.883,0.95
61.99739217758179,-0.078,-0.342,-0.883,0.95
61.997451066970825,-0.078,-0.342,-0.883,0.95
61.99750995635986,-0.078,-0.342,-0.883,0.95
61.9975700378418,-0.078,-0.342,-0.883,0.95
61.997629165649414,-0.078,-0.342,-0.883,0.95
61.99768805503845,-0.078,-0.342,-0.883,0.95
61.99774694442749,-0.078,-0.342,-0.883,0.95
61.99780607223511,-0.078,-0.342,-0.883,0.95
61.997865200042725,-0.078,-0.342,-0.883,0.95
61.997925996780396,-0.078,-0.342,-0.883,0.95
61.997984886169434,-0.078,-0.342,-0.883,0.95
61.99804401397705,-0.078,-0.342,-0.883,0.95
61.99810314178467,-0.078,-0.342,-0.883,0.95
61.998162031173706,-0.078,-0.342,-0.883,0.95
61.998220920562744,-0.078,-0.342,-0.883,0.95
61.99828004837036,-0.078,-0.342,-0.883,0.95
61.99834108352661,-0.078,-0.342,-0.883,0.95
61.99840021133423,-0.078,-0.342,-0.883,0.95
61.99846005439758,-0.078,-0.342,-0.883,0.95
61.99851894378662,-0.078,-0.342,-0.883,0.95
61.99857807159424,-0.078,-0.342,-0.883,0.95
61.998637199401855,-0.078,-0.342,-0.883,0.95
61.998696088790894,-0.078,-0.342,-0.883,0.95
61.998756885528564,-0.078,-0.342,-0.883,0.95
61.99881601333618,-0.078,-0.342,-0.883,0.95
61.998876094818115,-0.078,-0.342,-0.883,0.95
61.99893522262573,-0.078,-0.342,-0.883,0.95
61.99899387359619,-0.078,-0.342,-0.883,0.95
61.99905300140381,-0.078,-0.342,-0.883,0.95
61.999112129211426,-0.078,-0.342,-0.883,0.95
61.99917221069336,-0.078,-0.342,-0.883,0.95
61.99923300743103,-0.078,-0.342,-0.883,0.95
61.99929189682007,-0.078,-0.342,-0.883,0.95
61.999351024627686,-0.078,-0.342,-0.883,0.95
61.9994101524353,-0.078,-0.342,-0.883,0.95
61.99946999549866,-0.078,-0.342,-0.883,0.95
61.999528884887695,-0.078,-0.342,-0.883,0.95
61.99958801269531,-0.078,-0.342,-0.883,0.95
61.999648094177246,-0.078,-0.342,-0.883,0.95
61.99971008300781,-0.078,-0.342,-0.883,0.95
61.999770164489746,-0.078,-0.342,-0.883,0.95
61.9998300075531,-0.078,-0.342,-0.883,0.95
61.99988889694214,-0.078,-0.342,-0.883,0.95
61.999950885772705,-0.078,-0.342,-0.883,0.95
62.00001907348633,-0.078,-0.342,-0.883,0.95
62.00008487701416,-0.078,-0.342,-0.883,0.95
62.00015211105347,-0.078,-0.342,-0.883,0.95
62.00021696090698,-0.078,-0.342,-0.883,0.95
62.000288009643555,-0.078,-0.342,-0.883,0.95
62.000351905822754,-0.078,-0.342,-0.883,0.95
62.00041103363037,-0.078,-0.342,-0.883,0.95
62.00047016143799,-0.078,-0.342,-0.883,0.95
62.00053000450134,-0.078,-0.342,-0.883,0.95
62.000587940216064,-0.078,-0.342,-0.883,0.95
62.000648975372314,-0.078,-0.342,-0.883,0.95
62.000715017318726,-0.078,-0.342,-0.883,0.95
62.000773906707764,-0.078,-0.342,-0.883,0.95
62.00083303451538,-0.078,-0.342,-0.883,0.95
62.000892162323,-0.078,-0.342,-0.883,0.95
62.000951051712036,-0.078,-0.342,-0.883,0.95
62.001009941101074,-0.078,-0.342,-0.883,0.95
62.00106906890869,-0.078,-0.342,-0.883,0.95
62.00113010406494,-0.078,-0.342,-0.883,0.95
62.00119709968567,-0.078,-0.342,-0.883,0.95
62.001259088516235,-0.078,-0.342,-0.883,0.95
62.00131797790527,-0.078,-0.342,-0.883,0.95
62.00137710571289,-0.088,-0.327,-0.938,0.997
62.0015811920166,-0.088,-0.327,-0.938,0.997
62.00164198875427,-0.088,-0.327,-0.938,0.997
62.001702070236206,-0.088,-0.327,-0.938,0.997
62.001760959625244,-0.088,-0.327,-0.938,0.997
62.00182008743286,-0.088,-0.327,-0.938,0.997
62.001880168914795,-0.088,-0.327,-0.938,0.997
62.00193905830383,-0.088,-0.327,-0.938,0.997
62.00199794769287,-0.088,-0.327,-0.938,0.997
62.00205707550049,-0.088,-0.327,-0.938,0.997
62.002116203308105,-0.088,-0.327,-0.938,0.997
62.002175092697144,-0.088,-0.327,-0.938,0.997
62.00223708152771,-0.088,-0.327,-0.938,0.997
62.00229597091675,-0.088,-0.327,-0.938,0.997
62.002355098724365,-0.088,-0.327,-0.938,0.997
62.0024139881134,-0.088,-0.327,-0.938,0.997
62.00247406959534,-0.088,-0.327,-0.938,0.997
62.002532958984375,-0.088,-0.327,-0.938,0.997
62.00259208679199,-0.088,-0.327,-0.938,0.997
62.002652168273926,-0.088,-0.327,-0.938,0.997
62.002716064453125,-0.088,-0.327,-0.938,0.997
62.00277519226074,-0.088,-0.327,-0.938,0.997
62.00283408164978,-0.088,-0.327,-0.938,0.997
62.00289297103882,-0.088,-0.327,-0.938,0.997
62.00301504135132,-0.088,-0.327,-0.938,0.997
62.003100872039795,-0.088,-0.327,-0.938,0.997
62.00354719161987,-0.088,-0.327,-0.938,0.997
62.00381422042847,-0.088,-0.327,-0.938,0.997
62.00401020050049,-0.088,-0.327,-0.938,0.997
62.004268169403076,-0.088,-0.327,-0.938,0.997
62.00437021255493,-0.088,-0.327,-0.938,0.997
62.00443410873413,-0.088,-0.327,-0.938,0.997
62.004584074020386,-0.088,-0.327,-0.938,0.997
62.004897117614746,-0.088,-0.327,-0.938,0.997
62.00503921508789,-0.088,-0.327,-0.938,0.997
62.00511312484741,-0.088,-0.327,-0.938,0.997
62.00517702102661,-0.088,-0.327,-0.938,0.997
62.00523900985718,-0.088,-0.327,-0.938,0.997
62.005300998687744,-0.088,-0.327,-0.938,0.997
62.005391120910645,-0.088,-0.327,-0.938,0.997
62.00545597076416,-0.088,-0.327,-0.938,0.997
62.00552701950073,-0.088,-0.327,-0.938,0.997
62.005598068237305,-0.088,-0.327,-0.938,0.997
62.00566291809082,-0.088,-0.327,-0.938,0.997
62.005722999572754,-0.088,-0.327,-0.938,0.997
62.00578308105469,-0.088,-0.327,-0.938,0.997
62.005842208862305,-0.088,-0.327,-0.938,0.997
62.00590205192566,-0.088,-0.327,-0.938,0.997
62.0059609413147,-0.088,-0.327,-0.938,0.997
62.006020069122314,-0.088,-0.327,-0.938,0.997
62.00615692138672,-0.088,-0.327,-0.938,0.997
62.00622200965881,-0.088,-0.327,-0.938,0.997
62.00628089904785,-0.088,-0.327,-0.938,0.997
62.00634002685547,-0.088,-0.327,-0.938,0.997
62.0064640045166,-0.088,-0.327,-0.938,0.997
62.00652503967285,-0.088,-0.327,-0.938,0.997
62.00658416748047,-0.088,-0.327,-0.938,0.997
62.00668287277222,-0.088,-0.327,-0.938,0.997
62.006742000579834,-0.088,-0.327,-0.938,0.997
62.00680112838745,-0.088,-0.327,-0.938,0.997
62.00686001777649,-0.088,-0.327,-0.938,0.997
62.00691890716553,-0.088,-0.327,-0.938,0.997
62.006978034973145,-0.088,-0.327,-0.938,0.997
62.007055044174194,-0.088,-0.327,-0.938,0.997
62.00711488723755,-0.088,-0.327,-0.938,0.997
62.007174015045166,-0.088,-0.327,-0.938,0.997
62.007328033447266,-0.088,-0.327,-0.938,0.997
62.00742721557617,-0.088,-0.327,-0.938,0.997
62.0075249671936,-0.088,-0.327,-0.938,0.997
62.00761318206787,-0.088,-0.327,-0.938,0.997
62.007676124572754,-0.088,-0.327,-0.938,0.997
62.00773811340332,-0.088,-0.327,-0.938,0.997
62.00780010223389,-0.088,-0.327,-0.938,0.997
62.00786304473877,-0.088,-0.327,-0.938,0.997
62.007960081100464,-0.088,-0.327,-0.938,0.997
62.00802206993103,-0.088,-0.327,-0.938,0.997
62.00808501243591,-0.088,-0.327,-0.938,0.997
62.008148193359375,-0.088,-0.327,-0.938,0.997
62.00821018218994,-0.088,-0.327,-0.938,0.997
62.00827217102051,-0.088,-0.327,-0.938,0.997
62.00833320617676,-0.088,-0.327,-0.938,0.997
62.00839614868164,-0.088,-0.327,-0.938,0.997
62.00845813751221,-0.088,-0.327,-0.938,0.997
62.00851917266846,-0.088,-0.327,-0.938,0.997
62.00858211517334,-0.088,-0.327,-0.938,0.997
62.008644104003906,-0.088,-0.327,-0.938,0.997
62.008702993392944,-0.088,-0.327,-0.938,0.997
62.00876307487488,-0.088,-0.327,-0.938,0.997
62.009796142578125,-0.088,-0.327,-0.938,0.997
62.00985908508301,-0.088,-0.327,-0.938,0.997
62.0099880695343,-0.088,-0.327,-0.938,0.997
62.01006102561951,-0.088,-0.327,-0.938,0.997
62.0101261138916,-0.088,-0.327,-0.938,0.997
62.0101900100708,-0.088,-0.327,-0.938,0.997
62.01025104522705,-0.088,-0.327,-0.938,0.997
62.010311126708984,-0.088,-0.327,-0.938,0.997
62.010372161865234,-0.088,-0.327,-0.938,0.997
62.01043200492859,-0.088,-0.327,-0.938,0.997
62.01049208641052,-0.088,-0.327,-0.938,0.997
62.01055192947388,-0.088,-0.327,-0.938,0.997
62.01061296463013,-0.088,-0.327,-0.938,0.997
62.010672092437744,-0.088,-0.327,-0.938,0.997
62.01073408126831,-0.088,-0.327,-0.938,0.997
62.01079607009888,-0.088,-0.327,-0.938,0.997
62.01085615158081,-0.088,-0.327,-0.938,0.997
62.010915994644165,-0.088,-0.327,-0.938,0.997
62.0109760761261,-0.088,-0.327,-0.938,0.997
62.01103591918945,-0.088,-0.327,-0.938,0.997
62.01109600067139,-0.088,-0.327,-0.938,0.997
62.01115608215332,-0.088,-0.327,-0.938,0.997
62.011216163635254,-0.088,-0.327,-0.938,0.997
62.01128005981445,-0.088,-0.327,-0.938,0.997
62.01134014129639,-0.088,-0.327,-0.938,0.997
62.01140117645264,-0.088,-0.327,-0.938,0.997
62.01160001754761,-0.066,-0.282,-0.987,1.029
62.01172709465027,-0.066,-0.282,-0.987,1.029
62.01178693771362,-0.066,-0.282,-0.987,1.029
62.01184701919556,-0.066,-0.282,-0.987,1.029
62.01190900802612,-0.066,-0.282,-0.987,1.029
62.01197409629822,-0.066,-0.282,-0.987,1.029
62.012036085128784,-0.066,-0.282,-0.987,1.029
62.01209807395935,-0.066,-0.282,-0.987,1.029
62.01216006278992,-0.066,-0.282,-0.987,1.029
62.01222109794617,-0.066,-0.282,-0.987,1.029
62.01228189468384,-0.066,-0.282,-0.987,1.029
62.01234292984009,-0.066,-0.282,-0.987,1.029
62.01240396499634,-0.066,-0.282,-0.987,1.029
62.012465953826904,-0.066,-0.282,-0.987,1.029
62.012526988983154,-0.066,-0.282,-0.987,1.029
62.01259207725525,-0.066,-0.282,-0.987,1.029
62.01265621185303,-0.066,-0.282,-0.987,1.029
62.01272010803223,-0.066,-0.282,-0.987,1.029
62.012784004211426,-0.066,-0.282,-0.987,1.029
62.012847900390625,-0.066,-0.282,-0.987,1.029
62.01291108131409,-0.066,-0.282,-0.987,1.029
62.012983083724976,-0.066,-0.282,-0.987,1.029
62.01304602622986,-0.066,-0.282,-0.987,1.029
62.01310920715332,-0.066,-0.282,-0.987,1.029
62.01317119598389,-0.066,-0.282,-0.987,1.029
62.01323413848877,-0.066,-0.282,-0.987,1.029
62.013296127319336,-0.066,-0.282,-0.987,1.029
62.013357162475586,-0.066,-0.282,-0.987,1.029
62.01341700553894,-0.066,-0.282,-0.987,1.029
62.013482093811035,-0.066,-0.282,-0.987,1.029
62.01355218887329,-0.066,-0.282,-0.987,1.029
62.01361608505249,-0.066,-0.282,-0.987,1.029
62.01367521286011,-0.066,-0.282,-0.987,1.029
62.01373505592346,-0.066,-0.282,-0.987,1.029
62.013794898986816,-0.066,-0.282,-0.987,1.029
62.013854026794434,-0.066,-0.282,-0.987,1.029
62.01391315460205,-0.066,-0.282,-0.987,1.029
62.01397204399109,-0.066,-0.282,-0.987,1.029
62.01403093338013,-0.066,-0.282,-0.987,1.029
62.01409101486206,-0.066,-0.282,-0.987,1.029
62.01415014266968,-0.066,-0.282,-0.987,1.029
62.014209032058716,-0.066,-0.282,-0.987,1.029
62.01426887512207,-0.066,-0.282,-0.987,1.029
62.014328956604004,-0.066,-0.282,-0.987,1.029
62.01439094543457,-0.066,-0.282,-0.987,1.029
62.014451026916504,-0.066,-0.282,-0.987,1.029
62.01451110839844,-0.066,-0.282,-0.987,1.029
62.014569997787476,-0.066,-0.282,-0.987,1.029
62.01463007926941,-0.066,-0.282,-0.987,1.029
62.014689922332764,-0.066,-0.282,-0.987,1.029
62.01475715637207,-0.066,-0.282,-0.987,1.029
62.01482701301575,-0.066,-0.282,-0.987,1.029
62.014896869659424,-0.066,-0.282,-0.987,1.029
62.01496696472168,-0.066,-0.282,-0.987,1.029
62.01503896713257,-0.066,-0.282,-0.987,1.029
62.01510810852051,-0.066,-0.282,-0.987,1.029
62.01517915725708,-0.066,-0.282,-0.987,1.029
62.01524806022644,-0.066,-0.282,-0.987,1.029
62.01531791687012,-0.066,-0.282,-0.987,1.029
62.01538801193237,-0.066,-0.282,-0.987,1.029
62.01545715332031,-0.066,-0.282,-0.987,1.029
62.015528202056885,-0.066,-0.282,-0.987,1.029
62.015596866607666,-0.066,-0.282,-0.987,1.029
62.01566696166992,-0.066,-0.282,-0.987,1.029
62.01573705673218,-0.066,-0.282,-0.987,1.029
62.015807151794434,-0.066,-0.282,-0.987,1.029
62.01587700843811,-0.066,-0.282,-0.987,1.029
62.015947103500366,-0.066,-0.282,-0.987,1.029
62.01601696014404,-0.066,-0.282,-0.987,1.029
62.0160870552063,-0.066,-0.282,-0.987,1.029
62.01615619659424,-0.066,-0.282,-0.987,1.029
62.016226053237915,-0.066,-0.282,-0.987,1.029
62.01629590988159,-0.066,-0.282,-0.987,1.029
62.01636600494385,-0.066,-0.282,-0.987,1.029
62.0164361000061,-0.066,-0.282,-0.987,1.029
62.01650619506836,-0.066,-0.282,-0.987,1.029
62.016576051712036,-0.066,-0.282,-0.987,1.029
62.01664590835571,-0.066,-0.282,-0.987,1.029
62.01671504974365,-0.066,-0.282,-0.987,1.029
62.01678514480591,-0.066,-0.282,-0.987,1.029
62.016855001449585,-0.066,-0.282,-0.987,1.029
62.01692509651184,-0.066,-0.282,-0.987,1.029
62.0169939994812,-0.066,-0.282,-0.987,1.029
62.01706409454346,-0.066,-0.282,-0.987,1.029
62.01713418960571,-0.066,-0.282,-0.987,1.029
62.01720404624939,-0.066,-0.282,-0.987,1.029
62.01727294921875,-0.066,-0.282,-0.987,1.029
62.01734399795532,-0.066,-0.282,-0.987,1.029
62.01741409301758,-0.066,-0.282,-0.987,1.029
62.01748704910278,-0.066,-0.282,-0.987,1.029
62.01764917373657,-0.066,-0.282,-0.987,1.029
62.01781892776489,-0.066,-0.282,-0.987,1.029
62.0179009437561,-0.066,-0.282,-0.987,1.029
62.017975091934204,-0.066,-0.282,-0.987,1.029
62.01804804801941,-0.066,-0.282,-0.987,1.029
62.0181200504303,-0.066,-0.282,-0.987,1.029
62.01819109916687,-0.066,-0.282,-0.987,1.029
62.01826095581055,-0.066,-0.282,-0.987,1.029
62.01833200454712,-0.066,-0.282,-0.987,1.029
62.018402099609375,-0.066,-0.282,-0.987,1.029
62.01847314834595,-0.066,-0.282,-0.987,1.029
62.01856708526611,-0.066,-0.282,-0.987,1.029
62.01864004135132,-0.066,-0.282,-0.987,1.029
62.018710136413574,-0.066,-0.282,-0.987,1.029
62.01877999305725,-0.066,-0.282,-0.987,1.029
62.01884889602661,-0.066,-0.282,-0.987,1.029
62.01891899108887,-0.066,-0.282,-0.987,1.029
62.01898908615112,-0.066,-0.282,-0.987,1.029
62.01905918121338,-0.066,-0.282,-0.987,1.029
62.0191330909729,-0.066,-0.282,-0.987,1.029
62.01920795440674,-0.066,-0.282,-0.987,1.029
62.019278049468994,-0.066,-0.282,-0.987,1.029
62.01934814453125,-0.066,-0.282,-0.987,1.029
62.01941704750061,-0.066,-0.282,-0.987,1.029
62.01948690414429,-0.066,-0.282,-0.987,1.029
62.019572019577026,-0.066,-0.282,-0.987,1.029
62.01965808868408,-0.066,-0.282,-0.987,1.029
62.019729137420654,-0.066,-0.282,-0.987,1.029
62.02004098892212,-0.066,-0.282,-0.987,1.029
62.020273208618164,-0.066,-0.282,-0.987,1.029
62.02045702934265,-0.066,-0.282,-0.987,1.029
62.02064609527588,-0.066,-0.282,-0.987,1.029
62.020780086517334,-0.066,-0.282,-0.987,1.029
62.02087116241455,-0.066,-0.282,-0.987,1.029
62.02095603942871,-0.066,-0.282,-0.987,1.029
62.02103304862976,-0.066,-0.282,-0.987,1.029
62.021106004714966,-0.066,-0.282,-0.987,1.029
62.02120018005371,-0.066,-0.282,-0.987,1.029
62.021273136138916,-0.066,-0.282,-0.987,1.029
62.021663188934326,-0.066,-0.282,-0.987,1.029
62.0218710899353,-0.026,-0.219,-0.995,1.019
62.02237319946289,-0.026,-0.219,-0.995,1.019
62.02244997024536,-0.026,-0.219,-0.995,1.019
62.02252507209778,-0.026,-0.219,-0.995,1.019
62.022608041763306,-0.026,-0.219,-0.995,1.019
62.022682189941406,-0.026,-0.219,-0.995,1.019
62.02275514602661,-0.026,-0.219,-0.995,1.019
62.02282500267029,-0.026,-0.219,-0.995,1.019
62.02289605140686,-0.026,-0.219,-0.995,1.019
62.02296495437622,-0.026,-0.219,-0.995,1.019
62.02303504943848,-0.026,-0.219,-0.995,1.019
62.023107051849365,-0.026,-0.219,-0.995,1.019
62.023179054260254,-0.026,-0.219,-0.995,1.019
62.02325201034546,-0.026,-0.219,-0.995,1.019
62.02332401275635,-0.026,-0.219,-0.995,1.019
62.023396015167236,-0.026,-0.219,-0.995,1.019
62.02346611022949,-0.026,-0.219,-0.995,1.019
62.02353501319885,-0.026,-0.219,-0.995,1.019
62.02360486984253,-0.026,-0.219,-0.995,1.019
62.02367401123047,-0.026,-0.219,-0.995,1.019
62.023744106292725,-0.026,-0.219,-0.995,1.019
62.02381420135498,-0.026,-0.219,-0.995,1.019
62.02388310432434,-0.026,-0.219,-0.995,1.019
62.023953914642334,-0.026,-0.219,-0.995,1.019
62.02402400970459,-0.026,-0.219,-0.995,1.019
62.02409315109253,-0.026,-0.219,-0.995,1.019
62.024163007736206,-0.026,-0.219,-0.995,1.019
62.02431011199951,-0.026,-0.219,-0.995,1.019
62.02440810203552,-0.026,-0.219,-0.995,1.019
62.02448511123657,-0.026,-0.219,-0.995,1.019
62.02455806732178,-0.026,-0.219,-0.995,1.019
62.02462911605835,-0.026,-0.219,-0.995,1.019
62.02470016479492,-0.026,-0.219,-0.995,1.019
62.0247700214386,-0.026,-0.219,-0.995,1.019
62.02484107017517,-0.026,-0.219,-0.995,1.019
62.02491092681885,-0.026,-0.219,-0.995,1.019
62.0249810218811,-0.026,-0.219,-0.995,1.019
62.02505111694336,-0.026,-0.219,-0.995,1.019
62.02512001991272,-0.026,-0.219,-0.995,1.019
62.0251898765564,-0.026,-0.219,-0.995,1.019
62.02525997161865,-0.026,-0.219,-0.995,1.019
62.02533006668091,-0.026,-0.219,-0.995,1.019
62.025400161743164,-0.026,-0.219,-0.995,1.019
62.02547001838684,-0.026,-0.219,-0.995,1.019
62.02553987503052,-0.026,-0.219,-0.995,1.019
62.02560997009277,-0.026,-0.219,-0.995,1.019
62.0256872177124,-0.026,-0.219,-0.995,1.019
62.02575707435608,-0.026,-0.219,-0.995,1.019
62.025830030441284,-0.026,-0.219,-0.995,1.019
62.025898933410645,-0.026,-0.219,-0.995,1.019
62.02597403526306,-0.026,-0.219,-0.995,1.019
62.02604293823242,-0.026,-0.219,-0.995,1.019
62.02611303329468,-0.026,-0.219,-0.995,1.019
62.02618217468262,-0.026,-0.219,-0.995,1.019
62.02625107765198,-0.026,-0.219,-0.995,1.019
62.026320934295654,-0.026,-0.219,-0.995,1.019
62.026390075683594,-0.026,-0.219,-0.995,1.019
62.02646017074585,-0.026,-0.219,-0.995,1.019
62.026530027389526,-0.026,-0.219,-0.995,1.019
62.0265998840332,-0.026,-0.219,-0.995,1.019
62.02666902542114,-0.026,-0.219,-0.995,1.019
62.0267391204834,-0.026,-0.219,-0.995,1.019
62.02681493759155,-0.026,-0.219,-0.995,1.019
62.02688789367676,-0.026,-0.219,-0.995,1.019
62.0269570350647,-0.026,-0.219,-0.995,1.019
62.02703309059143,-0.026,-0.219,-0.995,1.019
62.02711200714111,-0.026,-0.219,-0.995,1.019
62.02718210220337,-0.026,-0.219,-0.995,1.019
62.02725100517273,-0.026,-0.219,-0.995,1.019
62.027321100234985,-0.026,-0.219,-0.995,1.019
62.02739095687866,-0.026,-0.219,-0.995,1.019
62.02746105194092,-0.026,-0.219,-0.995,1.019
62.02753019332886,-0.026,-0.219,-0.995,1.019
62.027600049972534,-0.026,-0.219,-0.995,1.019
62.02766990661621,-0.026,-0.219,-0.995,1.019
62.0277419090271,-0.026,-0.219,-0.995,1.019
62.027812004089355,-0.026,-0.219,-0.995,1.019
62.02788209915161,-0.026,-0.219,-0.995,1.019
62.02795100212097,-0.026,-0.219,-0.995,1.019
62.02802109718323,-0.026,-0.219,-0.995,1.019
62.02809000015259,-0.026,-0.219,-0.995,1.019
62.028160095214844,-0.026,-0.219,-0.995,1.019
62.0282301902771,-0.026,-0.219,-0.995,1.019
62.02829909324646,-0.026,-0.219,-0.995,1.019
62.02836894989014,-0.026,-0.219,-0.995,1.019
62.028438091278076,-0.026,-0.219,-0.995,1.019
62.02850818634033,-0.026,-0.219,-0.995,1.019
62.02857708930969,-0.026,-0.219,-0.995,1.019
62.02864694595337,-0.026,-0.219,-0.995,1.019
62.028719902038574,-0.026,-0.219,-0.995,1.019
62.028789043426514,-0.026,-0.219,-0.995,1.019
62.0288610458374,-0.026,-0.219,-0.995,1.019
62.02893018722534,-0.026,-0.219,-0.995,1.019
62.02900004386902,-0.026,-0.219,-0.995,1.019
62.02907109260559,-0.026,-0.219,-0.995,1.019
62.02914094924927,-0.026,-0.219,-0.995,1.019
62.02921199798584,-0.026,-0.219,-0.995,1.019
62.02928304672241,-0.026,-0.219,-0.995,1.019
62.02935314178467,-0.026,-0.219,-0.995,1.019
62.0295250415802,-0.026,-0.219,-0.995,1.019
62.029940128326416,-0.026,-0.219,-0.995,1.019
62.03020906448364,-0.026,-0.219,-0.995,1.019
62.030309200286865,-0.026,-0.219,-0.995,1.019
62.030381202697754,-0.026,-0.219,-0.995,1.019
62.03045105934143,-0.026,-0.219,-0.995,1.019
62.03052091598511,-0.026,-0.219,-0.995,1.019
62.030641078948975,-0.026,-0.219,-0.995,1.019
62.03073787689209,-0.026,-0.219,-0.995,1.019
62.03081703186035,-0.026,-0.219,-0.995,1.019
62.03089094161987,-0.026,-0.219,-0.995,1.019
62.03096294403076,-0.026,-0.219,-0.995,1.019
62.031033992767334,-0.026,-0.219,-0.995,1.019
62.031105041503906,-0.026,-0.219,-0.995,1.019
62.03117609024048,-0.026,-0.219,-0.995,1.019
62.03124713897705,-0.026,-0.219,-0.995,1.019
62.03131818771362,-0.026,-0.219,-0.995,1.019
62.031388998031616,-0.026,-0.219,-0.995,1.019
62.03146004676819,-0.026,-0.219,-0.995,1.019
62.03153204917908,-0.026,-0.219,-0.995,1.019
62.03160309791565,-0.021,-0.222,-0.961,0.987
62.031965017318726,-0.021,-0.222,-0.961,0.987
62.032042026519775,-0.021,-0.222,-0.961,0.987
62.03211998939514,-0.021,-0.222,-0.961,0.987
62.032191038131714,-0.021,-0.222,-0.961,0.987
62.032262086868286,-0.021,-0.222,-0.961,0.987
62.03233289718628,-0.021,-0.222,-0.961,0.987
62.03240394592285,-0.021,-0.222,-0.961,0.987
62.03247404098511,-0.021,-0.222,-0.961,0.987
62.03254413604736,-0.021,-0.222,-0.961,0.987
62.03261399269104,-0.021,-0.222,-0.961,0.987
62.03269410133362,-0.021,-0.222,-0.961,0.987
62.03276801109314,-0.021,-0.222,-0.961,0.987
62.03284406661987,-0.021,-0.222,-0.961,0.987
62.032915115356445,-0.021,-0.222,-0.961,0.987
62.0329852104187,-0.021,-0.222,-0.961,0.987
62.033056020736694,-0.021,-0.222,-0.961,0.987
62.03312587738037,-0.021,-0.222,-0.961,0.987
62.03319597244263,-0.021,-0.222,-0.961,0.987
62.03326606750488,-0.021,-0.222,-0.961,0.987
62.033337116241455,-0.021,-0.222,-0.961,0.987
62.03340721130371,-0.021,-0.222,-0.961,0.987
62.03347706794739,-0.021,-0.222,-0.961,0.987
62.03354787826538,-0.021,-0.222,-0.961,0.987
62.03361797332764,-0.021,-0.222,-0.961,0.987
62.03368806838989,-0.021,-0.222,-0.961,0.987
62.03375816345215,-0.021,-0.222,-0.961,0.987
62.03382921218872,-0.021,-0.222,-0.961,0.987
62.0338978767395,-0.021,-0.222,-0.961,0.987
62.03396797180176,-0.021,-0.222,-0.961,0.987
62.034038066864014,-0.021,-0.222,-0.961,0.987
62.034109115600586,-0.021,-0.222,-0.961,0.987
62.03417921066284,-0.021,-0.222,-0.961,0.987
62.03424906730652,-0.021,-0.222,-0.961,0.987
62.03431797027588,-0.021,-0.222,-0.961,0.987
62.034388065338135,-0.021,-0.222,-0.961,0.987
62.03445911407471,-0.021,-0.222,-0.961,0.987
62.03452920913696,-0.021,-0.222,-0.961,0.987
62.03459906578064,-0.021,-0.222,-0.961,0.987
62.034668922424316,-0.021,-0.222,-0.961,0.987
62.03473091125488,-0.021,-0.222,-0.961,0.987
62.034790992736816,-0.021,-0.222,-0.961,0.987
62.03485107421875,-0.021,-0.222,-0.961,0.987
62.034911155700684,-0.021,-0.222,-0.961,0.987
62.03497099876404,-0.021,-0.222,-0.961,0.987
62.035029888153076,-0.021,-0.222,-0.961,0.987
62.03508901596069,-0.021,-0.222,-0.961,0.987
62.035171031951904,-0.021,-0.222,-0.961,0.987
62.035232067108154,-0.021,-0.222,-0.961,0.987
62.035293102264404,-0.021,-0.222,-0.961,0.987
62.03535199165344,-0.021,-0.222,-0.961,0.987
62.03541302680969,-0.021,-0.222,-0.961,0.987
62.03547286987305,-0.021,-0.222,-0.961,0.987
62.03553295135498,-0.021,-0.222,-0.961,0.987
62.035598039627075,-0.021,-0.222,-0.961,0.987
62.035659074783325,-0.021,-0.222,-0.961,0.987
62.03571891784668,-0.021,-0.222,-0.961,0.987
62.03577899932861,-0.021,-0.222,-0.961,0.987
62.03583908081055,-0.021,-0.222,-0.961,0.987
62.035930156707764,-0.021,-0.222,-0.961,0.987
62.03599309921265,-0.021,-0.222,-0.961,0.987
62.03606605529785,-0.021,-0.222,-0.961,0.987
62.036126136779785,-0.021,-0.222,-0.961,0.987
62.036187171936035,-0.021,-0.222,-0.961,0.987
62.03624701499939,-0.021,-0.222,-0.961,0.987
62.03630805015564,-0.021,-0.222,-0.961,0.987
62.03643321990967,-0.021,-0.222,-0.961,0.987
62.03652000427246,-0.021,-0.222,-0.961,0.987
62.03658604621887,-0.021,-0.222,-0.961,0.987
62.036648988723755,-0.021,-0.222,-0.961,0.987
62.03676795959473,-0.021,-0.222,-0.961,0.987
62.03682899475098,-0.021,-0.222,-0.961,0.987
62.03689002990723,-0.021,-0.222,-0.961,0.987
62.036949157714844,-0.021,-0.222,-0.961,0.987
62.037010192871094,-0.021,-0.222,-0.961,0.987
62.03707003593445,-0.021,-0.222,-0.961,0.987
62.0371298789978,-0.021,-0.222,-0.961,0.987
62.03719091415405,-0.021,-0.222,-0.961,0.987
62.03725004196167,-0.021,-0.222,-0.961,0.987
62.0373101234436,-0.021,-0.222,-0.961,0.987
62.03737020492554,-0.021,-0.222,-0.961,0.987
62.037429094314575,-0.021,-0.222,-0.961,0.987
62.03748893737793,-0.021,-0.222,-0.961,0.987
62.0376181602478,-0.021,-0.222,-0.961,0.987
62.037689208984375,-0.021,-0.222,-0.961,0.987
62.03774905204773,-0.021,-0.222,-0.961,0.987
62.037808895111084,-0.021,-0.222,-0.961,0.987
62.037869930267334,-0.021,-0.222,-0.961,0.987
62.03792905807495,-0.021,-0.222,-0.961,0.987
62.03798818588257,-0.021,-0.222,-0.961,0.987
62.03804802894592,-0.021,-0.222,-0.961,0.987
62.03810691833496,-0.021,-0.222,-0.961,0.987
62.038166999816895,-0.021,-0.222,-0.961,0.987
62.03822612762451,-0.021,-0.222,-0.961,0.987
62.038286209106445,-0.021,-0.222,-0.961,0.987
62.038347005844116,-0.021,-0.222,-0.961,0.987
62.03841590881348,-0.021,-0.222,-0.961,0.987
62.03847599029541,-0.021,-0.222,-0.961,0.987
62.03853511810303,-0.021,-0.222,-0.961,0.987
62.03859901428223,-0.021,-0.222,-0.961,0.987
62.03866410255432,-0.021,-0.222,-0.961,0.987
62.03872609138489,-0.021,-0.222,-0.961,0.987
62.038788080215454,-0.021,-0.222,-0.961,0.987
62.03885006904602,-0.021,-0.222,-0.961,0.987
62.03891110420227,-0.021,-0.222,-0.961,0.987
62.03897404670715,-0.021,-0.222,-0.961,0.987
62.03903293609619,-0.021,-0.222,-0.961,0.987
62.039093017578125,-0.021,-0.222,-0.961,0.987
62.039154052734375,-0.021,-0.222,-0.961,0.987
62.03921604156494,-0.021,-0.222,-0.961,0.987
62.03927803039551,-0.021,-0.222,-0.961,0.987
62.03933906555176,-0.021,-0.222,-0.961,0.987
62.03953695297241,-0.021,-0.222,-0.961,0.987
62.03960108757019,-0.021,-0.222,-0.961,0.987
62.03965997695923,-0.021,-0.222,-0.961,0.987
62.03972005844116,-0.021,-0.222,-0.961,0.987
62.03977918624878,-0.021,-0.222,-0.961,0.987
62.0398850440979,-0.021,-0.222,-0.961,0.987
62.03994798660278,-0.021,-0.222,-0.961,0.987
62.04000902175903,-0.021,-0.222,-0.961,0.987
62.04006910324097,-0.021,-0.222,-0.961,0.987
62.04013109207153,-0.021,-0.222,-0.961,0.987
62.04019021987915,-0.021,-0.222,-0.961,0.987
62.040250062942505,-0.021,-0.222,-0.961,0.987
62.04030895233154,-0.021,-0.222,-0.961,0.987
62.04036808013916,-0.021,-0.222,-0.961,0.987
62.04042720794678,-0.021,-0.222,-0.961,0.987
62.040486097335815,-0.021,-0.222,-0.961,0.987
62.04054808616638,-0.021,-0.222,-0.961,0.987
62.04060697555542,-0.021,-0.222,-0.961,0.987
62.04066705703735,-0.021,-0.222,-0.961,0.987
62.04072618484497,-0.021,-0.222,-0.961,0.987
62.0407919883728,-0.021,-0.222,-0.961,0.987
62.040852069854736,-0.021,-0.222,-0.961,0.987
62.04091119766235,-0.021,-0.222,-0.961,0.987
62.04097104072571,-0.021,-0.222,-0.961,0.987
62.04103422164917,-0.021,-0.222,-0.961,0.987
62.04109287261963,-0.021,-0.222,-0.961,0.987
62.041152000427246,-0.021,-0.222,-0.961,0.987
62.04121112823486,-0.021,-0.222,-0.961,0.987
62.0412700176239,-0.021,-0.222,-0.961,0.987
62.04132890701294,-0.021,-0.222,-0.961,0.987
62.04138898849487,-0.021,-0.222,-0.961,0.987
62.041471004486084,-0.021,-0.222,-0.961,0.987
62.04153108596802,-0.021,-0.222,-0.961,0.987
62.04159116744995,-0.021,-0.222,-0.961,0.987
62.041651010513306,-0.046,-0.259,-0.947,0.983
62.04192304611206,-0.046,-0.259,-0.947,0.983
62.041996002197266,-0.046,-0.259,-0.947,0.983
62.0420560836792,-0.046,-0.259,-0.947,0.983
62.04211711883545,-0.046,-0.259,-0.947,0.983
62.04217600822449,-0.046,-0.259,-0.947,0.983
62.042234897613525,-0.046,-0.259,-0.947,0.983
62.0423150062561,-0.046,-0.259,-0.947,0.983
62.042381048202515,-0.046,-0.259,-0.947,0.983
62.04244089126587,-0.046,-0.259,-0.947,0.983
62.042500019073486,-0.046,-0.259,-0.947,0.983
62.04256010055542,-0.046,-0.259,-0.947,0.983
62.04261898994446,-0.046,-0.259,-0.947,0.983
62.04267907142639,-0.046,-0.259,-0.947,0.983
62.042738914489746,-0.046,-0.259,-0.947,0.983
62.04279899597168,-0.046,-0.259,-0.947,0.983
62.0428581237793,-0.046,-0.259,-0.947,0.983
62.042917013168335,-0.046,-0.259,-0.947,0.983
62.04297709465027,-0.046,-0.259,-0.947,0.983
62.04303598403931,-0.046,-0.259,-0.947,0.983
62.043095111846924,-0.046,-0.259,-0.947,0.983
62.04315519332886,-0.046,-0.259,-0.947,0.983
62.043214082717896,-0.046,-0.259,-0.947,0.983
62.043272972106934,-0.046,-0.259,-0.947,0.983
62.04333305358887,-0.046,-0.259,-0.947,0.983
62.043392181396484,-0.046,-0.259,-0.947,0.983
62.04345107078552,-0.046,-0.259,-0.947,0.983
62.04351091384888,-0.046,-0.259,-0.947,0.983
62.04357099533081,-0.046,-0.259,-0.947,0.983
62.04363012313843,-0.046,-0.259,-0.947,0.983
62.043689012527466,-0.046,-0.259,-0.947,0.983
62.043753147125244,-0.046,-0.259,-0.947,0.983
62.04381203651428,-0.046,-0.259,-0.947,0.983
62.04387307167053,-0.046,-0.259,-0.947,0.983
62.04393196105957,-0.046,-0.259,-0.947,0.983
62.04399108886719,-0.046,-0.259,-0.947,0.983
62.044050216674805,-0.046,-0.259,-0.947,0.983
62.04411005973816,-0.046,-0.259,-0.947,0.983
62.044169902801514,-0.046,-0.259,-0.947,0.983
62.04422903060913,-0.046,-0.259,-0.947,0.983
62.04428815841675,-0.046,-0.259,-0.947,0.983
62.0443480014801,-0.046,-0.259,-0.947,0.983
62.04440689086914,-0.046,-0.259,-0.947,0.983
62.04446601867676,-0.046,-0.259,-0.947,0.983
62.044525146484375,-0.046,-0.259,-0.947,0.983
62.04458713531494,-0.046,-0.259,-0.947,0.983
62.04464602470398,-0.046,-0.259,-0.947,0.983
62.044705867767334,-0.046,-0.259,-0.947,0.983
62.04476499557495,-0.046,-0.259,-0.947,0.983
62.04482412338257,-0.046,-0.259,-0.947,0.983
62.0448842048645,-0.046,-0.259,-0.947,0.983
62.04494309425354,-0.046,-0.259,-0.947,0.983
62.04500198364258,-0.046,-0.259,-0.947,0.983
62.045061111450195,-0.046,-0.259,-0.947,0.983
62.04512000083923,-0.046,-0.259,-0.947,0.983
62.04518008232117,-0.046,-0.259,-0.947,0.983
62.04523992538452,-0.046,-0.259,-0.947,0.983
62.04529905319214,-0.046,-0.259,-0.947,0.983
62.045358180999756,-0.046,-0.259,-0.947,0.983
62.045417070388794,-0.046,-0.259,-0.947,0.983
62.04547595977783,-0.046,-0.259,-0.947,0.983
62.045536041259766,-0.046,-0.259,-0.947,0.983
62.045597076416016,-0.046,-0.259,-0.947,0.983
62.04565620422363,-0.046,-0.259,-0.947,0.983
62.04571509361267,-0.046,-0.259,-0.947,0.983
62.045774936676025,-0.046,-0.259,-0.947,0.983
62.045835971832275,-0.046,-0.259,-0.947,0.983
62.04589509963989,-0.046,-0.259,-0.947,0.983
62.045955181121826,-0.046,-0.259,-0.947,0.983
62.04601502418518,-0.046,-0.259,-0.947,0.983
62.04607391357422,-0.046,-0.259,-0.947,0.983
62.04613399505615,-0.046,-0.259,-0.947,0.983
62.0461950302124,-0.046,-0.259,-0.947,0.983
62.046255111694336,-0.046,-0.259,-0.947,0.983
62.04631519317627,-0.046,-0.259,-0.947,0.983
62.04637408256531,-0.046,-0.259,-0.947,0.983
62.04643392562866,-0.046,-0.259,-0.947,0.983
62.04649305343628,-0.046,-0.259,-0.947,0.983
62.0465521812439,-0.046,-0.259,-0.947,0.983
62.04661202430725,-0.046,-0.259,-0.947,0.983
62.04667091369629,-0.046,-0.259,-0.947,0.983
62.04673099517822,-0.046,-0.259,-0.947,0.983
62.04679012298584,-0.046,-0.259,-0.947,0.983
62.04684901237488,-0.046,-0.259,-0.947,0.983
62.04690909385681,-0.046,-0.259,-0.947,0.983
62.04696798324585,-0.046,-0.259,-0.947,0.983
62.04702806472778,-0.046,-0.259,-0.947,0.983
62.04709196090698,-0.046,-0.259,-0.947,0.983
62.0471510887146,-0.046,-0.259,-0.947,0.983
62.04721117019653,-0.046,-0.259,-0.947,0.983
62.04727005958557,-0.046,-0.259,-0.947,0.983
62.04732894897461,-0.046,-0.259,-0.947,0.983
62.04738903045654,-0.046,-0.259,-0.947,0.983
62.04744815826416,-0.046,-0.259,-0.947,0.983
62.047508001327515,-0.046,-0.259,-0.947,0.983
62.04756689071655,-0.046,-0.259,-0.947,0.983
62.04762601852417,-0.046,-0.259,-0.947,0.983
62.0476861000061,-0.046,-0.259,-0.947,0.983
62.04774498939514,-0.046,-0.259,-0.947,0.983
62.04780387878418,-0.046,-0.259,-0.947,0.983
62.0478630065918,-0.046,-0.259,-0.947,0.983
62.047922134399414,-0.046,-0.259,-0.947,0.983
62.04798102378845,-0.046,-0.259,-0.947,0.983
62.04804086685181,-0.046,-0.259,-0.947,0.983
62.04810810089111,-0.046,-0.259,-0.947,0.983
62.04816818237305,-0.046,-0.259,-0.947,0.983
62.048227071762085,-0.046,-0.259,-0.947,0.983
62.04828596115112,-0.046,-0.259,-0.947,0.983
62.04834604263306,-0.046,-0.259,-0.947,0.983
62.048405170440674,-0.046,-0.259,-0.947,0.983
62.04846405982971,-0.046,-0.259,-0.947,0.983
62.048523902893066,-0.046,-0.259,-0.947,0.983
62.048583030700684,-0.046,-0.259,-0.947,0.983
62.04863905906677,-0.046,-0.259,-0.947,0.983
62.04869198799133,-0.046,-0.259,-0.947,0.983
62.04874610900879,-0.046,-0.259,-0.947,0.983
62.048799991607666,-0.046,-0.259,-0.947,0.983
62.04885387420654,-0.046,-0.259,-0.947,0.983
62.048907995224,-0.046,-0.259,-0.947,0.983
62.048962116241455,-0.046,-0.259,-0.947,0.983
62.04901695251465,-0.046,-0.259,-0.947,0.983
62.04906988143921,-0.046,-0.259,-0.947,0.983
62.049124002456665,-0.046,-0.259,-0.947,0.983
62.04917812347412,-0.046,-0.259,-0.947,0.983
62.049232006073,-0.046,-0.259,-0.947,0.983
62.049285888671875,-0.046,-0.259,-0.947,0.983
62.04934000968933,-0.046,-0.259,-0.947,0.983
62.04939413070679,-0.046,-0.259,-0.947,0.983
62.049448013305664,-0.046,-0.259,-0.947,0.983
62.04950189590454,-0.046,-0.259,-0.947,0.983
62.049556016922,-0.046,-0.259,-0.947,0.983
62.04961013793945,-0.046,-0.259,-0.947,0.983
62.04966402053833,-0.046,-0.259,-0.947,0.983
62.04972314834595,-0.046,-0.259,-0.947,0.983
62.04977893829346,-0.046,-0.259,-0.947,0.983
62.04983305931091,-0.046,-0.259,-0.947,0.983
62.04988718032837,-0.046,-0.259,-0.947,0.983
62.049941062927246,-0.046,-0.259,-0.947,0.983
62.04999494552612,-0.046,-0.259,-0.947,0.983
62.05004906654358,-0.046,-0.259,-0.947,0.983
62.050103187561035,-0.046,-0.259,-0.947,0.983
62.05015707015991,-0.046,-0.259,-0.947,0.983
62.05021095275879,-0.046,-0.259,-0.947,0.983
62.050265073776245,-0.046,-0.259,-0.947,0.983
62.0503191947937,-0.046,-0.259,-0.947,0.983
62.05037307739258,-0.046,-0.259,-0.947,0.983
62.050426959991455,-0.046,-0.259,-0.947,0.983
62.05048108100891,-0.046,-0.259,-0.947,0.983
62.05053520202637,-0.046,-0.259,-0.947,0.983
62.050589084625244,-0.046,-0.259,-0.947,0.983
62.050642013549805,-0.046,-0.259,-0.947,0.983
62.05069589614868,-0.046,-0.259,-0.947,0.983
62.05075001716614,-0.046,-0.259,-0.947,0.983
62.05080509185791,-0.046,-0.259,-0.947,0.983
62.05085897445679,-0.046,-0.259,-0.947,0.983
62.05091190338135,-0.046,-0.259,-0.947,0.983
62.050966024398804,-0.046,-0.259,-0.947,0.983
62.05102014541626,-0.046,-0.259,-0.947,0.983
62.05107498168945,-0.046,-0.259,-0.947,0.983
62.051127910614014,-0.046,-0.259,-0.947,0.983
62.05118203163147,-0.046,-0.259,-0.947,0.983
62.051236152648926,-0.046,-0.259,-0.947,0.983
62.0512900352478,-0.046,-0.259,-0.947,0.983
62.05134296417236,-0.046,-0.259,-0.947,0.983
62.05139708518982,-0.046,-0.259,-0.947,0.983
62.051451206207275,-0.046,-0.259,-0.947,0.983
62.051515102386475,-0.046,-0.259,-0.947,0.983
62.05156993865967,-0.046,-0.259,-0.947,0.983
62.051624059677124,-0.046,-0.259,-0.947,0.983
62.05167818069458,-0.046,-0.259,-0.947,0.983
62.05173206329346,-0.046,-0.259,-0.947,0.983
62.051785945892334,-0.046,-0.259,-0.947,0.983
62.05184006690979,-0.029,-0.279,-0.957,0.997
62.05199193954468,-0.029,-0.279,-0.957,0.997
62.05204701423645,-0.029,-0.279,-0.957,0.997
62.052101135253906,-0.029,-0.279,-0.957,0.997
62.05215501785278,-0.029,-0.279,-0.957,0.997
62.05220890045166,-0.029,-0.279,-0.957,0.997
62.052263021469116,-0.029,-0.279,-0.957,0.997
62.05231714248657,-0.029,-0.279,-0.957,0.997
62.05237102508545,-0.029,-0.279,-0.957,0.997
62.052424907684326,-0.029,-0.279,-0.957,0.997
62.052478075027466,-0.029,-0.279,-0.957,0.997
62.05253505706787,-0.029,-0.279,-0.957,0.997
62.05258798599243,-0.029,-0.279,-0.957,0.997
62.05264186859131,-0.029,-0.279,-0.957,0.997
62.05270719528198,-0.029,-0.279,-0.957,0.997
62.05276107788086,-0.029,-0.279,-0.957,0.997
62.052814960479736,-0.029,-0.279,-0.957,0.997
62.05286908149719,-0.029,-0.279,-0.957,0.997
62.05292201042175,-0.029,-0.279,-0.957,0.997
62.0530571937561,-0.029,-0.279,-0.957,0.997
62.053126096725464,-0.029,-0.279,-0.957,0.997
62.0531849861145,-0.029,-0.279,-0.957,0.997
62.053242206573486,-0.029,-0.279,-0.957,0.997
62.05329704284668,-0.029,-0.279,-0.957,0.997
62.05335307121277,-0.029,-0.279,-0.957,0.997
62.05340814590454,-0.029,-0.279,-0.957,0.997
62.053462982177734,-0.029,-0.279,-0.957,0.997
62.05351710319519,-0.029,-0.279,-0.957,0.997
62.05357313156128,-0.029,-0.279,-0.957,0.997
62.053627014160156,-0.029,-0.279,-0.957,0.997
62.05368089675903,-0.029,-0.279,-0.957,0.997
62.053736209869385,-0.029,-0.279,-0.957,0.997
62.05379009246826,-0.029,-0.279,-0.957,0.997
62.053844928741455,-0.029,-0.279,-0.957,0.997
62.05389904975891,-0.029,-0.279,-0.957,0.997
62.053956031799316,-0.029,-0.279,-0.957,0.997
62.05400991439819,-0.029,-0.279,-0.957,0.997
62.054064989089966,-0.029,-0.279,-0.957,0.997
62.05412006378174,-0.029,-0.279,-0.957,0.997
62.05417490005493,-0.029,-0.279,-0.957,0.997
62.05422902107239,-0.029,-0.279,-0.957,0.997
62.054283142089844,-0.029,-0.279,-0.957,0.997
62.05433797836304,-0.029,-0.279,-0.957,0.997
62.05439305305481,-0.029,-0.279,-0.957,0.997
62.05444812774658,-0.029,-0.279,-0.957,0.997
62.05450201034546,-0.029,-0.279,-0.957,0.997
62.054555892944336,-0.029,-0.279,-0.957,0.997
62.05461120605469,-0.029,-0.279,-0.957,0.997
62.054665088653564,-0.029,-0.279,-0.957,0.997
62.05471897125244,-0.029,-0.279,-0.957,0.997
62.054774045944214,-0.029,-0.279,-0.957,0.997
62.05482816696167,-0.029,-0.279,-0.957,0.997
62.05488204956055,-0.029,-0.279,-0.957,0.997
62.054935932159424,-0.029,-0.279,-0.957,0.997
62.05499219894409,-0.029,-0.279,-0.957,0.997
62.055047035217285,-0.029,-0.279,-0.957,0.997
62.05510187149048,-0.029,-0.279,-0.957,0.997
62.055155992507935,-0.029,-0.279,-0.957,0.997
62.05521106719971,-0.029,-0.279,-0.957,0.997
62.055264949798584,-0.029,-0.279,-0.957,0.997
62.05531907081604,-0.029,-0.279,-0.957,0.997
62.055373191833496,-0.029,-0.279,-0.957,0.997
62.05542802810669,-0.029,-0.279,-0.957,0.997
62.05548095703125,-0.029,-0.279,-0.957,0.997
62.05553603172302,-0.029,-0.279,-0.957,0.997
62.05559015274048,-0.029,-0.279,-0.957,0.997
62.055644035339355,-0.029,-0.279,-0.957,0.997
62.05569791793823,-0.029,-0.279,-0.957,0.997
62.055752992630005,-0.029,-0.279,-0.957,0.997
62.05580711364746,-0.029,-0.279,-0.957,0.997
62.05586099624634,-0.029,-0.279,-0.957,0.997
62.055914878845215,-0.029,-0.279,-0.957,0.997
62.055970191955566,-0.029,-0.279,-0.957,0.997
62.05602407455444,-0.029,-0.279,-0.957,0.997
62.05607795715332,-0.029,-0.279,-0.957,0.997
62.056132078170776,-0.029,-0.279,-0.957,0.997
62.05618619918823,-0.029,-0.279,-0.957,0.997
62.05624008178711,-0.029,-0.279,-0.957,0.997
62.056293964385986,-0.029,-0.279,-0.957,0.997
62.05634808540344,-0.029,-0.279,-0.957,0.997
62.0564022064209,-0.029,-0.279,-0.957,0.997
62.056456089019775,-0.029,-0.279,-0.957,0.997
62.05651092529297,-0.029,-0.279,-0.957,0.997
62.05656099319458,-0.029,-0.279,-0.957,0.997
62.05661106109619,-0.029,-0.279,-0.957,0.997
62.05666208267212,-0.029,-0.279,-0.957,0.997
62.05671215057373,-0.029,-0.279,-0.957,0.997
62.05676221847534,-0.029,-0.279,-0.957,0.997
62.05681300163269,-0.029,-0.279,-0.957,0.997
62.056861877441406,-0.029,-0.279,-0.957,0.997
62.056912899017334,-0.029,-0.279,-0.957,0.997
62.057003021240234,-0.029,-0.279,-0.957,0.997
62.05705690383911,-0.029,-0.279,-0.957,0.997
62.05710697174072,-0.029,-0.279,-0.957,0.997
62.05715799331665,-0.029,-0.279,-0.957,0.997
62.05720806121826,-0.029,-0.279,-0.957,0.997
62.05725812911987,-0.029,-0.279,-0.957,0.997
62.057308197021484,-0.029,-0.279,-0.957,0.997
62.05735802650452,-0.029,-0.279,-0.957,0.997
62.05740809440613,-0.029,-0.279,-0.957,0.997
62.05745792388916,-0.029,-0.279,-0.957,0.997
62.05750799179077,-0.029,-0.279,-0.957,0.997
62.05755805969238,-0.029,-0.279,-0.957,0.997
62.057608127593994,-0.029,-0.279,-0.957,0.997
62.057658195495605,-0.029,-0.279,-0.957,0.997
62.05770802497864,-0.029,-0.279,-0.957,0.997
62.057766914367676,-0.029,-0.279,-0.957,0.997
62.05783009529114,-0.029,-0.279,-0.957,0.997
62.057880878448486,-0.029,-0.279,-0.957,0.997
62.0579309463501,-0.029,-0.279,-0.957,0.997
62.05798101425171,-0.029,-0.279,-0.957,0.997
62.05803203582764,-0.029,-0.279,-0.957,0.997
62.05808210372925,-0.029,-0.279,-0.957,0.997
62.05813217163086,-0.029,-0.279,-0.957,0.997
62.05818700790405,-0.029,-0.279,-0.957,0.997
62.05823802947998,-0.029,-0.279,-0.957,0.997
62.05828809738159,-0.029,-0.279,-0.957,0.997
62.05833911895752,-0.029,-0.279,-0.957,0.997
62.05838918685913,-0.029,-0.279,-0.957,0.997
62.05843901634216,-0.029,-0.279,-0.957,0.997
62.0584921836853,-0.029,-0.279,-0.957,0.997
62.05855417251587,-0.029,-0.279,-0.957,0.997
62.0586040019989,-0.029,-0.279,-0.957,0.997
62.05865406990051,-0.029,-0.279,-0.957,0.997
62.05871391296387,-0.029,-0.279,-0.957,0.997
62.058764934539795,-0.029,-0.279,-0.957,0.997
62.05882120132446,-0.029,-0.279,-0.957,0.997
62.058878898620605,-0.029,-0.279,-0.957,0.997
62.058932065963745,-0.029,-0.279,-0.957,0.997
62.05898189544678,-0.029,-0.279,-0.957,0.997
62.05903196334839,-0.029,-0.279,-0.957,0.997
62.05908799171448,-0.029,-0.279,-0.957,0.997
62.059139013290405,-0.029,-0.279,-0.957,0.997
62.05918908119202,-0.029,-0.279,-0.957,0.997
62.05923891067505,-0.029,-0.279,-0.957,0.997
62.05928993225098,-0.029,-0.279,-0.957,0.997
62.05934000015259,-0.029,-0.279,-0.957,0.997
62.0593900680542,-0.029,-0.279,-0.957,0.997
62.05944108963013,-0.029,-0.279,-0.957,0.997
62.05949115753174,-0.029,-0.279,-0.957,0.997
62.059542179107666,-0.029,-0.279,-0.957,0.997
62.0595920085907,-0.029,-0.279,-0.957,0.997
62.05964207649231,-0.029,-0.279,-0.957,0.997
62.05969190597534,-0.029,-0.279,-0.957,0.997
62.05974292755127,-0.029,-0.279,-0.957,0.997
62.05979299545288,-0.029,-0.279,-0.957,0.997
62.05984401702881,-0.029,-0.279,-0.957,0.997
62.059895038604736,-0.029,-0.279,-0.957,0.997
62.059946060180664,-0.029,-0.279,-0.957,0.997
62.05999708175659,-0.029,-0.279,-0.957,0.997
62.0600471496582,-0.029,-0.279,-0.957,0.997
62.06010389328003,-0.029,-0.279,-0.957,0.997
62.06015491485596,-0.029,-0.279,-0.957,0.997
62.060205936431885,-0.029,-0.279,-0.957,0.997
62.06025791168213,-0.029,-0.279,-0.957,0.997
62.06030797958374,-0.029,-0.279,-0.957,0.997
62.06035900115967,-0.029,-0.279,-0.957,0.997
62.06041097640991,-0.029,-0.279,-0.957,0.997
62.06046104431152,-0.029,-0.279,-0.957,0.997
62.0605149269104,-0.029,-0.279,-0.957,0.997
62.06056594848633,-0.029,-0.279,-0.957,0.997
62.06061601638794,-0.029,-0.279,-0.957,0.997
62.06066608428955,-0.029,-0.279,-0.957,0.997
62.06071615219116,-0.029,-0.279,-0.957,0.997
62.06076717376709,-0.029,-0.279,-0.957,0.997
62.060816049575806,-0.029,-0.279,-0.957,0.997
62.06086492538452,-0.029,-0.279,-0.957,0.997
62.060914039611816,-0.029,-0.279,-0.957,0.997
62.060962200164795,-0.029,-0.279,-0.957,0.997
62.06101107597351,-0.029,-0.279,-0.957,0.997
62.06105995178223,-0.029,-0.279,-0.957,0.997
62.06110906600952,-0.029,-0.279,-0.957,0.997
62.06115913391113,-0.029,-0.279,-0.957,0.997
62.06120705604553,-0.029,-0.279,-0.957,0.997
62.06125593185425,-0.029,-0.279,-0.957,0.997
62.06130504608154,-0.029,-0.279,-0.957,0.997
62.06135416030884,-0.029,-0.279,-0.957,0.997
62.06140398979187,-0.029,-0.279,-0.957,0.997
62.061453104019165,-0.029,-0.279,-0.957,0.997
62.06150197982788,-0.029,-0.279,-0.957,0.997
62.061551094055176,-0.029,-0.279,-0.957,0.997
62.061599016189575,-0.029,-0.279,-0.957,0.997
62.06164789199829,-0.029,-0.279,-0.957,0.997
62.06169891357422,-0.029,-0.279,-0.957,0.997
62.06175088882446,-0.014,-0.29,-0.974,1.016
62.06191301345825,-0.014,-0.29,-0.974,1.016
62.061968088150024,-0.014,-0.29,-0.974,1.016
62.06201696395874,-0.014,-0.29,-0.974,1.016
62.06206512451172,-0.014,-0.29,-0.974,1.016
62.062114000320435,-0.014,-0.29,-0.974,1.016
62.062161922454834,-0.014,-0.29,-0.974,1.016
62.06221103668213,-0.014,-0.29,-0.974,1.016
62.06225919723511,-0.014,-0.29,-0.974,1.016
62.06230807304382,-0.014,-0.29,-0.974,1.016
62.06235694885254,-0.014,-0.29,-0.974,1.016
62.062406063079834,-0.014,-0.29,-0.974,1.016
62.06245517730713,-0.014,-0.29,-0.974,1.016
62.062504053115845,-0.014,-0.29,-0.974,1.016
62.062551975250244,-0.014,-0.29,-0.974,1.016
62.06260013580322,-0.014,-0.29,-0.974,1.016
62.06264901161194,-0.014,-0.29,-0.974,1.016
62.06269693374634,-0.014,-0.29,-0.974,1.016
62.06274604797363,-0.014,-0.29,-0.974,1.016
62.06279420852661,-0.014,-0.29,-0.974,1.016
62.06284308433533,-0.014,-0.29,-0.974,1.016
62.06289100646973,-0.014,-0.29,-0.974,1.016
62.062939167022705,-0.014,-0.29,-0.974,1.016
62.06298899650574,-0.014,-0.29,-0.974,1.016
62.06303787231445,-0.014,-0.29,-0.974,1.016
62.06308603286743,-0.014,-0.29,-0.974,1.016
62.06313514709473,-0.014,-0.29,-0.974,1.016
62.063183069229126,-0.014,-0.29,-0.974,1.016
62.063230991363525,-0.014,-0.29,-0.974,1.016
62.063279151916504,-0.014,-0.29,-0.974,1.016
62.0633270740509,-0.014,-0.29,-0.974,1.016
62.06337594985962,-0.014,-0.29,-0.974,1.016
62.0634241104126,-0.014,-0.29,-0.974,1.016
62.06347298622131,-0.014,-0.29,-0.974,1.016
62.06352090835571,-0.014,-0.29,-0.974,1.016
62.06357002258301,-0.014,-0.29,-0.974,1.016
62.063618183135986,-0.014,-0.29,-0.974,1.016
62.0636670589447,-0.014,-0.29,-0.974,1.016
62.0637149810791,-0.014,-0.29,-0.974,1.016
62.06376314163208,-0.014,-0.29,-0.974,1.016
62.06381106376648,-0.014,-0.29,-0.974,1.016
62.06385898590088,-0.014,-0.29,-0.974,1.016
62.06390714645386,-0.014,-0.29,-0.974,1.016
62.06395506858826,-0.014,-0.29,-0.974,1.016
62.064006090164185,-0.014,-0.29,-0.974,1.016
62.064054012298584,-0.014,-0.29,-0.974,1.016
62.06410312652588,-0.014,-0.29,-0.974,1.016
62.06415104866028,-0.014,-0.29,-0.974,1.016
62.06419897079468,-0.014,-0.29,-0.974,1.016
62.064247131347656,-0.014,-0.29,-0.974,1.016
62.06429600715637,-0.014,-0.29,-0.974,1.016
62.06434392929077,-0.014,-0.29,-0.974,1.016
62.06439208984375,-0.014,-0.29,-0.974,1.016
62.06444001197815,-0.014,-0.29,-0.974,1.016
62.064494132995605,-0.014,-0.29,-0.974,1.016
62.06454300880432,-0.014,-0.29,-0.974,1.016
62.06459093093872,-0.014,-0.29,-0.974,1.016
62.064640045166016,-0.014,-0.29,-0.974,1.016
62.064688205718994,-0.014,-0.29,-0.974,1.016
62.064735889434814,-0.014,-0.29,-0.974,1.016
62.06478500366211,-0.014,-0.29,-0.974,1.016
62.06483316421509,-0.014,-0.29,-0.974,1.016
62.06488108634949,-0.014,-0.29,-0.974,1.016
62.06492900848389,-0.014,-0.29,-0.974,1.016
62.064977169036865,-0.014,-0.29,-0.974,1.016
62.065025091171265,-0.014,-0.29,-0.974,1.016
62.06508016586304,-0.014,-0.29,-0.974,1.016
62.06512808799744,-0.014,-0.29,-0.974,1.016
62.065176010131836,-0.014,-0.29,-0.974,1.016
62.065224170684814,-0.014,-0.29,-0.974,1.016
62.06527304649353,-0.014,-0.29,-0.974,1.016
62.06532096862793,-0.014,-0.29,-0.974,1.016
62.06536912918091,-0.014,-0.29,-0.974,1.016
62.06541705131531,-0.014,-0.29,-0.974,1.016
62.06546497344971,-0.014,-0.29,-0.974,1.016
62.065513134002686,-0.014,-0.29,-0.974,1.016
62.0655620098114,-0.014,-0.29,-0.974,1.016
62.06563711166382,-0.014,-0.29,-0.974,1.016
62.06568503379822,-0.014,-0.29,-0.974,1.016
62.06573295593262,-0.014,-0.29,-0.974,1.016
62.065781116485596,-0.014,-0.29,-0.974,1.016
62.06582999229431,-0.014,-0.29,-0.974,1.016
62.06587791442871,-0.014,-0.29,-0.974,1.016
62.06592607498169,-0.014,-0.29,-0.974,1.016
62.06597399711609,-0.014,-0.29,-0.974,1.016
62.06602191925049,-0.014,-0.29,-0.974,1.016
62.06607007980347,-0.014,-0.29,-0.974,1.016
62.066118001937866,-0.014,-0.29,-0.974,1.016
62.06616687774658,-0.014,-0.29,-0.974,1.016
62.06621503829956,-0.014,-0.29,-0.974,1.016
62.06626319885254,-0.014,-0.29,-0.974,1.016
62.066312074661255,-0.014,-0.29,-0.974,1.016
62.066359996795654,-0.014,-0.29,-0.974,1.016
62.06640815734863,-0.014,-0.29,-0.974,1.016
62.06645607948303,-0.014,-0.29,-0.974,1.016
62.06650400161743,-0.014,-0.29,-0.974,1.016
62.06655216217041,-0.014,-0.29,-0.974,1.016
62.06660008430481,-0.014,-0.29,-0.974,1.016
62.06664800643921,-0.014,-0.29,-0.974,1.016
62.06669616699219,-0.014,-0.29,-0.974,1.016
62.0667450428009,-0.014,-0.29,-0.974,1.016
62.0667929649353,-0.014,-0.29,-0.974,1.016
62.06684112548828,-0.014,-0.29,-0.974,1.016
62.06688904762268,-0.014,-0.29,-0.974,1.016
62.06693696975708,-0.014,-0.29,-0.974,1.016
62.06698513031006,-0.014,-0.29,-0.974,1.016
62.06703305244446,-0.014,-0.29,-0.974,1.016
62.06708097457886,-0.014,-0.29,-0.974,1.016
62.067129135131836,-0.014,-0.29,-0.974,1.016
62.067177057266235,-0.014,-0.29,-0.974,1.016
62.067224979400635,-0.014,-0.29,-0.974,1.016
62.06727409362793,-0.014,-0.29,-0.974,1.016
62.06732201576233,-0.014,-0.29,-0.974,1.016
62.06736993789673,-0.014,-0.29,-0.974,1.016
62.06741809844971,-0.014,-0.29,-0.974,1.016
62.06747007369995,-0.014,-0.29,-0.974,1.016
62.06751799583435,-0.014,-0.29,-0.974,1.016
62.06756591796875,-0.014,-0.29,-0.974,1.016
62.06761407852173,-0.014,-0.29,-0.974,1.016
62.06766200065613,-0.014,-0.29,-0.974,1.016
62.067710876464844,-0.014,-0.29,-0.974,1.016
62.06775903701782,-0.014,-0.29,-0.974,1.016
62.0678071975708,-0.014,-0.29,-0.974,1.016
62.06785607337952,-0.014,-0.29,-0.974,1.016
62.067903995513916,-0.014,-0.29,-0.974,1.016
62.067952156066895,-0.014,-0.29,-0.974,1.016
62.068000078201294,-0.014,-0.29,-0.974,1.016
62.06804800033569,-0.014,-0.29,-0.974,1.016
62.06809711456299,-0.014,-0.29,-0.974,1.016
62.06814503669739,-0.014,-0.29,-0.974,1.016
62.06819295883179,-0.014,-0.29,-0.974,1.016
62.068241119384766,-0.014,-0.29,-0.974,1.016
62.06828999519348,-0.014,-0.29,-0.974,1.016
62.06833791732788,-0.014,-0.29,-0.974,1.016
62.06838607788086,-0.014,-0.29,-0.974,1.016
62.06843400001526,-0.014,-0.29,-0.974,1.016
62.068490982055664,-0.014,-0.29,-0.974,1.016
62.06854009628296,-0.014,-0.29,-0.974,1.016
62.06858801841736,-0.014,-0.29,-0.974,1.016
62.06863594055176,-0.014,-0.29,-0.974,1.016
62.06868505477905,-0.014,-0.29,-0.974,1.016
62.06873321533203,-0.014,-0.29,-0.974,1.016
62.06878089904785,-0.014,-0.29,-0.974,1.016
62.06883716583252,-0.014,-0.29,-0.974,1.016
62.068886041641235,-0.014,-0.29,-0.974,1.016
62.068933963775635,-0.014,-0.29,-0.974,1.016
62.06898212432861,-0.014,-0.29,-0.974,1.016
62.06903004646301,-0.014,-0.29,-0.974,1.016
62.06907892227173,-0.014,-0.29,-0.974,1.016
62.06912708282471,-0.014,-0.29,-0.974,1.016
62.069175004959106,-0.014,-0.29,-0.974,1.016
62.069222927093506,-0.014,-0.29,-0.974,1.016
62.0692720413208,-0.014,-0.29,-0.974,1.016
62.06932020187378,-0.014,-0.29,-0.974,1.016
62.06937599182129,-0.014,-0.29,-0.974,1.016
62.069425106048584,-0.014,-0.29,-0.974,1.016
62.06947302818298,-0.014,-0.29,-0.974,1.016
62.06952095031738,-0.014,-0.29,-0.974,1.016
62.06956911087036,-0.014,-0.29,-0.974,1.016
62.06962013244629,-0.014,-0.29,-0.974,1.016
62.069669008255005,-0.014,-0.29,-0.974,1.016
62.06972122192383,-0.014,-0.29,-0.974,1.016
62.06976890563965,-0.014,-0.29,-0.974,1.016
62.06981801986694,-0.014,-0.29,-0.974,1.016
62.06986618041992,-0.014,-0.29,-0.974,1.016
62.069916009902954,-0.014,-0.29,-0.974,1.016
62.06996488571167,-0.014,-0.29,-0.974,1.016
62.07001304626465,-0.014,-0.29,-0.974,1.016
62.07006216049194,-0.014,-0.29,-0.974,1.016
62.07011103630066,-0.014,-0.29,-0.974,1.016
62.07015895843506,-0.014,-0.29,-0.974,1.016
62.07020807266235,-0.014,-0.29,-0.974,1.016
62.07025599479675,-0.014,-0.29,-0.974,1.016
62.07030487060547,-0.014,-0.29,-0.974,1.016
62.07035303115845,-0.014,-0.29,-0.974,1.016
62.07040214538574,-0.014,-0.29,-0.974,1.016
62.07045006752014,-0.014,-0.29,-0.974,1.016
62.07049798965454,-0.014,-0.29,-0.974,1.016
62.07054615020752,-0.014,-0.29,-0.974,1.016
62.07059407234192,-0.014,-0.29,-0.974,1.016
62.07064199447632,-0.014,-0.29,-0.974,1.016
62.07069110870361,-0.014,-0.29,-0.974,1.016
62.07073903083801,-0.014,-0.29,-0.974,1.016
62.07078695297241,-0.014,-0.29,-0.974,1.016
62.07083511352539,-0.014,-0.29,-0.974,1.016
62.07088303565979,-0.014,-0.29,-0.974,1.016
62.07093095779419,-0.014,-0.29,-0.974,1.016
62.07097911834717,-0.014,-0.29,-0.974,1.016
62.07102704048157,-0.014,-0.29,-0.974,1.016
62.07107496261597,-0.014,-0.29,-0.974,1.016
62.07112407684326,-0.014,-0.29,-0.974,1.016
62.07117199897766,-0.014,-0.29,-0.974,1.016
62.07121992111206,-0.014,-0.29,-0.974,1.016
62.071269035339355,-0.014,-0.29,-0.974,1.016
62.071317195892334,-0.014,-0.29,-0.974,1.016
62.071364879608154,-0.014,-0.29,-0.974,1.016
62.07141399383545,-0.014,-0.29,-0.974,1.016
62.07146215438843,-0.014,-0.29,-0.974,1.016
62.071513175964355,-0.014,-0.29,-0.974,1.016
62.07156205177307,-0.014,-0.29,-0.974,1.016
62.0716118812561,-0.014,-0.29,-0.974,1.016
62.0716609954834,-0.014,-0.29,-0.974,1.016
62.07171106338501,-0.014,-0.29,-0.974,1.016
62.07176113128662,-0.026,-0.303,-0.975,1.021
62.07189607620239,-0.026,-0.303,-0.975,1.021
62.07194805145264,-0.026,-0.303,-0.975,1.021
62.072004079818726,-0.026,-0.303,-0.975,1.021
62.07205820083618,-0.026,-0.303,-0.975,1.021
62.07211112976074,-0.026,-0.303,-0.975,1.021
62.0721640586853,-0.026,-0.303,-0.975,1.021
62.07221698760986,-0.026,-0.303,-0.975,1.021
62.072269916534424,-0.026,-0.303,-0.975,1.021
62.07232403755188,-0.026,-0.303,-0.975,1.021
62.07237720489502,-0.026,-0.303,-0.975,1.021
62.072429180145264,-0.026,-0.303,-0.975,1.021
62.072482109069824,-0.026,-0.303,-0.975,1.021
62.07253408432007,-0.026,-0.303,-0.975,1.021
62.07258701324463,-0.026,-0.303,-0.975,1.021
62.07263898849487,-0.026,-0.303,-0.975,1.021
62.072691917419434,-0.026,-0.303,-0.975,1.021
62.07274389266968,-0.026,-0.303,-0.975,1.021
62.07279586791992,-0.026,-0.303,-0.975,1.021
62.07284903526306,-0.026,-0.303,-0.975,1.021
62.0729022026062,-0.026,-0.303,-0.975,1.021
62.07295513153076,-0.026,-0.303,-0.975,1.021
62.07300901412964,-0.026,-0.303,-0.975,1.021
62.0730619430542,-0.026,-0.303,-0.975,1.021
62.07311487197876,-0.026,-0.303,-0.975,1.021
62.07316708564758,-0.026,-0.303,-0.975,1.021
62.073220014572144,-0.026,-0.303,-0.975,1.021
62.07327318191528,-0.026,-0.303,-0.975,1.021
62.07332515716553,-0.026,-0.303,-0.975,1.021
62.07337808609009,-0.026,-0.303,-0.975,1.021
62.07343101501465,-0.026,-0.303,-0.975,1.021
62.07348394393921,-0.026,-0.303,-0.975,1.021
62.07353687286377,-0.026,-0.303,-0.975,1.021
62.07359004020691,-0.026,-0.303,-0.975,1.021
62.073644161224365,-0.026,-0.303,-0.975,1.021
62.073697090148926,-0.026,-0.303,-0.975,1.021
62.073750019073486,-0.026,-0.303,-0.975,1.021
62.07380294799805,-0.026,-0.303,-0.975,1.021
62.07385587692261,-0.026,-0.303,-0.975,1.021
62.07390904426575,-0.026,-0.303,-0.975,1.021
62.07396221160889,-0.026,-0.303,-0.975,1.021
62.07401418685913,-0.026,-0.303,-0.975,1.021
62.074069023132324,-0.026,-0.303,-0.975,1.021
62.07412505149841,-0.026,-0.303,-0.975,1.021
62.07417702674866,-0.026,-0.303,-0.975,1.021
62.0742290019989,-0.026,-0.303,-0.975,1.021
62.07428216934204,-0.026,-0.303,-0.975,1.021
62.074334144592285,-0.026,-0.303,-0.975,1.021
62.07438611984253,-0.026,-0.303,-0.975,1.021
62.07443904876709,-0.026,-0.303,-0.975,1.021
62.074491024017334,-0.026,-0.303,-0.975,1.021
62.07454299926758,-0.026,-0.303,-0.975,1.021
62.07459497451782,-0.026,-0.303,-0.975,1.021
62.07464790344238,-0.026,-0.303,-0.975,1.021
62.07470107078552,-0.026,-0.303,-0.975,1.021
62.07475304603577,-0.026,-0.303,-0.975,1.021
62.07480502128601,-0.026,-0.303,-0.975,1.021
62.07486605644226,-0.026,-0.303,-0.975,1.021
62.0749192237854,-0.026,-0.303,-0.975,1.021
62.07497215270996,-0.026,-0.303,-0.975,1.021
62.07502317428589,-0.026,-0.303,-0.975,1.021
62.07507514953613,-0.026,-0.303,-0.975,1.021
62.07512712478638,-0.026,-0.303,-0.975,1.021
62.07517910003662,-0.026,-0.303,-0.975,1.021
62.075239181518555,-0.026,-0.303,-0.975,1.021
62.07529401779175,-0.026,-0.303,-0.975,1.021
62.075347900390625,-0.026,-0.303,-0.975,1.021
62.07540988922119,-0.026,-0.303,-0.975,1.021
62.07546401023865,-0.026,-0.303,-0.975,1.021
62.07552194595337,-0.026,-0.303,-0.975,1.021
62.075576066970825,-0.026,-0.303,-0.975,1.021
62.07563495635986,-0.026,-0.303,-0.975,1.021
62.07568693161011,-0.026,-0.303,-0.975,1.021
62.07574510574341,-0.026,-0.303,-0.975,1.021
62.07580089569092,-0.026,-0.303,-0.975,1.021
62.075855016708374,-0.026,-0.303,-0.975,1.021
62.07590913772583,-0.026,-0.303,-0.975,1.021
62.07596397399902,-0.026,-0.303,-0.975,1.021
62.07601594924927,-0.026,-0.303,-0.975,1.021
62.07606887817383,-0.026,-0.303,-0.975,1.021
62.07612609863281,-0.026,-0.303,-0.975,1.021
62.07618188858032,-0.026,-0.303,-0.975,1.021
62.07623505592346,-0.026,-0.303,-0.975,1.021
62.076287031173706,-0.026,-0.303,-0.975,1.021
62.07633900642395,-0.026,-0.303,-0.975,1.021
62.076395988464355,-0.026,-0.303,-0.975,1.021
62.0764479637146,-0.026,-0.303,-0.975,1.021
62.076499938964844,-0.026,-0.303,-0.975,1.021
62.07655191421509,-0.026,-0.303,-0.975,1.021
62.07660388946533,-0.026,-0.303,-0.975,1.021
62.07665705680847,-0.026,-0.303,-0.975,1.021
62.07670998573303,-0.026,-0.303,-0.975,1.021
62.07676315307617,-0.026,-0.303,-0.975,1.021
62.076815128326416,-0.026,-0.303,-0.975,1.021
62.07686996459961,-0.026,-0.303,-0.975,1.021
62.07692193984985,-0.026,-0.303,-0.975,1.021
62.0769739151001,-0.026,-0.303,-0.975,1.021
62.077028036117554,-0.026,-0.303,-0.975,1.021
62.07708215713501,-0.026,-0.303,-0.975,1.021
62.07713508605957,-0.026,-0.303,-0.975,1.021
62.07735300064087,-0.026,-0.303,-0.975,1.021
62.07741403579712,-0.026,-0.303,-0.975,1.021
62.07746601104736,-0.026,-0.303,-0.975,1.021
62.07751798629761,-0.026,-0.303,-0.975,1.021
62.07756996154785,-0.026,-0.303,-0.975,1.021
62.077621936798096,-0.026,-0.303,-0.975,1.021
62.07767391204834,-0.026,-0.303,-0.975,1.021
62.077728033065796,-0.026,-0.303,-0.975,1.021
62.07778000831604,-0.026,-0.303,-0.975,1.021
62.07783222198486,-0.026,-0.303,-0.975,1.021
62.077885150909424,-0.026,-0.303,-0.975,1.021
62.0779390335083,-0.026,-0.303,-0.975,1.021
62.077993869781494,-0.026,-0.303,-0.975,1.021
62.07804799079895,-0.026,-0.303,-0.975,1.021
62.078102111816406,-0.026,-0.303,-0.975,1.021
62.0781569480896,-0.026,-0.303,-0.975,1.021
62.078211069107056,-0.026,-0.303,-0.975,1.021
62.07826519012451,-0.026,-0.303,-0.975,1.021
62.07831907272339,-0.026,-0.303,-0.975,1.021
62.078372955322266,-0.026,-0.303,-0.975,1.021
62.07843017578125,-0.026,-0.303,-0.975,1.021
62.07848501205444,-0.026,-0.303,-0.975,1.021
62.078540086746216,-0.026,-0.303,-0.975,1.021
62.078596115112305,-0.026,-0.303,-0.975,1.021
62.07865619659424,-0.026,-0.303,-0.975,1.021
62.07871389389038,-0.026,-0.303,-0.975,1.021
62.07877016067505,-0.026,-0.303,-0.975,1.021
62.07882809638977,-0.026,-0.303,-0.975,1.021
62.07888317108154,-0.026,-0.303,-0.975,1.021
62.07893705368042,-0.026,-0.303,-0.975,1.021
62.078994035720825,-0.026,-0.303,-0.975,1.021
62.079050064086914,-0.026,-0.303,-0.975,1.021
62.079102993011475,-0.026,-0.303,-0.975,1.021
62.079155921936035,-0.026,-0.303,-0.975,1.021
62.07921099662781,-0.026,-0.303,-0.975,1.021
62.07926416397095,-0.026,-0.303,-0.975,1.021
62.07931709289551,-0.026,-0.303,-0.975,1.021
62.079370975494385,-0.026,-0.303,-0.975,1.021
62.079423904418945,-0.026,-0.303,-0.975,1.021
62.0794792175293,-0.026,-0.303,-0.975,1.021
62.07953214645386,-0.026,-0.303,-0.975,1.021
62.079586029052734,-0.026,-0.303,-0.975,1.021
62.079647064208984,-0.026,-0.303,-0.975,1.021
62.07969903945923,-0.026,-0.303,-0.975,1.021
62.07975196838379,-0.026,-0.303,-0.975,1.021
62.07980489730835,-0.026,-0.303,-0.975,1.021
62.079859018325806,-0.026,-0.303,-0.975,1.021
62.079912185668945,-0.026,-0.303,-0.975,1.021
62.07996416091919,-0.026,-0.303,-0.975,1.021
62.08001708984375,-0.026,-0.303,-0.975,1.021
62.080078125,-0.026,-0.303,-0.975,1.021
62.08013200759888,-0.026,-0.303,-0.975,1.021
62.08018708229065,-0.026,-0.303,-0.975,1.021
62.080239057540894,-0.026,-0.303,-0.975,1.021
62.080291986465454,-0.026,-0.303,-0.975,1.021
62.08034706115723,-0.026,-0.303,-0.975,1.021
62.080398082733154,-0.026,-0.303,-0.975,1.021
62.0804500579834,-0.026,-0.303,-0.975,1.021
62.08050489425659,-0.026,-0.303,-0.975,1.021
62.08055591583252,-0.026,-0.303,-0.975,1.021
62.080607891082764,-0.026,-0.303,-0.975,1.021
62.080663204193115,-0.026,-0.303,-0.975,1.021
62.08071708679199,-0.026,-0.303,-0.975,1.021
62.080769062042236,-0.026,-0.303,-0.975,1.021
62.08082294464111,-0.026,-0.303,-0.975,1.021
62.08087491989136,-0.026,-0.303,-0.975,1.021
62.080936908721924,-0.026,-0.303,-0.975,1.021
62.080995082855225,-0.026,-0.303,-0.975,1.021
62.0810489654541,-0.026,-0.303,-0.975,1.021
62.081104040145874,-0.026,-0.303,-0.975,1.021
62.08116102218628,-0.026,-0.303,-0.975,1.021
62.08121299743652,-0.026,-0.303,-0.975,1.021
62.0812668800354,-0.026,-0.303,-0.975,1.021
62.081321001052856,-0.026,-0.303,-0.975,1.021
62.08137321472168,-0.026,-0.303,-0.975,1.021
62.081425189971924,-0.026,-0.303,-0.975,1.021
62.08147716522217,-0.026,-0.303,-0.975,1.021
62.08152914047241,-0.026,-0.303,-0.975,1.021
62.081581115722656,-0.026,-0.303,-0.975,1.021
62.0816330909729,-0.026,-0.303,-0.975,1.021
62.08169603347778,-0.026,-0.303,-0.975,1.021
62.08174800872803,-0.026,-0.303,-0.975,1.021
62.081804037094116,-0.026,-0.303,-0.975,1.021
62.081857204437256,-0.026,-0.303,-0.975,1.021
62.08191204071045,-0.055,-0.329,-0.973,1.029
62.08206605911255,-0.055,-0.329,-0.973,1.029
62.08212089538574,-0.055,-0.329,-0.973,1.029
62.082172870635986,-0.055,-0.329,-0.973,1.029
62.08222508430481,-0.055,-0.329,-0.973,1.029
62.082277059555054,-0.055,-0.329,-0.973,1.029
62.0823290348053,-0.055,-0.329,-0.973,1.029
62.08238101005554,-0.055,-0.329,-0.973,1.029
62.082433223724365,-0.055,-0.329,-0.973,1.029
62.08248519897461,-0.055,-0.329,-0.973,1.029
62.08253717422485,-0.055,-0.329,-0.973,1.029
62.0825891494751,-0.055,-0.329,-0.973,1.029
62.082640171051025,-0.055,-0.329,-0.973,1.029
62.08269214630127,-0.055,-0.329,-0.973,1.029
62.082744121551514,-0.055,-0.329,-0.973,1.029
62.08279609680176,-0.055,-0.329,-0.973,1.029
62.082848072052,-0.055,-0.329,-0.973,1.029
62.082900047302246,-0.055,-0.329,-0.973,1.029
62.082951068878174,-0.055,-0.329,-0.973,1.029
62.08300304412842,-0.055,-0.329,-0.973,1.029
62.08305501937866,-0.055,-0.329,-0.973,1.029
62.08310604095459,-0.055,-0.329,-0.973,1.029
62.083158016204834,-0.055,-0.329,-0.973,1.029
62.08321189880371,-0.055,-0.329,-0.973,1.029
62.08326292037964,-0.055,-0.329,-0.973,1.029
62.08331489562988,-0.055,-0.329,-0.973,1.029
62.08336687088013,-0.055,-0.329,-0.973,1.029
62.08341908454895,-0.055,-0.329,-0.973,1.029
62.083471059799194,-0.055,-0.329,-0.973,1.029
62.08352303504944,-0.055,-0.329,-0.973,1.029
62.083577156066895,-0.055,-0.329,-0.973,1.029
62.08362817764282,-0.055,-0.329,-0.973,1.029
62.08368110656738,-0.055,-0.329,-0.973,1.029
62.08373308181763,-0.055,-0.329,-0.973,1.029
62.08378505706787,-0.055,-0.329,-0.973,1.029
62.0838360786438,-0.055,-0.329,-0.973,1.029
62.08389091491699,-0.055,-0.329,-0.973,1.029
62.083945989608765,-0.055,-0.329,-0.973,1.029
62.08399820327759,-0.055,-0.329,-0.973,1.029
62.084052085876465,-0.055,-0.329,-0.973,1.029
62.08410406112671,-0.055,-0.329,-0.973,1.029
62.08415508270264,-0.055,-0.329,-0.973,1.029
62.08420705795288,-0.055,-0.329,-0.973,1.029
62.08425807952881,-0.055,-0.329,-0.973,1.029
62.08431005477905,-0.055,-0.329,-0.973,1.029
62.0843620300293,-0.055,-0.329,-0.973,1.029
62.084413051605225,-0.055,-0.329,-0.973,1.029
62.08446502685547,-0.055,-0.329,-0.973,1.029
62.08451700210571,-0.055,-0.329,-0.973,1.029
62.08456802368164,-0.055,-0.329,-0.973,1.029
62.084619998931885,-0.055,-0.329,-0.973,1.029
62.08467197418213,-0.055,-0.329,-0.973,1.029
62.08472299575806,-0.055,-0.329,-0.973,1.029
62.0847749710083,-0.055,-0.329,-0.973,1.029
62.08482599258423,-0.055,-0.329,-0.973,1.029
62.08488416671753,-0.055,-0.329,-0.973,1.029
62.08493995666504,-0.055,-0.329,-0.973,1.029
62.08499193191528,-0.055,-0.329,-0.973,1.029
62.08504390716553,-0.055,-0.329,-0.973,1.029
62.085094928741455,-0.055,-0.329,-0.973,1.029
62.08515501022339,-0.055,-0.329,-0.973,1.029
62.08520698547363,-0.055,-0.329,-0.973,1.029
62.08525896072388,-0.055,-0.329,-0.973,1.029
62.085309982299805,-0.055,-0.329,-0.973,1.029
62.08536195755005,-0.055,-0.329,-0.973,1.029
62.08542013168335,-0.055,-0.329,-0.973,1.029
62.085472106933594,-0.055,-0.329,-0.973,1.029
62.08552312850952,-0.055,-0.329,-0.973,1.029
62.085575103759766,-0.055,-0.329,-0.973,1.029
62.08562707901001,-0.055,-0.329,-0.973,1.029
62.08568000793457,-0.055,-0.329,-0.973,1.029
62.08573293685913,-0.055,-0.329,-0.973,1.029
62.085784912109375,-0.055,-0.329,-0.973,1.029
62.085838079452515,-0.055,-0.329,-0.973,1.029
62.085891008377075,-0.055,-0.329,-0.973,1.029
62.08594512939453,-0.055,-0.329,-0.973,1.029
62.085997104644775,-0.055,-0.329,-0.973,1.029
62.086058139801025,-0.055,-0.329,-0.973,1.029
62.08611488342285,-0.055,-0.329,-0.973,1.029
62.08617806434631,-0.055,-0.329,-0.973,1.029
62.08628606796265,-0.055,-0.329,-0.973,1.029
62.08636808395386,-0.055,-0.329,-0.973,1.029
62.08643102645874,-0.055,-0.329,-0.973,1.029
62.086495876312256,-0.055,-0.329,-0.973,1.029
62.08654808998108,-0.055,-0.329,-0.973,1.029
62.08660101890564,-0.055,-0.329,-0.973,1.029
62.08665418624878,-0.055,-0.329,-0.973,1.029
62.08670616149902,-0.055,-0.329,-0.973,1.029
62.08675813674927,-0.055,-0.329,-0.973,1.029
62.08681106567383,-0.055,-0.329,-0.973,1.029
62.08686304092407,-0.055,-0.329,-0.973,1.029
62.08691596984863,-0.055,-0.329,-0.973,1.029
62.08696889877319,-0.055,-0.329,-0.973,1.029
62.08702087402344,-0.055,-0.329,-0.973,1.029
62.08707404136658,-0.055,-0.329,-0.973,1.029
62.08712720870972,-0.055,-0.329,-0.973,1.029
62.08717918395996,-0.055,-0.329,-0.973,1.029
62.08723306655884,-0.055,-0.329,-0.973,1.029
62.0872859954834,-0.055,-0.329,-0.973,1.029
62.08733797073364,-0.055,-0.329,-0.973,1.029
62.0873908996582,-0.055,-0.329,-0.973,1.029
62.08744287490845,-0.055,-0.329,-0.973,1.029
62.08749604225159,-0.055,-0.329,-0.973,1.029
62.08754801750183,-0.055,-0.329,-0.973,1.029
62.087599992752075,-0.055,-0.329,-0.973,1.029
62.0876522064209,-0.055,-0.329,-0.973,1.029
62.08770418167114,-0.055,-0.329,-0.973,1.029
62.08775520324707,-0.055,-0.329,-0.973,1.029
62.087807178497314,-0.055,-0.329,-0.973,1.029
62.08785915374756,-0.055,-0.329,-0.973,1.029
62.08791208267212,-0.055,-0.329,-0.973,1.029
62.087965965270996,-0.055,-0.329,-0.973,1.029
62.08802008628845,-0.055,-0.329,-0.973,1.029
62.08807301521301,-0.055,-0.329,-0.973,1.029
62.08812499046326,-0.055,-0.329,-0.973,1.029
62.08817720413208,-0.055,-0.329,-0.973,1.029
62.088229179382324,-0.055,-0.329,-0.973,1.029
62.08828115463257,-0.055,-0.329,-0.973,1.029
62.08833312988281,-0.055,-0.329,-0.973,1.029
62.08838510513306,-0.055,-0.329,-0.973,1.029
62.0884370803833,-0.055,-0.329,-0.973,1.029
62.08848810195923,-0.055,-0.329,-0.973,1.029
62.08854007720947,-0.055,-0.329,-0.973,1.029
62.08859205245972,-0.055,-0.329,-0.973,1.029
62.08864402770996,-0.055,-0.329,-0.973,1.029
62.088696002960205,-0.055,-0.329,-0.973,1.029
62.08874797821045,-0.055,-0.329,-0.973,1.029
62.08879995346069,-0.055,-0.329,-0.973,1.029
62.08885192871094,-0.055,-0.329,-0.973,1.029
62.08890390396118,-0.055,-0.329,-0.973,1.029
62.088955879211426,-0.055,-0.329,-0.973,1.029
62.08900809288025,-0.055,-0.329,-0.973,1.029
62.08906006813049,-0.055,-0.329,-0.973,1.029
62.08911204338074,-0.055,-0.329,-0.973,1.029
62.08916401863098,-0.055,-0.329,-0.973,1.029
62.089215993881226,-0.055,-0.329,-0.973,1.029
62.08926820755005,-0.055,-0.329,-0.973,1.029
62.08932018280029,-0.055,-0.329,-0.973,1.029
62.08937215805054,-0.055,-0.329,-0.973,1.029
62.08942413330078,-0.055,-0.329,-0.973,1.029
62.089476108551025,-0.055,-0.329,-0.973,1.029
62.08952808380127,-0.055,-0.329,-0.973,1.029
62.089580059051514,-0.055,-0.329,-0.973,1.029
62.08963203430176,-0.055,-0.329,-0.973,1.029
62.089684009552,-0.055,-0.329,-0.973,1.029
62.08973693847656,-0.055,-0.329,-0.973,1.029
62.08978891372681,-0.055,-0.329,-0.973,1.029
62.08984088897705,-0.055,-0.329,-0.973,1.029
62.089893102645874,-0.055,-0.329,-0.973,1.029
62.08994507789612,-0.055,-0.329,-0.973,1.029
62.08999705314636,-0.055,-0.329,-0.973,1.029
62.09004807472229,-0.055,-0.329,-0.973,1.029
62.090102195739746,-0.055,-0.329,-0.973,1.029
62.090153217315674,-0.055,-0.329,-0.973,1.029
62.09020709991455,-0.055,-0.329,-0.973,1.029
62.09025812149048,-0.055,-0.329,-0.973,1.029
62.09031295776367,-0.055,-0.329,-0.973,1.029
62.090364933013916,-0.055,-0.329,-0.973,1.029
62.090514183044434,-0.055,-0.329,-0.973,1.029
62.09056806564331,-0.055,-0.329,-0.973,1.029
62.09062194824219,-0.055,-0.329,-0.973,1.029
62.09067392349243,-0.055,-0.329,-0.973,1.029
62.090725898742676,-0.055,-0.329,-0.973,1.029
62.090779066085815,-0.055,-0.329,-0.973,1.029
62.090831995010376,-0.055,-0.329,-0.973,1.029
62.0908842086792,-0.055,-0.329,-0.973,1.029
62.09093904495239,-0.055,-0.329,-0.973,1.029
62.09099197387695,-0.055,-0.329,-0.973,1.029
62.091044902801514,-0.055,-0.329,-0.973,1.029
62.09111309051514,-0.055,-0.329,-0.973,1.029
62.0911660194397,-0.055,-0.329,-0.973,1.029
62.091217041015625,-0.055,-0.329,-0.973,1.029
62.091275215148926,-0.055,-0.329,-0.973,1.029
62.091328144073486,-0.055,-0.329,-0.973,1.029
62.09138107299805,-0.055,-0.329,-0.973,1.029
62.09143400192261,-0.055,-0.329,-0.973,1.029
62.09148597717285,-0.055,-0.329,-0.973,1.029
62.09153890609741,-0.055,-0.329,-0.973,1.029
62.091590881347656,-0.055,-0.329,-0.973,1.029
62.09164500236511,-0.055,-0.329,-0.973,1.029
62.0917010307312,-0.055,-0.329,-0.973,1.029
62.09175205230713,-0.055,-0.329,-0.973,1.029
62.09181809425354,-0.055,-0.329,-0.973,1.029
62.09187316894531,-0.055,-0.329,-0.973,1.029
62.091928005218506,-0.082,-0.368,-0.988,1.057
62.09207820892334,-0.082,-0.368,-0.988,1.057
62.092127084732056,-0.082,-0.368,-0.988,1.057
62.092175006866455,-0.082,-0.368,-0.988,1.057
62.092231035232544,-0.082,-0.368,-0.988,1.057
62.09227895736694,-0.082,-0.368,-0.988,1.057
62.092344999313354,-0.082,-0.368,-0.988,1.057
62.09239387512207,-0.082,-0.368,-0.988,1.057
62.092444896698,-0.082,-0.368,-0.988,1.057
62.09249305725098,-0.082,-0.368,-0.988,1.057
62.0925509929657,-0.082,-0.368,-0.988,1.057
62.0925989151001,-0.082,-0.368,-0.988,1.057
62.092647075653076,-0.082,-0.368,-0.988,1.057
62.092698097229004,-0.082,-0.368,-0.988,1.057
62.0927460193634,-0.082,-0.368,-0.988,1.057
62.0927939414978,-0.082,-0.368,-0.988,1.057
62.09284210205078,-0.082,-0.368,-0.988,1.057
62.09289002418518,-0.082,-0.368,-0.988,1.057
62.09293794631958,-0.082,-0.368,-0.988,1.057
62.09298610687256,-0.082,-0.368,-0.988,1.057
62.09303402900696,-0.082,-0.368,-0.988,1.057
62.09308195114136,-0.082,-0.368,-0.988,1.057
62.093130111694336,-0.082,-0.368,-0.988,1.057
62.093178033828735,-0.082,-0.368,-0.988,1.057
62.09322690963745,-0.082,-0.368,-0.988,1.057
62.09327411651611,-0.082,-0.368,-0.988,1.057
62.09332203865051,-0.082,-0.368,-0.988,1.057
62.09336996078491,-0.082,-0.368,-0.988,1.057
62.09341812133789,-0.082,-0.368,-0.988,1.057
62.09346604347229,-0.082,-0.368,-0.988,1.057
62.09351396560669,-0.082,-0.368,-0.988,1.057
62.09356212615967,-0.082,-0.368,-0.988,1.057
62.093611001968384,-0.082,-0.368,-0.988,1.057
62.09365892410278,-0.082,-0.368,-0.988,1.057
62.09370994567871,-0.082,-0.368,-0.988,1.057
62.0937819480896,-0.082,-0.368,-0.988,1.057
62.09383201599121,-0.082,-0.368,-0.988,1.057
62.093881130218506,-0.082,-0.368,-0.988,1.057
62.09393119812012,-0.082,-0.368,-0.988,1.057
62.09398007392883,-0.082,-0.368,-0.988,1.057
62.09403204917908,-0.082,-0.368,-0.988,1.057
62.09407997131348,-0.082,-0.368,-0.988,1.057
62.094128131866455,-0.082,-0.368,-0.988,1.057
62.094176054000854,-0.082,-0.368,-0.988,1.057
62.094223976135254,-0.082,-0.368,-0.988,1.057
62.09427213668823,-0.082,-0.368,-0.988,1.057
62.09432005882263,-0.082,-0.368,-0.988,1.057
62.09436798095703,-0.082,-0.368,-0.988,1.057
62.094417095184326,-0.082,-0.368,-0.988,1.057
62.094465017318726,-0.082,-0.368,-0.988,1.057
62.094512939453125,-0.082,-0.368,-0.988,1.057
62.09456205368042,-0.082,-0.368,-0.988,1.057
62.094611167907715,-0.082,-0.368,-0.988,1.057
62.094659090042114,-0.082,-0.368,-0.988,1.057
62.094707012176514,-0.082,-0.368,-0.988,1.057
62.09475517272949,-0.082,-0.368,-0.988,1.057
62.09480309486389,-0.082,-0.368,-0.988,1.057
62.095558166503906,-0.082,-0.368,-0.988,1.057
62.09561109542847,-0.082,-0.368,-0.988,1.057
62.09566116333008,-0.082,-0.368,-0.988,1.057
62.095710039138794,-0.082,-0.368,-0.988,1.057
62.095759868621826,-0.082,-0.368,-0.988,1.057
62.09580993652344,-0.082,-0.368,-0.988,1.057
62.09585905075073,-0.082,-0.368,-0.988,1.057
62.09590816497803,-0.082,-0.368,-0.988,1.057
62.09595608711243,-0.082,-0.368,-0.988,1.057
62.11783003807068,-0.094,-0.4,-0.997,1.078
62.11790609359741,-0.094,-0.4,-0.997,1.078
62.13565707206726,-0.103,-0.41,-0.957,1.046
62.13572907447815,-0.103,-0.41,-0.957,1.046
62.1512930393219,-0.079,-0.407,-0.949,1.036
62.15374302864075,-0.045,-0.386,-0.948,1.025
62.16883206367493,-0.033,-0.343,-0.959,1.019
62.184494972229004,-0.052,-0.302,-0.942,0.991
62.184574127197266,-0.052,-0.302,-0.942,0.991
62.20124387741089,-0.063,-0.297,-0.943,0.991
62.20379710197449,-0.07,-0.296,-0.95,0.998
62.214252948760986,-0.077,-0.299,-0.943,0.992
62.23407006263733,-0.087,-0.312,-0.939,0.993
62.23414421081543,-0.087,-0.312,-0.939,0.993
62.25156593322754,-0.09,-0.324,-0.947,1.005
62.25392389297485,-0.086,-0.333,-0.952,1.012
62.26940107345581,-0.079,-0.338,-0.951,1.012
62.2843599319458,-0.064,-0.353,-0.954,1.019
62.284438133239746,-0.064,-0.353,-0.954,1.019
62.30314302444458,-0.066,-0.36,-0.946,1.014
62.30565905570984,-0.069,-0.367,-0.937,1.009
62.31791114807129,-0.076,-0.372,-0.929,1.004
62.33419108390808,-0.083,-0.368,-0.921,0.995
62.336140155792236,-0.083,-0.368,-0.921,0.995
62.35210108757019,-0.079,-0.363,-0.92,0.992
62.354711055755615,-0.075,-0.362,-0.923,0.994
62.36779999732971,-0.07,-0.363,-0.934,1.005
62.38530492782593,-0.07,-0.372,-0.945,1.018
62.38538312911987,-0.07,-0.372,-0.945,1.018
62.40104818344116,-0.082,-0.374,-0.932,1.008
62.4177930355072,-0.091,-0.366,-0.917,0.992
62.417871952056885,-0.091,-0.366,-0.917,0.992
62.43483209609985,-0.093,-0.362,-0.903,0.977
62.436923027038574,-0.093,-0.362,-0.903,0.977
62.452033042907715,-0.086,-0.359,-0.906,0.978
62.46773600578308,-0.088,-0.366,-0.926,1.0
62.46848917007446,-0.088,-0.366,-0.926,1.0
62.484833002090454,-0.073,-0.376,-0.912,0.989
62.48701500892639,-0.073,-0.376,-0.912,0.989
62.501731872558594,-0.078,-0.385,-0.904,0.986
62.519007205963135,-0.098,-0.403,-0.899,0.99
62.51909899711609,-0.098,-0.403,-0.899,0.99
62.53470706939697,-0.095,-0.405,-0.918,1.008
62.537495136260986,-0.095,-0.405,-0.918,1.008
62.55364418029785,-0.091,-0.399,-0.931,1.017
62.55643606185913,-0.084,-0.388,-0.945,1.025
62.57103204727173,-0.071,-0.375,-0.952,1.026
62.58413004875183,-0.061,-0.37,-0.948,1.019
62.58693599700928,-0.043,-0.375,-0.938,1.011
62.60114097595215,-0.012,-0.378,-0.931,1.005
62.61481499671936,-0.025,-0.385,-0.921,0.999
62.617812156677246,-0.027,-0.39,-0.907,0.988
62.62657117843628,-0.029,-0.391,-0.905,0.986
62.642889976501465,-0.043,-0.374,-0.939,1.012
62.65828895568848,-0.054,-0.342,-0.999,1.057
62.65903401374817,-0.054,-0.342,-0.999,1.057
62.6744430065155,-0.066,-0.294,-1.023,1.066
62.677278995513916,-0.047,-0.309,-1.008,1.055
62.692036151885986,-0.042,-0.348,-0.965,1.027
62.71019792556763,-0.054,-0.415,-0.933,1.023
62.71030402183533,-0.054,-0.415,-0.933,1.023
62.72705793380737,-0.096,-0.416,-0.95,1.042
62.727149963378906,-0.096,-0.416,-0.95,1.042
62.74458599090576,-0.115,-0.416,-0.94,1.034
62.74736404418945,-0.131,-0.416,-0.93,1.027
62.7602801322937,-0.14,-0.414,-0.929,1.027
62.776652097702026,-0.117,-0.411,-0.924,1.018
62.778725147247314,-0.117,-0.411,-0.924,1.018
62.793920040130615,-0.105,-0.413,-0.911,1.006
62.81022000312805,-0.092,-0.401,-0.928,1.015
62.81096315383911,-0.092,-0.401,-0.928,1.015
62.827560901641846,-0.062,-0.39,-0.902,0.985
62.82996320724487,-0.062,-0.39,-0.902,0.985
62.84444618225098,-0.057,-0.398,-0.907,0.992
62.84751605987549,-0.059,-0.402,-0.914,1.0
62.861361026763916,-0.056,-0.392,-0.917,0.999
62.878676891326904,-0.077,-0.36,-0.912,0.984
62.87880802154541,-0.077,-0.36,-0.912,0.984
62.89284110069275,-0.196,-0.356,-0.917,1.003
62.91152501106262,-0.142,-0.369,-0.9,0.983
62.911657094955444,-0.142,-0.369,-0.9,0.983
62.927517890930176,-0.158,-0.33,-0.898,0.97
62.93029999732971,-0.158,-0.33,-0.898,0.97
62.94429111480713,-0.148,-0.32,-0.895,0.962
62.95985412597656,-0.161,-0.318,-0.836,0.909
62.96083998680115,-0.161,-0.318,-0.836,0.909
62.978991985321045,-0.213,-0.409,-0.875,0.989
62.9791259765625,-0.213,-0.409,-0.875,0.989
62.994171142578125,-0.178,-0.432,-0.93,1.041
63.01071786880493,-0.125,-0.391,-1.039,1.117
63.01084899902344,-0.125,-0.391,-1.039,1.117
63.02736186981201,-0.086,-0.4,-0.997,1.078
63.03082513809204,-0.109,-0.451,-0.885,0.999
63.04529809951782,-0.108,-0.522,-0.809,0.969
63.058412075042725,-0.148,-0.563,-0.785,0.977
63.06171989440918,-0.148,-0.563,-0.785,0.977
63.07550096511841,-0.152,-0.573,-0.792,0.989
63.09313106536865,-0.089,-0.525,-0.85,1.003
63.09414005279541,-0.089,-0.525,-0.85,1.003
63.11101198196411,-0.064,-0.411,-0.887,0.98
63.111104011535645,-0.064,-0.411,-0.887,0.98
63.1262640953064,-0.071,-0.395,-0.901,0.986
63.14296197891235,-0.023,-0.393,-0.95,1.028
63.14393091201782,-0.023,-0.393,-0.95,1.028
63.16017389297485,0.041,-0.407,-0.964,1.047
63.1602668762207,0.041,-0.407,-0.964,1.047
63.17757511138916,0.072,-0.418,-0.961,1.05
63.18032121658325,0.081,-0.416,-0.96,1.049
63.19240093231201,0.085,-0.378,-0.945,1.021
63.209887981414795,0.077,-0.27,-0.922,0.964
63.21230602264404,0.077,-0.27,-0.922,0.964
63.22650194168091,0.068,-0.283,-0.936,0.98
63.24323511123657,0.084,-0.339,-0.903,0.968
63.244226932525635,0.084,-0.339,-0.903,0.968
63.25922608375549,0.056,-0.454,-0.906,1.015
63.26244497299194,0.056,-0.454,-0.906,1.015
63.27645301818848,0.024,-0.49,-0.891,1.017
63.29224491119385,0.008,-0.439,-0.871,0.975
63.29323601722717,0.008,-0.439,-0.871,0.975
63.30990695953369,0.025,-0.402,-0.913,0.998
63.31202220916748,0.025,-0.402,-0.913,0.998
63.3273069858551,0.029,-0.403,-0.898,0.985
63.34202718734741,0.033,-0.4,-0.902,0.987
63.34300518035889,0.033,-0.4,-0.902,0.987
63.360416889190674,0.019,-0.409,-0.897,0.986
63.363037109375,0.019,-0.409,-0.897,0.986
63.37552499771118,0.016,-0.413,-0.894,0.985
63.39269804954529,0.018,-0.42,-0.901,0.994
63.39280986785889,0.018,-0.42,-0.901,0.994
63.40960216522217,0.018,-0.421,-0.904,0.997
63.413021087646484,0.019,-0.424,-0.911,1.005
63.42630910873413,0.023,-0.427,-0.9,0.996
63.44336795806885,0.038,-0.422,-0.897,0.992
63.4435019493103,0.038,-0.422,-0.897,0.992
63.45975708961487,0.043,-0.423,-0.896,0.992
63.46278095245361,0.05,-0.423,-0.889,0.986
63.476487159729004,0.052,-0.42,-0.887,0.983
63.49298906326294,0.046,-0.413,-0.883,0.976
63.49314022064209,0.046,-0.413,-0.883,0.976
63.50938606262207,0.042,-0.413,-0.885,0.978
63.5123770236969,0.039,-0.411,-0.891,0.982
63.52619695663452,0.04,-0.408,-0.891,0.981
63.54288291931152,0.048,-0.397,-0.887,0.973
63.54301404953003,0.048,-0.397,-0.887,0.973
63.55970287322998,0.051,-0.398,-0.891,0.977
63.56246900558472,0.05,-0.41,-0.901,0.991
63.575860023498535,0.043,-0.421,-0.907,1.001
63.59300088882446,0.031,-0.426,-0.94,1.032
63.593132972717285,0.031,-0.426,-0.94,1.032
63.6101610660553,0.028,-0.421,-0.922,1.014
63.61352801322937,0.025,-0.418,-0.916,1.007
63.62570309638977,0.035,-0.422,-0.916,1.009
63.63183403015137,0.037,-0.429,-0.909,1.006
63.64169120788574,0.044,-0.433,-0.894,0.994
63.65178918838501,0.069,-0.425,-0.852,0.955
63.66500186920166,0.083,-0.428,-0.896,0.996
63.67207193374634,0.09,-0.439,-0.925,1.028
63.682151079177856,0.095,-0.452,-0.974,1.078
63.692265033721924,0.081,-0.454,-0.994,1.096
63.702385902404785,0.063,-0.429,-0.983,1.074
63.712475061416626,0.064,-0.414,-0.957,1.045
