time,gFx,gFy,gFz,gFTotal
0.010485172271728516,0.005,-0.173,-0.987,1.002
0.015043020248413086,0.005,-0.173,-0.987,1.002
0.020627975463867188,-0.045,-0.173,-0.96,0.977
0.03853106498718262,-0.084,-0.164,-0.949,0.967
0.040617942810058594,-0.086,-0.165,-0.93,0.948
0.05364513397216797,-0.07,-0.175,-0.921,0.94
0.060900211334228516,-0.061,-0.18,-0.931,0.95
0.07785606384277344,-0.053,-0.18,-0.962,0.98
0.08448410034179688,-0.015,-0.178,-0.989,1.005
0.0906219482421875,0.007,-0.177,-0.976,0.992
0.10092592239379883,-0.018,-0.175,-0.927,0.944
0.11060309410095215,-0.062,-0.179,-0.887,0.907
0.12103509902954102,-0.087,-0.185,-0.86,0.884
0.13150596618652344,-0.096,-0.186,-0.839,0.865
0.14131593704223633,-0.099,-0.186,-0.838,0.864
0.15158414840698242,-0.104,-0.179,-0.838,0.863
0.16167211532592773,-0.097,-0.167,-0.853,0.875
0.17920207977294922,-0.076,-0.169,-0.883,0.902
0.1817460060119629,-0.063,-0.188,-0.914,0.935
0.19154691696166992,-0.071,-0.22,-0.908,0.937
0.20188617706298828,-0.102,-0.242,-0.888,0.926
0.21233201026916504,-0.14,-0.256,-0.883,0.93
0.22258210182189941,-0.173,-0.255,-0.88,0.932
0.2319622039794922,-0.198,-0.251,-0.885,0.941
0.24255108833312988,-0.218,-0.258,-0.89,0.952
0.25218701362609863,-0.225,-0.27,-0.88,0.948
0.2622051239013672,-0.215,-0.285,-0.875,0.945
0.28247499465942383,-0.158,-0.283,-0.881,0.939
0.2853200435638428,-0.158,-0.283,-0.881,0.939
0.29288816452026367,-0.089,-0.22,-0.849,0.882
0.3029952049255371,-0.059,-0.13,-0.86,0.872
0.31281518936157227,-0.062,-0.141,-0.95,0.962
0.323091983795166,-0.089,-0.213,-1.035,1.06
0.3330850601196289,-0.152,-0.259,-1.014,1.058
0.3431692123413086,-0.199,-0.272,-0.954,1.012
0.35391998291015625,-0.225,-0.264,-0.901,0.965
0.36449193954467773,-0.242,-0.198,-0.832,0.889
0.38451194763183594,-0.373,-0.138,-0.895,0.979
0.38502001762390137,-0.373,-0.138,-0.895,0.979
0.3932209014892578,-0.448,-0.226,-1.06,1.173
0.4036750793457031,-0.475,-0.271,-1.08,1.211
0.41399621963500977,-0.525,-0.262,-0.964,1.129
0.42386603355407715,-0.473,-0.269,-0.882,1.036
0.4346752166748047,-0.387,-0.245,-0.774,0.899
0.4443480968475342,-0.443,-0.225,-0.721,0.876
0.4538559913635254,-0.576,-0.248,-0.787,1.006
0.46531009674072266,-0.509,-0.211,-0.798,0.97
0.48678016662597656,-0.228,-0.299,-0.644,0.746
0.4870619773864746,-0.228,-0.299,-0.644,0.746
0.4937410354614258,-0.067,-0.367,-0.601,0.707
0.504357099533081,-0.038,-0.376,-0.596,0.706
0.5145790576934814,-0.099,-0.371,-0.617,0.727
0.5248250961303711,-0.187,-0.323,-0.637,0.738
0.5352230072021484,-0.225,-0.27,-0.665,0.752
0.5455279350280762,-0.336,-0.224,-0.664,0.777
0.555030107498169,-0.45,-0.174,-0.688,0.84
0.5648870468139648,-0.577,-0.151,-0.672,0.899
0.5839109420776367,-0.813,-0.155,-0.711,1.091
0.5856571197509766,-0.813,-0.155,-0.711,1.091
0.5943269729614258,-0.918,-0.173,-0.75,1.198
0.6044712066650391,-1.037,-0.181,-0.762,1.3
0.6151580810546875,-1.154,-0.223,-0.73,1.384
0.6250190734863281,-1.16,-0.287,-0.691,1.38
0.6353480815887451,-1.193,-0.32,-0.76,1.45
0.6450440883636475,-1.369,-0.368,-0.854,1.655
0.6552209854125977,-1.558,-0.373,-0.809,1.795
0.6664860248565674,-1.479,-0.275,-0.733,1.673
0.6843290328979492,-1.015,-0.229,-0.374,1.106
0.6864662170410156,-1.015,-0.229,-0.374,1.106
0.6948609352111816,-1.204,-0.261,-0.307,1.27
0.7051520347595215,-1.204,-0.207,-0.287,1.255
0.7154700756072998,-1.133,-0.165,-0.279,1.178
0.7254672050476074,-1.144,-0.136,-0.244,1.178
0.7359509468078613,-1.119,-0.065,-0.28,1.155
0.7455511093139648,-1.089,-0.004,-0.336,1.14
0.7556750774383545,-1.112,0.037,-0.341,1.164
0.7662250995635986,-1.156,0.066,-0.323,1.202
0.7872419357299805,-1.083,0.144,-0.354,1.148
0.7875330448150635,-1.083,0.144,-0.354,1.148
0.7956640720367432,-1.135,0.176,-0.362,1.204
0.8057079315185547,-1.166,0.177,-0.406,1.247
0.815946102142334,-1.06,0.196,-0.429,1.16
0.8262081146240234,-0.913,0.225,-0.374,1.012
0.8364391326904297,-0.802,0.254,-0.275,0.885
0.8466839790344238,-0.806,0.226,-0.257,0.876
0.8568971157073975,-0.914,0.168,-0.318,0.982
0.8671841621398926,-0.959,0.142,-0.317,1.02
0.8876230716705322,-0.984,0.067,-0.311,1.034
0.888145923614502,-0.984,0.067,-0.311,1.034
0.8963871002197266,-1.009,-0.011,-0.328,1.061
0.9064450263977051,-1.05,-0.089,-0.328,1.104
0.9167940616607666,-1.11,-0.142,-0.31,1.161
0.9271411895751953,-1.204,-0.188,-0.282,1.251
0.9376480579376221,-1.307,-0.27,-0.251,1.358
0.9477670192718506,-1.375,-0.359,-0.206,1.436
0.9574642181396484,-1.39,-0.433,-0.14,1.463
0.9676861763000488,-1.376,-0.505,-0.056,1.467
0.9879169464111328,-1.271,-0.631,0.106,1.423
0.9883871078491211,-1.271,-0.631,0.106,1.423
0.996859073638916,-1.212,-0.656,0.22,1.396
1.0069599151611328,-1.153,-0.696,0.315,1.383
1.0168819427490234,-1.102,-0.725,0.399,1.378
1.02705717086792,-1.065,-0.727,0.515,1.389
1.0372660160064697,-1.012,-0.736,0.646,1.408
1.0476291179656982,-0.936,-0.774,0.75,1.427
1.0570769309997559,-0.83,-0.773,0.919,1.46
1.0673511028289795,-0.68,-0.724,1.085,1.471
1.0834178924560547,-0.565,-0.589,1.036,1.319
1.0869321823120117,-0.451,-0.441,0.911,1.108
1.0975000858306885,-0.519,-0.345,0.786,1.003
1.107666015625,-0.566,-0.235,0.732,0.955
1.117617130279541,-0.524,-0.176,0.662,0.862
1.127561092376709,-0.513,-0.127,0.589,0.791
1.1385722160339355,-0.562,-0.1,0.618,0.841
1.1481661796569824,-0.608,-0.064,0.663,0.902
1.1584272384643555,-0.631,-0.061,0.669,0.922
1.1673920154571533,-0.663,-0.134,0.629,0.924
1.179955005645752,-0.724,-0.219,0.568,0.946
1.187272071838379,-0.861,-0.467,0.479,1.09
1.1975080966949463,-0.976,-0.44,0.456,1.164
1.2075231075286865,-1.177,-0.38,0.445,1.314
1.240164041519165,-1.455,-0.427,0.619,1.638
1.2403700351715088,-1.455,-0.427,0.619,1.638
1.240541934967041,-1.455,-0.427,0.619,1.638
1.2489771842956543,-1.389,-0.556,0.539,1.59
1.2582249641418457,-1.406,-0.31,0.531,1.535
1.268198013305664,-1.337,-0.137,0.589,1.467
1.2796440124511719,-1.222,-0.167,0.57,1.359
1.288283109664917,-1.182,-0.043,0.531,1.297
1.298172950744629,-1.122,0.035,0.446,1.208
1.3093409538269043,-1.083,0.066,0.284,1.122
1.3185160160064697,-1.056,0.136,0.145,1.075
1.330151081085205,-1.159,0.228,0.017,1.181
1.3400659561157227,-1.322,0.379,-0.036,1.376
1.3499820232391357,-1.355,0.411,-0.142,1.423
1.3598661422729492,-1.35,0.483,-0.302,1.465
1.3702359199523926,-1.36,0.629,-0.39,1.548
1.5448641777038574,-0.542,-0.212,-0.044,0.584
1.545267105102539,-0.542,-0.212,-0.044,0.584
1.5454480648040771,-0.542,-0.212,-0.044,0.584
1.5456550121307373,-0.542,-0.212,-0.044,0.584
1.5459511280059814,-0.542,-0.212,-0.044,0.584
1.5461959838867188,-0.542,-0.212,-0.044,0.584
1.5463662147521973,-0.542,-0.212,-0.044,0.584
1.5465350151062012,-0.542,-0.212,-0.044,0.584
1.5467009544372559,-0.542,-0.212,-0.044,0.584
1.5468668937683105,-0.542,-0.212,-0.044,0.584
1.548464059829712,-0.542,-0.212,-0.044,0.584
1.548633098602295,-0.542,-0.212,-0.044,0.584
1.548799991607666,-0.542,-0.212,-0.044,0.584
1.5489680767059326,-0.63,-0.198,-0.019,0.661
1.5494699478149414,-0.63,-0.198,-0.019,0.661
1.5496830940246582,-0.63,-0.198,-0.019,0.661
1.5498499870300293,-0.63,-0.198,-0.019,0.661
1.5504651069641113,-0.63,-0.198,-0.019,0.661
1.5598669052124023,-0.687,-0.163,0.01,0.706
1.569746971130371,-0.706,-0.082,0.062,0.713
1.580989122390747,-0.647,0.118,0.454,0.799
1.5898919105529785,-0.467,0.494,1.377,1.536
1.59993314743042,-0.251,0.75,1.734,1.906
1.610133171081543,-0.312,0.64,1.122,1.329
1.620285987854004,-0.471,0.447,0.527,0.836
65.16553592681885,-0.551,0.355,0.194,0.684
65.17678904533386,-0.69,0.845,0.161,1.103
65.17705607414246,-0.69,0.845,0.161,1.103
65.17712807655334,-0.69,0.845,0.161,1.103
65.17719411849976,-0.69,0.845,0.161,1.103
65.17725801467896,-0.69,0.845,0.161,1.103
65.17732191085815,-0.69,0.845,0.161,1.103
65.17738509178162,-0.69,0.845,0.161,1.103
65.17744708061218,-0.69,0.845,0.161,1.103
65.17751002311707,-0.69,0.845,0.161,1.103
65.17757201194763,-0.69,0.845,0.161,1.103
65.17763304710388,-0.69,0.845,0.161,1.103
65.17769503593445,-0.69,0.845,0.161,1.103
65.1777560710907,-0.69,0.845,0.161,1.103
65.18345022201538,0.955,3.761,-0.759,3.954
65.18365097045898,0.955,3.761,-0.759,3.954
65.18382906913757,0.955,3.761,-0.759,3.954
65.18400192260742,0.955,3.761,-0.759,3.954
65.18417692184448,0.955,3.761,-0.759,3.954
65.18435096740723,0.955,3.761,-0.759,3.954
65.18462896347046,0.955,3.761,-0.759,3.954
65.18481922149658,0.955,3.761,-0.759,3.954
65.18498706817627,0.955,3.761,-0.759,3.954
65.18515610694885,0.955,3.761,-0.759,3.954
65.18532419204712,0.955,3.761,-0.759,3.954
65.1854920387268,0.955,3.761,-0.759,3.954
65.18566417694092,0.955,3.761,-0.759,3.954
65.18583703041077,0.955,3.761,-0.759,3.954
65.18601107597351,0.955,3.761,-0.759,3.954
65.18619108200073,0.63,1.105,-0.211,1.289
65.18693017959595,0.093,0.58,0.228,0.63
65.1875729560852,0.348,1.123,-0.005,1.176
65.18817090988159,0.479,1.04,-0.166,1.157
65.18838310241699,0.311,1.216,0.124,1.261
65.19192600250244,0.351,0.674,0.466,0.891
65.19208908081055,0.173,0.413,0.483,0.659
65.19224119186401,0.049,-0.355,-0.852,0.924
65.19236898422241,0.049,-0.355,-0.852,0.924
65.19243311882019,0.049,-0.355,-0.852,0.924
65.19249510765076,0.049,-0.355,-0.852,0.924
65.19255590438843,0.049,-0.355,-0.852,0.924
65.19261693954468,0.049,-0.355,-0.852,0.924
65.19267892837524,0.049,1.502,-0.075,1.505
65.19279408454895,0.4,1.029,-0.318,1.149
65.19293594360352,0.4,1.029,-0.318,1.149
65.19299912452698,0.4,1.029,-0.318,1.149
65.19305992126465,0.4,1.029,-0.318,1.149
65.19312000274658,0.4,1.029,-0.318,1.149
65.19318103790283,0.4,1.029,-0.318,1.149
65.1932430267334,0.4,1.029,-0.318,1.149
65.19330310821533,0.4,1.029,-0.318,1.149
65.19336318969727,0.4,1.029,-0.318,1.149
65.19342422485352,0.4,1.029,-0.318,1.149
65.19348406791687,0.4,1.029,-0.318,1.149
65.19354391098022,0.4,1.029,-0.318,1.149
65.19360399246216,0.4,1.029,-0.318,1.149
65.19366407394409,0.4,1.029,-0.318,1.149
65.19372415542603,0.4,1.029,-0.318,1.149
65.19378423690796,0.4,1.029,-0.318,1.149
65.19384407997131,0.4,1.029,-0.318,1.149
65.19390392303467,0.4,1.029,-0.318,1.149
65.1939640045166,0.4,1.029,-0.318,1.149
65.19402313232422,0.4,1.029,-0.318,1.149
65.19408321380615,0.4,1.029,-0.318,1.149
65.19414210319519,0.4,1.029,-0.318,1.149
65.19420289993286,0.4,1.029,-0.318,1.149
65.19427824020386,0.4,1.029,-0.318,1.149
65.19434022903442,0.4,1.029,-0.318,1.149
65.19440007209778,0.4,1.029,-0.318,1.149
65.19445991516113,0.4,1.029,-0.318,1.149
65.19451999664307,0.4,1.029,-0.318,1.149
65.19457912445068,0.043,-0.359,-0.882,0.953
65.19473791122437,0.043,-0.359,-0.882,0.953
65.19479990005493,0.043,-0.359,-0.882,0.953
65.19485998153687,0.043,-0.359,-0.882,0.953
65.19492101669312,0.043,-0.359,-0.882,0.953
65.19498109817505,0.043,-0.359,-0.882,0.953
65.1950421333313,0.043,-0.359,-0.882,0.953
65.19510316848755,0.043,-0.359,-0.882,0.953
65.1951630115509,0.043,-0.359,-0.882,0.953
65.19522309303284,0.043,-0.359,-0.882,0.953
65.19528412818909,0.043,-0.359,-0.882,0.953
65.19534397125244,0.043,-0.359,-0.882,0.953
65.19540405273438,0.043,-0.359,-0.882,0.953
65.19546413421631,0.043,-0.359,-0.882,0.953
65.19552421569824,0.043,-0.359,-0.882,0.953
65.1955840587616,0.043,-0.359,-0.882,0.953
65.19564390182495,0.043,-0.359,-0.882,0.953
65.19570398330688,0.043,-0.359,-0.882,0.953
65.19576406478882,0.043,-0.359,-0.882,0.953
65.19582414627075,0.043,-0.359,-0.882,0.953
65.1959080696106,0.043,-0.359,-0.882,0.953
65.1960039138794,0.043,-0.359,-0.882,0.953
65.19607305526733,0.043,-0.359,-0.882,0.953
65.19613695144653,0.043,-0.359,-0.882,0.953
65.19620990753174,0.043,-0.359,-0.882,0.953
65.19627523422241,0.043,-0.359,-0.882,0.953
65.19633603096008,0.043,-0.359,-0.882,0.953
65.19639706611633,0.043,-0.359,-0.882,0.953
65.1964590549469,0.043,-0.359,-0.882,0.953
65.19651889801025,0.043,-0.359,-0.882,0.953
65.19657897949219,0.043,-0.359,-0.882,0.953
65.19664001464844,0.043,-0.359,-0.882,0.953
65.19670009613037,0.043,-0.359,-0.882,0.953
65.1967601776123,0.043,-0.359,-0.882,0.953
65.19682002067566,0.043,-0.359,-0.882,0.953
65.19688010215759,0.043,-0.359,-0.882,0.953
65.19693994522095,0.043,-0.359,-0.882,0.953
65.1970009803772,0.043,-0.359,-0.882,0.953
65.19706106185913,0.043,-0.359,-0.882,0.953
65.19712209701538,0.043,-0.359,-0.882,0.953
65.197181224823,0.043,-0.359,-0.882,0.953
65.19724202156067,0.043,-0.359,-0.882,0.953
65.1973021030426,0.043,-0.359,-0.882,0.953
65.19740104675293,0.043,-0.359,-0.882,0.953
65.19746494293213,0.043,-0.359,-0.882,0.953
65.1975359916687,0.043,-0.359,-0.882,0.953
65.19759511947632,0.043,-0.359,-0.882,0.953
65.19765520095825,0.043,-0.359,-0.882,0.953
65.1977150440216,0.043,-0.359,-0.882,0.953
65.19777512550354,0.043,-0.359,-0.882,0.953
65.1978349685669,0.043,-0.359,-0.882,0.953
65.19789505004883,0.043,-0.359,-0.882,0.953
65.19795513153076,0.043,-0.359,-0.882,0.953
65.1980152130127,0.043,-0.359,-0.882,0.953
65.19807505607605,0.043,-0.359,-0.882,0.953
65.1981348991394,0.043,-0.359,-0.882,0.953
65.19819498062134,0.043,-0.359,-0.882,0.953
65.19825601577759,0.043,-0.359,-0.882,0.953
65.19831705093384,0.043,-0.359,-0.882,0.953
65.19837713241577,0.043,-0.359,-0.882,0.953
65.19843602180481,0.043,-0.359,-0.882,0.953
65.19849920272827,0.043,-0.359,-0.882,0.953
65.19855904579163,0.043,-0.359,-0.882,0.953
65.19861912727356,0.043,-0.359,-0.882,0.953
65.19867897033691,0.043,-0.359,-0.882,0.953
65.19873809814453,0.043,-0.359,-0.882,0.953
65.19879913330078,0.043,-0.359,-0.882,0.953
65.19885921478271,0.043,-0.359,-0.882,0.953
65.19891905784607,0.043,-0.359,-0.882,0.953
65.19897890090942,0.043,-0.359,-0.882,0.953
65.19903898239136,0.043,-0.359,-0.882,0.953
65.19909906387329,0.043,-0.359,-0.882,0.953
65.19915914535522,0.043,-0.359,-0.882,0.953
65.19921922683716,0.043,-0.359,-0.882,0.953
65.19927906990051,0.043,-0.359,-0.882,0.953
65.19933795928955,0.043,-0.359,-0.882,0.953
65.19939804077148,0.043,-0.359,-0.882,0.953
65.19945812225342,0.043,-0.359,-0.882,0.953
65.19951820373535,0.043,-0.359,-0.882,0.953
65.1995780467987,0.043,-0.359,-0.882,0.953
65.19963812828064,0.043,-0.359,-0.882,0.953
65.1997001171112,0.043,-0.359,-0.882,0.953
65.19976091384888,0.043,-0.359,-0.882,0.953
65.19982099533081,0.043,-0.359,-0.882,0.953
65.19988107681274,0.043,-0.359,-0.882,0.953
65.19994115829468,0.043,-0.359,-0.882,0.953
65.20000123977661,0.043,-0.359,-0.882,0.953
65.20012402534485,0.043,-0.359,-0.882,0.953
65.20018911361694,0.043,-0.359,-0.882,0.953
65.20024919509888,0.043,-0.359,-0.882,0.953
65.20030808448792,0.043,-0.359,-0.882,0.953
65.20036792755127,0.043,-0.359,-0.882,0.953
65.2004280090332,0.043,-0.359,-0.882,0.953
65.20048713684082,0.043,-0.359,-0.882,0.953
65.20054721832275,0.043,-0.359,-0.882,0.953
65.20060706138611,0.043,-0.359,-0.882,0.953
65.20066690444946,0.043,-0.359,-0.882,0.953
65.2007269859314,0.043,-0.359,-0.882,0.953
65.20078706741333,0.043,-0.359,-0.882,0.953
65.20084619522095,0.043,-0.359,-0.882,0.953
65.2009072303772,0.043,-0.359,-0.882,0.953
65.20096707344055,0.043,-0.359,-0.882,0.953
65.2010269165039,0.043,-0.359,-0.882,0.953
65.20115804672241,0.043,-0.359,-0.882,0.953
65.20124411582947,0.043,-0.359,-0.882,0.953
65.2013111114502,0.043,-0.359,-0.882,0.953
65.20137405395508,0.043,-0.359,-0.882,0.953
65.20143508911133,0.043,-0.359,-0.882,0.953
65.20161509513855,0.043,-0.359,-0.882,0.953
65.20168018341064,0.043,-0.359,-0.882,0.953
65.2017412185669,0.043,-0.359,-0.882,0.953
65.20180106163025,0.043,-0.359,-0.882,0.953
65.2018609046936,0.043,-0.359,-0.882,0.953
65.20192193984985,0.043,-0.359,-0.882,0.953
65.20198202133179,0.043,-0.359,-0.882,0.953
65.20204210281372,0.043,-0.359,-0.882,0.953
65.20210218429565,0.043,-0.359,-0.882,0.953
65.2021632194519,0.043,-0.359,-0.882,0.953
65.20222306251526,0.043,-0.359,-0.882,0.953
65.20228409767151,0.043,-0.359,-0.882,0.953
65.20234394073486,0.043,-0.359,-0.882,0.953
65.2027850151062,0.043,-0.359,-0.882,0.953
65.20308208465576,0.043,-0.359,-0.882,0.953
65.20316910743713,0.043,-0.359,-0.882,0.953
65.2032310962677,0.043,-0.359,-0.882,0.953
65.20329093933105,0.043,-0.359,-0.882,0.953
65.2033519744873,0.043,-0.359,-0.882,0.953
65.20341205596924,0.043,-0.359,-0.882,0.953
65.20347213745117,0.043,-0.359,-0.882,0.953
65.20353412628174,0.043,-0.359,-0.882,0.953
65.20359516143799,0.043,-0.359,-0.882,0.953
65.20365524291992,0.043,-0.359,-0.882,0.953
65.20371508598328,0.043,-0.359,-0.882,0.953
65.20377492904663,0.043,-0.359,-0.882,0.953
65.20383596420288,0.043,-0.359,-0.882,0.953
65.20389604568481,0.043,-0.359,-0.882,0.953
65.20395612716675,0.043,-0.359,-0.882,0.953
65.204017162323,0.043,-0.359,-0.882,0.953
65.20407724380493,0.043,-0.359,-0.882,0.953
65.2041380405426,0.043,-0.359,-0.882,0.953
65.20427322387695,0.043,-0.359,-0.882,0.953
65.20438194274902,0.009,-0.325,-0.965,1.018
65.2046000957489,0.009,-0.325,-0.965,1.018
65.20466208457947,0.009,-0.325,-0.965,1.018
65.20472407341003,0.009,-0.325,-0.965,1.018
65.20478510856628,0.009,-0.325,-0.965,1.018
65.20484495162964,0.009,-0.325,-0.965,1.018
65.20494508743286,0.009,-0.325,-0.965,1.018
65.20500707626343,0.009,-0.325,-0.965,1.018
65.20506715774536,0.009,-0.325,-0.965,1.018
65.20512819290161,0.009,-0.325,-0.965,1.018
65.20518803596497,0.009,-0.325,-0.965,1.018
65.2052481174469,0.009,-0.325,-0.965,1.018
65.20530891418457,0.009,-0.325,-0.965,1.018
65.2053689956665,0.009,-0.325,-0.965,1.018
65.20542812347412,0.009,-0.325,-0.965,1.018
65.20548820495605,0.009,-0.325,-0.965,1.018
65.20554804801941,0.009,-0.325,-0.965,1.018
65.20560789108276,0.009,-0.325,-0.965,1.018
65.20566701889038,0.009,-0.325,-0.965,1.018
65.20572710037231,0.009,-0.325,-0.965,1.018
65.20578622817993,0.009,-0.325,-0.965,1.018
65.2058470249176,0.009,-0.325,-0.965,1.018
65.20590710639954,0.009,-0.325,-0.965,1.018
65.20596599578857,0.009,-0.325,-0.965,1.018
65.20602703094482,0.009,-0.325,-0.965,1.018
65.20608806610107,0.009,-0.325,-0.965,1.018
65.20614814758301,0.009,-0.325,-0.965,1.018
65.20620703697205,0.009,-0.325,-0.965,1.018
65.2063000202179,0.009,-0.325,-0.965,1.018
65.20636224746704,0.009,-0.325,-0.965,1.018
65.2064208984375,0.009,-0.325,-0.965,1.018
65.20648097991943,0.009,-0.325,-0.965,1.018
65.20654010772705,0.009,-0.325,-0.965,1.018
65.20660018920898,0.009,-0.325,-0.965,1.018
65.20666003227234,0.009,-0.325,-0.965,1.018
65.20679211616516,0.009,-0.325,-0.965,1.018
65.20685195922852,0.009,-0.325,-0.965,1.018
65.20691108703613,0.009,-0.325,-0.965,1.018
65.20697116851807,0.009,-0.325,-0.965,1.018
65.2070300579071,0.009,-0.325,-0.965,1.018
65.20708894729614,0.009,-0.325,-0.965,1.018
65.20714902877808,0.009,-0.325,-0.965,1.018
65.2072081565857,0.009,-0.325,-0.965,1.018
65.20726823806763,0.009,-0.325,-0.965,1.018
65.20732808113098,0.009,-0.325,-0.965,1.018
65.20738792419434,0.009,-0.325,-0.965,1.018
65.20744800567627,0.009,-0.325,-0.965,1.018
65.2075080871582,0.009,-0.325,-0.965,1.018
65.20756816864014,0.009,-0.325,-0.965,1.018
65.20762801170349,0.009,-0.325,-0.965,1.018
65.20768690109253,0.009,-0.325,-0.965,1.018
65.20774698257446,0.009,-0.325,-0.965,1.018
65.2078070640564,0.009,-0.325,-0.965,1.018
65.20786619186401,0.009,-0.325,-0.965,1.018
65.20792603492737,0.009,-0.325,-0.965,1.018
65.2079849243164,0.009,-0.325,-0.965,1.018
65.20804500579834,0.009,-0.325,-0.965,1.018
65.20810508728027,0.009,-0.325,-0.965,1.018
65.20816421508789,0.009,-0.325,-0.965,1.018
65.20822405815125,0.009,-0.325,-0.965,1.018
65.2082839012146,0.009,-0.325,-0.965,1.018
65.20834398269653,0.009,-0.325,-0.965,1.018
65.20840406417847,0.009,-0.325,-0.965,1.018
65.2084641456604,0.009,-0.325,-0.965,1.018
65.20852303504944,0.009,-0.325,-0.965,1.018
65.20858311653137,0.009,-0.325,-0.965,1.018
65.20864295959473,0.009,-0.325,-0.965,1.018
65.20870304107666,0.009,-0.325,-0.965,1.018
65.20876407623291,0.009,-0.325,-0.965,1.018
65.20882320404053,0.009,-0.325,-0.965,1.018
65.20888304710388,0.009,-0.325,-0.965,1.018
65.20894312858582,0.009,-0.325,-0.965,1.018
65.20900201797485,0.009,-0.325,-0.965,1.018
65.20906209945679,0.009,-0.325,-0.965,1.018
65.2091212272644,0.009,-0.325,-0.965,1.018
65.20918011665344,0.009,-0.325,-0.965,1.018
65.20924091339111,0.009,-0.325,-0.965,1.018
65.20930004119873,0.009,-0.325,-0.965,1.018
65.20936012268066,0.009,-0.325,-0.965,1.018
65.2094202041626,0.009,-0.325,-0.965,1.018
65.20948004722595,0.009,-0.325,-0.965,1.018
65.20954012870789,0.009,-0.325,-0.965,1.018
65.20959901809692,0.009,-0.325,-0.965,1.018
65.20965909957886,0.009,-0.325,-0.965,1.018
65.20971822738647,0.009,-0.325,-0.965,1.018
65.20977807044983,0.009,-0.325,-0.965,1.018
65.20983791351318,0.009,-0.325,-0.965,1.018
65.2098970413208,0.009,-0.325,-0.965,1.018
65.20995998382568,0.009,-0.325,-0.965,1.018
65.21003007888794,0.009,-0.325,-0.965,1.018
65.21009922027588,0.009,-0.325,-0.965,1.018
65.21017122268677,0.009,-0.325,-0.965,1.018
65.21024322509766,0.009,-0.325,-0.965,1.018
65.21031618118286,0.009,-0.325,-0.965,1.018
65.21038818359375,0.009,-0.325,-0.965,1.018
65.21046018600464,0.009,-0.325,-0.965,1.018
65.21053218841553,0.009,-0.325,-0.965,1.018
65.21060514450073,0.009,-0.325,-0.965,1.018
65.21067714691162,0.009,-0.325,-0.965,1.018
65.21075010299683,0.009,-0.325,-0.965,1.018
65.21082210540771,0.009,-0.325,-0.965,1.018
65.21089506149292,0.009,-0.325,-0.965,1.018
65.21097803115845,0.009,-0.325,-0.965,1.018
65.21105194091797,0.009,-0.325,-0.965,1.018
65.21112203598022,0.009,-0.325,-0.965,1.018
65.21119213104248,0.009,-0.325,-0.965,1.018
65.21126222610474,0.009,-0.325,-0.965,1.018
65.21133208274841,0.009,-0.325,-0.965,1.018
65.21140098571777,0.009,-0.325,-0.965,1.018
65.21147108078003,0.009,-0.325,-0.965,1.018
65.21154117584229,0.009,-0.325,-0.965,1.018
65.21161007881165,0.009,-0.325,-0.965,1.018
65.21167993545532,0.009,-0.325,-0.965,1.018
65.21175003051758,0.009,-0.325,-0.965,1.018
65.21182012557983,0.009,-0.325,-0.965,1.018
65.21189022064209,0.009,-0.325,-0.965,1.018
65.21195912361145,0.009,-0.325,-0.965,1.018
65.21203303337097,0.009,-0.325,-0.965,1.018
65.21210193634033,0.009,-0.325,-0.965,1.018
65.2121729850769,0.009,-0.325,-0.965,1.018
65.21224308013916,0.009,-0.325,-0.965,1.018
65.21231317520142,0.009,-0.325,-0.965,1.018
65.21238207817078,0.009,-0.325,-0.965,1.018
65.21269416809082,0.009,-0.325,-0.965,1.018
65.2129020690918,0.009,-0.325,-0.965,1.018
65.21298599243164,0.009,-0.325,-0.965,1.018
65.21329021453857,0.009,-0.325,-0.965,1.018
65.21364903450012,0.009,-0.325,-0.965,1.018
65.2137520313263,0.009,-0.325,-0.965,1.018
65.21382999420166,0.009,-0.325,-0.965,1.018
65.21390509605408,0.009,-0.325,-0.965,1.018
65.21397709846497,0.009,-0.325,-0.965,1.018
65.21404910087585,0.009,-0.325,-0.965,1.018
65.21412110328674,0.009,-0.325,-0.965,1.018
65.21419405937195,0.009,-0.325,-0.965,1.018
65.21426510810852,0.009,-0.325,-0.965,1.018
65.21433591842651,0.009,-0.325,-0.965,1.018
65.21440696716309,0.009,-0.325,-0.965,1.018
65.21447801589966,-0.048,-0.276,-1.041,1.078
65.2147741317749,-0.048,-0.276,-1.041,1.078
65.21484804153442,-0.048,-0.276,-1.041,1.078
65.21492004394531,-0.048,-0.276,-1.041,1.078
65.21499109268188,-0.048,-0.276,-1.041,1.078
65.21506214141846,-0.048,-0.276,-1.041,1.078
65.21513223648071,-0.048,-0.276,-1.041,1.078
65.2152030467987,-0.048,-0.276,-1.041,1.078
65.21527409553528,-0.048,-0.276,-1.041,1.078
65.21534490585327,-0.048,-0.276,-1.041,1.078
65.21541595458984,-0.048,-0.276,-1.041,1.078
65.21554112434387,-0.048,-0.276,-1.041,1.078
65.21577310562134,-0.048,-0.276,-1.041,1.078
65.21603393554688,-0.048,-0.276,-1.041,1.078
65.21612310409546,-0.048,-0.276,-1.041,1.078
65.21620011329651,-0.048,-0.276,-1.041,1.078
65.21627306938171,-0.048,-0.276,-1.041,1.078
65.2163450717926,-0.048,-0.276,-1.041,1.078
65.21641802787781,-0.048,-0.276,-1.041,1.078
65.21648907661438,-0.048,-0.276,-1.041,1.078
65.21656107902527,-0.048,-0.276,-1.041,1.078
65.21663212776184,-0.048,-0.276,-1.041,1.078
65.21670293807983,-0.048,-0.276,-1.041,1.078
65.2167739868164,-0.048,-0.276,-1.041,1.078
65.21684408187866,-0.048,-0.276,-1.041,1.078
65.21691513061523,-0.048,-0.276,-1.041,1.078
65.2169861793518,-0.048,-0.276,-1.041,1.078
65.21705722808838,-0.048,-0.276,-1.041,1.078
65.21712803840637,-0.048,-0.276,-1.041,1.078
65.21719789505005,-0.048,-0.276,-1.041,1.078
65.21726894378662,-0.048,-0.276,-1.041,1.078
65.21733903884888,-0.048,-0.276,-1.041,1.078
65.21741008758545,-0.048,-0.276,-1.041,1.078
65.21748113632202,-0.048,-0.276,-1.041,1.078
65.2175521850586,-0.048,-0.276,-1.041,1.078
65.21762204170227,-0.048,-0.276,-1.041,1.078
65.217698097229,-0.048,-0.276,-1.041,1.078
65.21783709526062,-0.048,-0.276,-1.041,1.078
65.21821403503418,-0.048,-0.276,-1.041,1.078
65.2184190750122,-0.048,-0.276,-1.041,1.078
65.21859407424927,-0.048,-0.276,-1.041,1.078
65.21876502037048,-0.048,-0.276,-1.041,1.078
65.21893405914307,-0.048,-0.276,-1.041,1.078
65.21910619735718,-0.048,-0.276,-1.041,1.078
65.2193660736084,-0.048,-0.276,-1.041,1.078
65.21962904930115,-0.048,-0.276,-1.041,1.078
65.21987104415894,-0.048,-0.276,-1.041,1.078
65.22002220153809,-0.048,-0.276,-1.041,1.078
65.2201030254364,-0.048,-0.276,-1.041,1.078
65.22017908096313,-0.048,-0.276,-1.041,1.078
65.22025394439697,-0.048,-0.276,-1.041,1.078
65.22032904624939,-0.048,-0.276,-1.041,1.078
65.2204909324646,-0.048,-0.276,-1.041,1.078
65.22056913375854,-0.048,-0.276,-1.041,1.078
65.22064113616943,-0.048,-0.276,-1.041,1.078
65.220712184906,-0.048,-0.276,-1.041,1.078
65.22078609466553,-0.048,-0.276,-1.041,1.078
65.22086000442505,-0.048,-0.276,-1.041,1.078
65.22093391418457,-0.048,-0.276,-1.041,1.078
65.22104811668396,-0.048,-0.276,-1.041,1.078
65.22112989425659,-0.048,-0.276,-1.041,1.078
65.22120308876038,-0.048,-0.276,-1.041,1.078
65.22127389907837,-0.048,-0.276,-1.041,1.078
65.22134804725647,-0.048,-0.276,-1.041,1.078
65.22146415710449,-0.048,-0.276,-1.041,1.078
65.22153902053833,-0.048,-0.276,-1.041,1.078
65.22161102294922,-0.048,-0.276,-1.041,1.078
65.22168207168579,-0.048,-0.276,-1.041,1.078
65.22175407409668,-0.048,-0.276,-1.041,1.078
65.22182512283325,-0.048,-0.276,-1.041,1.078
65.22189617156982,-0.048,-0.276,-1.041,1.078
65.2219672203064,-0.048,-0.276,-1.041,1.078
65.22203803062439,-0.048,-0.276,-1.041,1.078
65.22210812568665,-0.048,-0.276,-1.041,1.078
65.22217893600464,-0.048,-0.276,-1.041,1.078
65.2222490310669,-0.048,-0.276,-1.041,1.078
65.22232007980347,-0.048,-0.276,-1.041,1.078
65.22239112854004,-0.048,-0.276,-1.041,1.078
65.22246313095093,-0.048,-0.276,-1.041,1.078
65.2225341796875,-0.048,-0.276,-1.041,1.078
65.22260403633118,-0.048,-0.276,-1.041,1.078
65.22267508506775,-0.048,-0.276,-1.041,1.078
65.22274589538574,-0.048,-0.276,-1.041,1.078
65.222815990448,-0.048,-0.276,-1.041,1.078
65.22288990020752,-0.048,-0.276,-1.041,1.078
65.22296094894409,-0.048,-0.276,-1.041,1.078
65.22303199768066,-0.048,-0.276,-1.041,1.078
65.22310304641724,-0.048,-0.276,-1.041,1.078
65.22317314147949,-0.048,-0.276,-1.041,1.078
65.22324419021606,-0.048,-0.276,-1.041,1.078
65.22331523895264,-0.048,-0.276,-1.041,1.078
65.22338604927063,-0.048,-0.276,-1.041,1.078
65.2234570980072,-0.048,-0.276,-1.041,1.078
65.22352695465088,-0.048,-0.276,-1.041,1.078
65.22359800338745,-0.048,-0.276,-1.041,1.078
65.22366905212402,-0.048,-0.276,-1.041,1.078
65.2237401008606,-0.048,-0.276,-1.041,1.078
65.22381114959717,-0.048,-0.276,-1.041,1.078
65.22388219833374,-0.048,-0.276,-1.041,1.078
65.22395324707031,-0.048,-0.276,-1.041,1.078
65.2240240573883,-0.048,-0.276,-1.041,1.078
65.22409391403198,-0.048,-0.276,-1.041,1.078
65.22416496276855,-0.048,-0.276,-1.041,1.078
65.22423601150513,-0.048,-0.276,-1.041,1.078
65.22430610656738,-0.048,-0.276,-1.041,1.078
65.22437620162964,-0.048,-0.276,-1.041,1.078
65.22444820404053,-0.048,-0.276,-1.041,1.078
65.22464799880981,-0.106,-0.223,-1.107,1.134
65.22483611106873,-0.106,-0.223,-1.107,1.134
65.22490811347961,-0.106,-0.223,-1.107,1.134
65.22497892379761,-0.106,-0.223,-1.107,1.134
65.22504997253418,-0.106,-0.223,-1.107,1.134
65.22512102127075,-0.106,-0.223,-1.107,1.134
65.22519111633301,-0.106,-0.223,-1.107,1.134
65.22526216506958,-0.106,-0.223,-1.107,1.134
65.22533106803894,-0.106,-0.223,-1.107,1.134
65.22540211677551,-0.106,-0.223,-1.107,1.134
65.22547197341919,-0.106,-0.223,-1.107,1.134
65.22554206848145,-0.106,-0.223,-1.107,1.134
65.2256121635437,-0.106,-0.223,-1.107,1.134
65.22568202018738,-0.106,-0.223,-1.107,1.134
65.22575306892395,-0.106,-0.223,-1.107,1.134
65.22582292556763,-0.106,-0.223,-1.107,1.134
65.2258939743042,-0.106,-0.223,-1.107,1.134
65.22596406936646,-0.106,-0.223,-1.107,1.134
65.22603416442871,-0.106,-0.223,-1.107,1.134
65.22610521316528,-0.106,-0.223,-1.107,1.134
65.22617506980896,-0.106,-0.223,-1.107,1.134
65.22624492645264,-0.106,-0.223,-1.107,1.134
65.22631502151489,-0.106,-0.223,-1.107,1.134
65.22638511657715,-0.106,-0.223,-1.107,1.134
65.22645807266235,-0.106,-0.223,-1.107,1.134
65.22652912139893,-0.106,-0.223,-1.107,1.134
65.22659921646118,-0.106,-0.223,-1.107,1.134
65.22667002677917,-0.106,-0.223,-1.107,1.134
65.22674012184143,-0.106,-0.223,-1.107,1.134
65.22681093215942,-0.106,-0.223,-1.107,1.134
65.22688102722168,-0.106,-0.223,-1.107,1.134
65.22695112228394,-0.106,-0.223,-1.107,1.134
65.22702407836914,-0.106,-0.223,-1.107,1.134
65.22709608078003,-0.106,-0.223,-1.107,1.134
65.22716617584229,-0.106,-0.223,-1.107,1.134
65.22723722457886,-0.106,-0.223,-1.107,1.134
65.22730803489685,-0.106,-0.223,-1.107,1.134
65.22737908363342,-0.106,-0.223,-1.107,1.134
65.22744989395142,-0.106,-0.223,-1.107,1.134
65.22752094268799,-0.106,-0.223,-1.107,1.134
65.22759199142456,-0.106,-0.223,-1.107,1.134
65.22766208648682,-0.106,-0.223,-1.107,1.134
65.22775411605835,-0.106,-0.223,-1.107,1.134
65.22782611846924,-0.106,-0.223,-1.107,1.134
65.22789716720581,-0.106,-0.223,-1.107,1.134
65.22796702384949,-0.106,-0.223,-1.107,1.134
65.22803807258606,-0.106,-0.223,-1.107,1.134
65.22810792922974,-0.106,-0.223,-1.107,1.134
65.22817993164062,-0.106,-0.223,-1.107,1.134
65.22825002670288,-0.106,-0.223,-1.107,1.134
65.22832012176514,-0.106,-0.223,-1.107,1.134
65.22839021682739,-0.106,-0.223,-1.107,1.134
65.22846007347107,-0.106,-0.223,-1.107,1.134
65.22852993011475,-0.106,-0.223,-1.107,1.134
65.228600025177,-0.106,-0.223,-1.107,1.134
65.22867012023926,-0.106,-0.223,-1.107,1.134
65.22874021530151,-0.106,-0.223,-1.107,1.134
65.22881007194519,-0.106,-0.223,-1.107,1.134
65.22887992858887,-0.106,-0.223,-1.107,1.134
65.2289490699768,-0.106,-0.223,-1.107,1.134
65.22901916503906,-0.106,-0.223,-1.107,1.134
65.22908902168274,-0.106,-0.223,-1.107,1.134
65.22922205924988,-0.106,-0.223,-1.107,1.134
65.2292971611023,-0.106,-0.223,-1.107,1.134
65.22936820983887,-0.106,-0.223,-1.107,1.134
65.22943806648254,-0.106,-0.223,-1.107,1.134
65.22950792312622,-0.106,-0.223,-1.107,1.134
65.2295789718628,-0.106,-0.223,-1.107,1.134
65.22964906692505,-0.106,-0.223,-1.107,1.134
65.2297191619873,-0.106,-0.223,-1.107,1.134
65.22979021072388,-0.106,-0.223,-1.107,1.134
65.22990894317627,-0.106,-0.223,-1.107,1.134
65.23002195358276,-0.106,-0.223,-1.107,1.134
65.23010492324829,-0.106,-0.223,-1.107,1.134
65.23018002510071,-0.106,-0.223,-1.107,1.134
65.23025894165039,-0.106,-0.223,-1.107,1.134
65.2303318977356,-0.106,-0.223,-1.107,1.134
65.23040509223938,-0.106,-0.223,-1.107,1.134
65.23047709465027,-0.106,-0.223,-1.107,1.134
65.23054909706116,-0.106,-0.223,-1.107,1.134
65.23061990737915,-0.106,-0.223,-1.107,1.134
65.23069095611572,-0.106,-0.223,-1.107,1.134
65.2307620048523,-0.106,-0.223,-1.107,1.134
65.23083305358887,-0.106,-0.223,-1.107,1.134
65.23090505599976,-0.106,-0.223,-1.107,1.134
65.23097515106201,-0.106,-0.223,-1.107,1.134
65.23104619979858,-0.106,-0.223,-1.107,1.134
65.23111701011658,-0.106,-0.223,-1.107,1.134
65.23118805885315,-0.106,-0.223,-1.107,1.134
65.23125791549683,-0.106,-0.223,-1.107,1.134
65.2313289642334,-0.106,-0.223,-1.107,1.134
65.23140406608582,-0.106,-0.223,-1.107,1.134
65.23147511482239,-0.106,-0.223,-1.107,1.134
65.23154592514038,-0.106,-0.223,-1.107,1.134
65.23161697387695,-0.106,-0.223,-1.107,1.134
65.23168706893921,-0.106,-0.223,-1.107,1.134
65.23175716400146,-0.106,-0.223,-1.107,1.134
65.23182702064514,-0.106,-0.223,-1.107,1.134
65.23189902305603,-0.106,-0.223,-1.107,1.134
65.23196911811829,-0.106,-0.223,-1.107,1.134
65.23203992843628,-0.106,-0.223,-1.107,1.134
65.23211002349854,-0.106,-0.223,-1.107,1.134
65.23218107223511,-0.106,-0.223,-1.107,1.134
65.23225116729736,-0.106,-0.223,-1.107,1.134
65.23232221603394,-0.106,-0.223,-1.107,1.134
65.23239302635193,-0.106,-0.223,-1.107,1.134
65.2324640750885,-0.106,-0.223,-1.107,1.134
65.23253512382507,-0.106,-0.223,-1.107,1.134
65.23260593414307,-0.106,-0.223,-1.107,1.134
65.23267602920532,-0.106,-0.223,-1.107,1.134
65.2327470779419,-0.106,-0.223,-1.107,1.134
65.23281812667847,-0.106,-0.223,-1.107,1.134
65.23288917541504,-0.106,-0.223,-1.107,1.134
65.23295903205872,-0.106,-0.223,-1.107,1.134
65.23303008079529,-0.106,-0.223,-1.107,1.134
65.23309993743896,-0.106,-0.223,-1.107,1.134
65.23317098617554,-0.106,-0.223,-1.107,1.134
65.2332410812378,-0.106,-0.223,-1.107,1.134
65.23331212997437,-0.106,-0.223,-1.107,1.134
65.23338222503662,-0.106,-0.223,-1.107,1.134
65.2334520816803,-0.106,-0.223,-1.107,1.134
65.23354911804199,-0.106,-0.223,-1.107,1.134
65.23362016677856,-0.106,-0.223,-1.107,1.134
65.23369121551514,-0.106,-0.223,-1.107,1.134
65.23376107215881,-0.106,-0.223,-1.107,1.134
65.23383092880249,-0.106,-0.223,-1.107,1.134
65.23390197753906,-0.106,-0.223,-1.107,1.134
65.23397207260132,-0.106,-0.223,-1.107,1.134
65.23404312133789,-0.106,-0.223,-1.107,1.134
65.2341160774231,-0.106,-0.223,-1.107,1.134
65.23418807983398,-0.106,-0.223,-1.107,1.134
65.23425817489624,-0.106,-0.223,-1.107,1.134
65.23432922363281,-0.106,-0.223,-1.107,1.134
65.23445224761963,-0.106,-0.223,-1.107,1.134
65.23452615737915,-0.106,-0.223,-1.107,1.134
65.23459815979004,-0.106,-0.223,-1.107,1.134
65.23466920852661,-0.106,-0.223,-1.107,1.134
65.23473906517029,-0.106,-0.223,-1.107,1.134
65.23481011390686,-0.106,-0.223,-1.107,1.134
65.23488211631775,-0.106,-0.223,-1.107,1.134
65.23495411872864,-0.106,-0.223,-1.107,1.134
65.23502612113953,-0.106,-0.223,-1.107,1.134
65.2350959777832,-0.106,-0.223,-1.107,1.134
65.23516607284546,-0.106,-0.223,-1.107,1.134
65.23523712158203,-0.146,-0.245,-1.05,1.088
65.2356231212616,-0.146,-0.245,-1.05,1.088
65.23571395874023,-0.146,-0.245,-1.05,1.088
65.23579120635986,-0.146,-0.245,-1.05,1.088
65.23586416244507,-0.146,-0.245,-1.05,1.088
65.23593616485596,-0.146,-0.245,-1.05,1.088
65.23600721359253,-0.146,-0.245,-1.05,1.088
65.23607802391052,-0.146,-0.245,-1.05,1.088
65.23614811897278,-0.146,-0.245,-1.05,1.088
65.23621892929077,-0.146,-0.245,-1.05,1.088
65.23628902435303,-0.146,-0.245,-1.05,1.088
65.2363600730896,-0.146,-0.245,-1.05,1.088
65.23643112182617,-0.146,-0.245,-1.05,1.088
65.23650217056274,-0.146,-0.245,-1.05,1.088
65.23657202720642,-0.146,-0.245,-1.05,1.088
65.236643075943,-0.146,-0.245,-1.05,1.088
65.23671293258667,-0.146,-0.245,-1.05,1.088
65.23678398132324,-0.146,-0.245,-1.05,1.088
65.2368540763855,-0.146,-0.245,-1.05,1.088
65.23692512512207,-0.146,-0.245,-1.05,1.088
65.23699522018433,-0.146,-0.245,-1.05,1.088
65.237065076828,-0.146,-0.245,-1.05,1.088
65.23713612556458,-0.146,-0.245,-1.05,1.088
65.23720598220825,-0.146,-0.245,-1.05,1.088
65.23727607727051,-0.146,-0.245,-1.05,1.088
65.23734712600708,-0.146,-0.245,-1.05,1.088
65.23741722106934,-0.146,-0.245,-1.05,1.088
65.23748707771301,-0.146,-0.245,-1.05,1.088
65.23755812644958,-0.146,-0.245,-1.05,1.088
65.23762798309326,-0.146,-0.245,-1.05,1.088
65.23769903182983,-0.146,-0.245,-1.05,1.088
65.23776912689209,-0.146,-0.245,-1.05,1.088
65.23784303665161,-0.146,-0.245,-1.05,1.088
65.23791313171387,-0.146,-0.245,-1.05,1.088
65.23798322677612,-0.146,-0.245,-1.05,1.088
65.23805403709412,-0.146,-0.245,-1.05,1.088
65.2381238937378,-0.146,-0.245,-1.05,1.088
65.23819494247437,-0.146,-0.245,-1.05,1.088
65.23826503753662,-0.146,-0.245,-1.05,1.088
65.2383360862732,-0.146,-0.245,-1.05,1.088
65.23840618133545,-0.146,-0.245,-1.05,1.088
65.23847603797913,-0.146,-0.245,-1.05,1.088
65.2385470867157,-0.146,-0.245,-1.05,1.088
65.23861694335938,-0.146,-0.245,-1.05,1.088
65.23868703842163,-0.146,-0.245,-1.05,1.088
65.23875713348389,-0.146,-0.245,-1.05,1.088
65.23882722854614,-0.146,-0.245,-1.05,1.088
65.23889803886414,-0.146,-0.245,-1.05,1.088
65.23897004127502,-0.146,-0.245,-1.05,1.088
65.2390398979187,-0.146,-0.245,-1.05,1.088
65.23910999298096,-0.146,-0.245,-1.05,1.088
65.23918104171753,-0.146,-0.245,-1.05,1.088
65.2392520904541,-0.146,-0.245,-1.05,1.088
65.23932218551636,-0.146,-0.245,-1.05,1.088
65.23939323425293,-0.146,-0.245,-1.05,1.088
65.23946189880371,-0.146,-0.245,-1.05,1.088
65.23953294754028,-0.146,-0.245,-1.05,1.088
65.23960399627686,-0.146,-0.245,-1.05,1.088
65.23967409133911,-0.146,-0.245,-1.05,1.088
65.23974418640137,-0.146,-0.245,-1.05,1.088
65.23981523513794,-0.146,-0.245,-1.05,1.088
65.23988509178162,-0.146,-0.245,-1.05,1.088
65.2399549484253,-0.146,-0.245,-1.05,1.088
65.24002599716187,-0.146,-0.245,-1.05,1.088
65.24009609222412,-0.146,-0.245,-1.05,1.088
65.24016618728638,-0.146,-0.245,-1.05,1.088
65.24023723602295,-0.146,-0.245,-1.05,1.088
65.24030709266663,-0.146,-0.245,-1.05,1.088
65.2403769493103,-0.146,-0.245,-1.05,1.088
65.24044799804688,-0.146,-0.245,-1.05,1.088
65.24051809310913,-0.146,-0.245,-1.05,1.088
65.24058723449707,-0.146,-0.245,-1.05,1.088
65.24065804481506,-0.146,-0.245,-1.05,1.088
65.24073004722595,-0.146,-0.245,-1.05,1.088
65.24079990386963,-0.146,-0.245,-1.05,1.088
65.2408709526062,-0.146,-0.245,-1.05,1.088
65.24094104766846,-0.146,-0.245,-1.05,1.088
65.24101209640503,-0.146,-0.245,-1.05,1.088
65.24108219146729,-0.146,-0.245,-1.05,1.088
65.24115324020386,-0.146,-0.245,-1.05,1.088
65.24122190475464,-0.146,-0.245,-1.05,1.088
65.24129295349121,-0.146,-0.245,-1.05,1.088
65.24136304855347,-0.146,-0.245,-1.05,1.088
65.24143314361572,-0.146,-0.245,-1.05,1.088
65.24150323867798,-0.146,-0.245,-1.05,1.088
65.24157309532166,-0.146,-0.245,-1.05,1.088
65.24164390563965,-0.146,-0.245,-1.05,1.088
65.2417140007019,-0.146,-0.245,-1.05,1.088
65.24178504943848,-0.146,-0.245,-1.05,1.088
65.24185514450073,-0.146,-0.245,-1.05,1.088
65.2419261932373,-0.146,-0.245,-1.05,1.088
65.24199604988098,-0.146,-0.245,-1.05,1.088
65.24206590652466,-0.146,-0.245,-1.05,1.088
65.24213695526123,-0.146,-0.245,-1.05,1.088
65.24220705032349,-0.146,-0.245,-1.05,1.088
65.24227714538574,-0.146,-0.245,-1.05,1.088
65.242347240448,-0.146,-0.245,-1.05,1.088
65.24241709709167,-0.146,-0.245,-1.05,1.088
65.24248790740967,-0.146,-0.245,-1.05,1.088
65.24255800247192,-0.146,-0.245,-1.05,1.088
65.24262809753418,-0.146,-0.245,-1.05,1.088
65.24269819259644,-0.146,-0.245,-1.05,1.088
65.24276924133301,-0.146,-0.245,-1.05,1.088
65.24283909797668,-0.146,-0.245,-1.05,1.088
65.24290895462036,-0.146,-0.245,-1.05,1.088
65.24297904968262,-0.146,-0.245,-1.05,1.088
65.24304914474487,-0.146,-0.245,-1.05,1.088
65.24311923980713,-0.146,-0.245,-1.05,1.088
65.2431890964508,-0.146,-0.245,-1.05,1.088
65.24325895309448,-0.146,-0.245,-1.05,1.088
65.24332904815674,-0.146,-0.245,-1.05,1.088
65.24339818954468,-0.146,-0.245,-1.05,1.088
65.24346804618835,-0.146,-0.245,-1.05,1.088
65.24353790283203,-0.146,-0.245,-1.05,1.088
65.24360799789429,-0.146,-0.245,-1.05,1.088
65.24367094039917,-0.146,-0.245,-1.05,1.088
65.24373006820679,-0.146,-0.245,-1.05,1.088
65.24379014968872,-0.146,-0.245,-1.05,1.088
65.24385023117065,-0.146,-0.245,-1.05,1.088
65.24390912055969,-0.146,-0.245,-1.05,1.088
65.24396896362305,-0.146,-0.245,-1.05,1.088
65.24402904510498,-0.146,-0.245,-1.05,1.088
65.24408912658691,-0.146,-0.245,-1.05,1.088
65.24414801597595,-0.146,-0.245,-1.05,1.088
65.24420809745789,-0.146,-0.245,-1.05,1.088
65.24426794052124,-0.146,-0.245,-1.05,1.088
65.24432802200317,-0.146,-0.245,-1.05,1.088
65.24438905715942,-0.146,-0.245,-1.05,1.088
65.24444818496704,-0.146,-0.245,-1.05,1.088
65.24450922012329,-0.146,-0.245,-1.05,1.088
65.24456810951233,-0.146,-0.245,-1.05,1.088
65.24462795257568,-0.146,-0.245,-1.05,1.088
65.24468994140625,-0.146,-0.245,-1.05,1.088
65.24475002288818,-0.146,-0.245,-1.05,1.088
65.24481010437012,-0.146,-0.245,-1.05,1.088
65.24487018585205,-0.146,-0.245,-1.05,1.088
65.2449300289154,-0.146,-0.245,-1.05,1.088
65.24499011039734,-0.159,-0.305,-1.01,1.067
65.24515199661255,-0.159,-0.305,-1.01,1.067
65.24521589279175,-0.159,-0.305,-1.01,1.067
65.245276927948,-0.159,-0.305,-1.01,1.067
65.24533700942993,-0.159,-0.305,-1.01,1.067
65.24539804458618,-0.159,-0.305,-1.01,1.067
65.24545812606812,-0.159,-0.305,-1.01,1.067
65.24551916122437,-0.159,-0.305,-1.01,1.067
65.2455792427063,-0.159,-0.305,-1.01,1.067
65.24563908576965,-0.159,-0.305,-1.01,1.067
65.2457001209259,-0.159,-0.305,-1.01,1.067
65.24575996398926,-0.159,-0.305,-1.01,1.067
65.24582004547119,-0.159,-0.305,-1.01,1.067
65.24588012695312,-0.159,-0.305,-1.01,1.067
65.24594020843506,-0.159,-0.305,-1.01,1.067
65.24600005149841,-0.159,-0.305,-1.01,1.067
65.24605989456177,-0.159,-0.305,-1.01,1.067
65.2461199760437,-0.159,-0.305,-1.01,1.067
65.24618101119995,-0.159,-0.305,-1.01,1.067
65.24624109268188,-0.159,-0.305,-1.01,1.067
65.24630117416382,-0.159,-0.305,-1.01,1.067
65.24636101722717,-0.159,-0.305,-1.01,1.067
65.2464210987091,-0.159,-0.305,-1.01,1.067
65.24648094177246,-0.159,-0.305,-1.01,1.067
65.2465410232544,-0.159,-0.305,-1.01,1.067
65.24660110473633,-0.159,-0.305,-1.01,1.067
65.24666213989258,-0.159,-0.305,-1.01,1.067
65.24672222137451,-0.159,-0.305,-1.01,1.067
65.24678206443787,-0.159,-0.305,-1.01,1.067
65.24684190750122,-0.159,-0.305,-1.01,1.067
65.24690103530884,-0.159,-0.305,-1.01,1.067
65.24696111679077,-0.159,-0.305,-1.01,1.067
65.2470211982727,-0.159,-0.305,-1.01,1.067
65.24708104133606,-0.159,-0.305,-1.01,1.067
65.247141122818,-0.159,-0.305,-1.01,1.067
65.24720001220703,-0.159,-0.305,-1.01,1.067
65.24726009368896,-0.159,-0.305,-1.01,1.067
65.2473201751709,-0.159,-0.305,-1.01,1.067
65.24737906455994,-0.159,-0.305,-1.01,1.067
65.24743890762329,-0.159,-0.305,-1.01,1.067
65.24749898910522,-0.159,-0.305,-1.01,1.067
65.24755811691284,-0.159,-0.305,-1.01,1.067
65.24761819839478,-0.159,-0.305,-1.01,1.067
65.24767708778381,-0.159,-0.305,-1.01,1.067
65.24773693084717,-0.159,-0.305,-1.01,1.067
65.24780011177063,-0.159,-0.305,-1.01,1.067
65.24785995483398,-0.159,-0.305,-1.01,1.067
65.24792003631592,-0.159,-0.305,-1.01,1.067
65.24798011779785,-0.159,-0.305,-1.01,1.067
65.24803924560547,-0.159,-0.305,-1.01,1.067
65.24809908866882,-0.159,-0.305,-1.01,1.067
65.24819612503052,-0.159,-0.305,-1.01,1.067
65.24825620651245,-0.159,-0.305,-1.01,1.067
65.2483160495758,-0.159,-0.305,-1.01,1.067
65.24837589263916,-0.159,-0.305,-1.01,1.067
65.24843502044678,-0.159,-0.305,-1.01,1.067
65.24849510192871,-0.159,-0.305,-1.01,1.067
65.24855422973633,-0.159,-0.305,-1.01,1.067
65.24861407279968,-0.159,-0.305,-1.01,1.067
65.24867391586304,-0.159,-0.305,-1.01,1.067
65.24873399734497,-0.159,-0.305,-1.01,1.067
65.2487940788269,-0.159,-0.305,-1.01,1.067
65.24885320663452,-0.159,-0.305,-1.01,1.067
65.24891209602356,-0.159,-0.305,-1.01,1.067
65.24897193908691,-0.159,-0.305,-1.01,1.067
65.24903202056885,-0.159,-0.305,-1.01,1.067
65.24909114837646,-0.159,-0.305,-1.01,1.067
65.2491512298584,-0.159,-0.305,-1.01,1.067
65.24921107292175,-0.159,-0.305,-1.01,1.067
65.24927091598511,-0.159,-0.305,-1.01,1.067
65.24933004379272,-0.159,-0.305,-1.01,1.067
65.24938917160034,-0.159,-0.305,-1.01,1.067
65.2494490146637,-0.159,-0.305,-1.01,1.067
65.24950790405273,-0.159,-0.305,-1.01,1.067
65.24956798553467,-0.159,-0.305,-1.01,1.067
65.2496280670166,-0.159,-0.305,-1.01,1.067
65.24968719482422,-0.159,-0.305,-1.01,1.067
65.24974608421326,-0.159,-0.305,-1.01,1.067
65.24980592727661,-0.159,-0.305,-1.01,1.067
65.24986505508423,-0.159,-0.305,-1.01,1.067
65.24993324279785,-0.159,-0.305,-1.01,1.067
65.25000524520874,-0.159,-0.305,-1.01,1.067
65.2500650882721,-0.159,-0.305,-1.01,1.067
65.25012493133545,-0.159,-0.305,-1.01,1.067
65.25018405914307,-0.159,-0.305,-1.01,1.067
65.250244140625,-0.159,-0.305,-1.01,1.067
65.25030422210693,-0.159,-0.305,-1.01,1.067
65.25036406517029,-0.159,-0.305,-1.01,1.067
65.25042295455933,-0.159,-0.305,-1.01,1.067
65.25048303604126,-0.159,-0.305,-1.01,1.067
65.2505431175232,-0.159,-0.305,-1.01,1.067
65.25060224533081,-0.159,-0.305,-1.01,1.067
65.25066208839417,-0.159,-0.305,-1.01,1.067
65.2507381439209,-0.159,-0.305,-1.01,1.067
65.25080609321594,-0.159,-0.305,-1.01,1.067
65.25086712837219,-0.159,-0.305,-1.01,1.067
65.25092601776123,-0.159,-0.305,-1.01,1.067
65.25098609924316,-0.159,-0.305,-1.01,1.067
65.2510461807251,-0.159,-0.305,-1.01,1.067
65.25110602378845,-0.159,-0.305,-1.01,1.067
65.25116610527039,-0.159,-0.305,-1.01,1.067
65.25122594833374,-0.159,-0.305,-1.01,1.067
65.25128507614136,-0.159,-0.305,-1.01,1.067
65.25134515762329,-0.159,-0.305,-1.01,1.067
65.25140523910522,-0.159,-0.305,-1.01,1.067
65.25146412849426,-0.159,-0.305,-1.01,1.067
65.25152397155762,-0.159,-0.305,-1.01,1.067
65.25158405303955,-0.159,-0.305,-1.01,1.067
65.25164413452148,-0.159,-0.305,-1.01,1.067
65.25170302391052,-0.159,-0.305,-1.01,1.067
65.25176310539246,-0.159,-0.305,-1.01,1.067
65.25182294845581,-0.159,-0.305,-1.01,1.067
65.25188207626343,-0.159,-0.305,-1.01,1.067
65.25194215774536,-0.159,-0.305,-1.01,1.067
65.2520010471344,-0.159,-0.305,-1.01,1.067
65.25206112861633,-0.159,-0.305,-1.01,1.067
65.25212001800537,-0.159,-0.305,-1.01,1.067
65.2521800994873,-0.159,-0.305,-1.01,1.067
65.25224018096924,-0.159,-0.305,-1.01,1.067
65.25229907035828,-0.159,-0.305,-1.01,1.067
65.25235795974731,-0.159,-0.305,-1.01,1.067
65.25241804122925,-0.159,-0.305,-1.01,1.067
65.25247812271118,-0.159,-0.305,-1.01,1.067
65.25253820419312,-0.159,-0.305,-1.01,1.067
65.25259709358215,-0.159,-0.305,-1.01,1.067
65.25265693664551,-0.159,-0.305,-1.01,1.067
65.25271606445312,-0.159,-0.305,-1.01,1.067
65.25277614593506,-0.159,-0.305,-1.01,1.067
65.2528350353241,-0.159,-0.305,-1.01,1.067
65.25289511680603,-0.159,-0.305,-1.01,1.067
65.2529559135437,-0.159,-0.305,-1.01,1.067
65.25301599502563,-0.159,-0.305,-1.01,1.067
65.25307703018188,-0.159,-0.305,-1.01,1.067
65.2531361579895,-0.159,-0.305,-1.01,1.067
65.25319719314575,-0.159,-0.305,-1.01,1.067
65.25325608253479,-0.159,-0.305,-1.01,1.067
65.25331592559814,-0.159,-0.305,-1.01,1.067
65.25337600708008,-0.159,-0.305,-1.01,1.067
65.2534351348877,-0.159,-0.305,-1.01,1.067
65.25349521636963,-0.159,-0.305,-1.01,1.067
65.25355505943298,-0.159,-0.305,-1.01,1.067
65.25361490249634,-0.159,-0.305,-1.01,1.067
65.2536690235138,-0.159,-0.305,-1.01,1.067
65.25372409820557,-0.159,-0.305,-1.01,1.067
65.25377798080444,-0.159,-0.305,-1.01,1.067
65.2538321018219,-0.159,-0.305,-1.01,1.067
65.25388717651367,-0.159,-0.305,-1.01,1.067
65.25394821166992,-0.159,-0.305,-1.01,1.067
65.25405693054199,-0.159,-0.305,-1.01,1.067
65.25412321090698,-0.159,-0.305,-1.01,1.067
65.25418305397034,-0.159,-0.305,-1.01,1.067
65.25424098968506,-0.159,-0.305,-1.01,1.067
65.2549729347229,-0.147,-0.299,-1.096,1.146
65.25503206253052,-0.147,-0.299,-1.096,1.146
65.2550880908966,-0.147,-0.299,-1.096,1.146
65.25514507293701,-0.147,-0.299,-1.096,1.146
65.25520205497742,-0.147,-0.299,-1.096,1.146
65.2552580833435,-0.147,-0.299,-1.096,1.146
65.25531506538391,-0.147,-0.299,-1.096,1.146
65.25537109375,-0.147,-0.299,-1.096,1.146
65.25542712211609,-0.147,-0.299,-1.096,1.146
65.25548315048218,-0.147,-0.299,-1.096,1.146
65.255539894104,-0.147,-0.299,-1.096,1.146
65.25559711456299,-0.147,-0.299,-1.096,1.146
65.25565195083618,-0.147,-0.299,-1.096,1.146
65.25570702552795,-0.147,-0.299,-1.096,1.146
65.25576210021973,-0.147,-0.299,-1.096,1.146
65.2558159828186,-0.147,-0.299,-1.096,1.146
65.25587010383606,-0.147,-0.299,-1.096,1.146
65.25592517852783,-0.147,-0.299,-1.096,1.146
65.25597906112671,-0.147,-0.299,-1.096,1.146
65.2560338973999,-0.147,-0.299,-1.096,1.146
65.25608801841736,-0.147,-0.299,-1.096,1.146
65.25614309310913,-0.147,-0.299,-1.096,1.146
65.25619697570801,-0.147,-0.299,-1.096,1.146
65.25625109672546,-0.147,-0.299,-1.096,1.146
65.25630617141724,-0.147,-0.299,-1.096,1.146
65.25636005401611,-0.147,-0.299,-1.096,1.146
65.25641393661499,-0.147,-0.299,-1.096,1.146
65.25646805763245,-0.147,-0.299,-1.096,1.146
65.2565221786499,-0.147,-0.299,-1.096,1.146
65.25657606124878,-0.147,-0.299,-1.096,1.146
65.25663089752197,-0.147,-0.299,-1.096,1.146
65.25668501853943,-0.147,-0.299,-1.096,1.146
65.25673913955688,-0.147,-0.299,-1.096,1.146
65.25679397583008,-0.147,-0.299,-1.096,1.146
65.25684809684753,-0.147,-0.299,-1.096,1.146
65.25690221786499,-0.147,-0.299,-1.096,1.146
65.25695610046387,-0.147,-0.299,-1.096,1.146
65.25700998306274,-0.147,-0.299,-1.096,1.146
65.2570641040802,-0.147,-0.299,-1.096,1.146
65.25711822509766,-0.147,-0.299,-1.096,1.146
65.25717210769653,-0.147,-0.299,-1.096,1.146
65.25722599029541,-0.147,-0.299,-1.096,1.146
65.25728011131287,-0.147,-0.299,-1.096,1.146
65.25733423233032,-0.147,-0.299,-1.096,1.146
65.2573881149292,-0.147,-0.299,-1.096,1.146
65.25744295120239,-0.147,-0.299,-1.096,1.146
65.25749707221985,-0.147,-0.299,-1.096,1.146
65.2575511932373,-0.147,-0.299,-1.096,1.146
65.2576060295105,-0.147,-0.299,-1.096,1.146
65.25765991210938,-0.147,-0.299,-1.096,1.146
65.25771403312683,-0.147,-0.299,-1.096,1.146
65.25776815414429,-0.147,-0.299,-1.096,1.146
65.25782203674316,-0.147,-0.299,-1.096,1.146
65.25787591934204,-0.147,-0.299,-1.096,1.146
65.2579300403595,-0.147,-0.299,-1.096,1.146
65.25798511505127,-0.147,-0.299,-1.096,1.146
65.25803899765015,-0.147,-0.299,-1.096,1.146
65.2580931186676,-0.147,-0.299,-1.096,1.146
65.25814723968506,-0.147,-0.299,-1.096,1.146
65.25820207595825,-0.147,-0.299,-1.096,1.146
65.25825595855713,-0.147,-0.299,-1.096,1.146
65.25831007957458,-0.147,-0.299,-1.096,1.146
65.25836420059204,-0.147,-0.299,-1.096,1.146
65.25841808319092,-0.147,-0.299,-1.096,1.146
65.2584719657898,-0.147,-0.299,-1.096,1.146
65.25852489471436,-0.147,-0.299,-1.096,1.146
65.25857901573181,-0.147,-0.299,-1.096,1.146
65.25863409042358,-0.147,-0.299,-1.096,1.146
65.25868797302246,-0.147,-0.299,-1.096,1.146
65.25874209403992,-0.147,-0.299,-1.096,1.146
65.25882816314697,-0.147,-0.299,-1.096,1.146
65.25888299942017,-0.147,-0.299,-1.096,1.146
65.25894689559937,-0.147,-0.299,-1.096,1.146
65.25900793075562,-0.147,-0.299,-1.096,1.146
65.25906324386597,-0.147,-0.299,-1.096,1.146
65.25911712646484,-0.147,-0.299,-1.096,1.146
65.25917100906372,-0.147,-0.299,-1.096,1.146
65.2592260837555,-0.147,-0.299,-1.096,1.146
65.25928020477295,-0.147,-0.299,-1.096,1.146
65.25933313369751,-0.147,-0.299,-1.096,1.146
65.2593879699707,-0.147,-0.299,-1.096,1.146
65.25944209098816,-0.147,-0.299,-1.096,1.146
65.25949621200562,-0.147,-0.299,-1.096,1.146
65.25955009460449,-0.147,-0.299,-1.096,1.146
65.25960397720337,-0.147,-0.299,-1.096,1.146
65.25965809822083,-0.147,-0.299,-1.096,1.146
65.25971221923828,-0.147,-0.299,-1.096,1.146
65.25976610183716,-0.147,-0.299,-1.096,1.146
65.25981998443604,-0.147,-0.299,-1.096,1.146
65.25987410545349,-0.147,-0.299,-1.096,1.146
65.25992822647095,-0.147,-0.299,-1.096,1.146
65.25998210906982,-0.147,-0.299,-1.096,1.146
65.2600359916687,-0.147,-0.299,-1.096,1.146
65.26009011268616,-0.147,-0.299,-1.096,1.146
65.26014423370361,-0.147,-0.299,-1.096,1.146
65.26019811630249,-0.147,-0.299,-1.096,1.146
65.26025199890137,-0.147,-0.299,-1.096,1.146
65.26030611991882,-0.147,-0.299,-1.096,1.146
65.26036024093628,-0.147,-0.299,-1.096,1.146
65.26041412353516,-0.147,-0.299,-1.096,1.146
65.26046800613403,-0.147,-0.299,-1.096,1.146
65.26052212715149,-0.147,-0.299,-1.096,1.146
65.26057624816895,-0.147,-0.299,-1.096,1.146
65.26063013076782,-0.147,-0.299,-1.096,1.146
65.2606840133667,-0.147,-0.299,-1.096,1.146
65.26073789596558,-0.147,-0.299,-1.096,1.146
65.26079320907593,-0.147,-0.299,-1.096,1.146
65.2608470916748,-0.147,-0.299,-1.096,1.146
65.26090097427368,-0.147,-0.299,-1.096,1.146
65.26095509529114,-0.147,-0.299,-1.096,1.146
65.2610092163086,-0.147,-0.299,-1.096,1.146
65.26106309890747,-0.147,-0.299,-1.096,1.146
65.26111698150635,-0.147,-0.299,-1.096,1.146
65.2611711025238,-0.147,-0.299,-1.096,1.146
65.26122522354126,-0.147,-0.299,-1.096,1.146
65.26127910614014,-0.147,-0.299,-1.096,1.146
65.2613320350647,-0.147,-0.299,-1.096,1.146
65.26138591766357,-0.147,-0.299,-1.096,1.146
65.26144003868103,-0.147,-0.299,-1.096,1.146
65.26149415969849,-0.147,-0.299,-1.096,1.146
65.26154804229736,-0.147,-0.299,-1.096,1.146
65.26160311698914,-0.147,-0.299,-1.096,1.146
65.26165723800659,-0.147,-0.299,-1.096,1.146
65.26170802116394,-0.147,-0.299,-1.096,1.146
65.26175808906555,-0.147,-0.299,-1.096,1.146
65.26180791854858,-0.147,-0.299,-1.096,1.146
65.2618579864502,-0.147,-0.299,-1.096,1.146
65.2619080543518,-0.147,-0.299,-1.096,1.146
65.26195812225342,-0.147,-0.299,-1.096,1.146
65.26200819015503,-0.147,-0.299,-1.096,1.146
65.26205801963806,-0.147,-0.299,-1.096,1.146
65.26210808753967,-0.147,-0.299,-1.096,1.146
65.2621579170227,-0.147,-0.299,-1.096,1.146
65.26220798492432,-0.147,-0.299,-1.096,1.146
65.26225805282593,-0.147,-0.299,-1.096,1.146
65.26230907440186,-0.147,-0.299,-1.096,1.146
65.26235914230347,-0.147,-0.299,-1.096,1.146
65.26240921020508,-0.147,-0.299,-1.096,1.146
65.262460231781,-0.147,-0.299,-1.096,1.146
65.26251006126404,-0.147,-0.299,-1.096,1.146
65.26255989074707,-0.147,-0.299,-1.096,1.146
65.26260995864868,-0.147,-0.299,-1.096,1.146
65.26266098022461,-0.147,-0.299,-1.096,1.146
65.26271104812622,-0.147,-0.299,-1.096,1.146
65.26276111602783,-0.147,-0.299,-1.096,1.146
65.26281213760376,-0.147,-0.299,-1.096,1.146
65.26286220550537,-0.147,-0.299,-1.096,1.146
65.2629120349884,-0.147,-0.299,-1.096,1.146
65.26296210289001,-0.147,-0.299,-1.096,1.146
65.26301312446594,-0.147,-0.299,-1.096,1.146
65.26306295394897,-0.147,-0.299,-1.096,1.146
65.26311302185059,-0.147,-0.299,-1.096,1.146
65.26316404342651,-0.147,-0.299,-1.096,1.146
65.26321411132812,-0.147,-0.299,-1.096,1.146
65.26326417922974,-0.147,-0.299,-1.096,1.146
65.26331520080566,-0.147,-0.299,-1.096,1.146
65.2633650302887,-0.147,-0.299,-1.096,1.146
65.26341509819031,-0.147,-0.299,-1.096,1.146
65.26346492767334,-0.147,-0.299,-1.096,1.146
65.26351499557495,-0.147,-0.299,-1.096,1.146
65.26356792449951,-0.147,-0.299,-1.096,1.146
65.26361799240112,-0.147,-0.299,-1.096,1.146
65.26366710662842,-0.147,-0.299,-1.096,1.146
65.26371812820435,-0.147,-0.299,-1.096,1.146
65.26376914978027,-0.147,-0.299,-1.096,1.146
65.26382303237915,-0.147,-0.299,-1.096,1.146
65.26387310028076,-0.147,-0.299,-1.096,1.146
65.26392412185669,-0.147,-0.299,-1.096,1.146
65.26397895812988,-0.147,-0.299,-1.096,1.146
65.2640290260315,-0.147,-0.299,-1.096,1.146
65.26408004760742,-0.147,-0.299,-1.096,1.146
65.26413011550903,-0.147,-0.299,-1.096,1.146
65.26418924331665,-0.147,-0.299,-1.096,1.146
65.264240026474,-0.147,-0.299,-1.096,1.146
65.26429009437561,-0.147,-0.299,-1.096,1.146
65.26433992385864,-0.147,-0.299,-1.096,1.146
65.26438999176025,-0.147,-0.299,-1.096,1.146
65.26444005966187,-0.147,-0.299,-1.096,1.146
65.26449012756348,-0.147,-0.299,-1.096,1.146
65.26454019546509,-0.147,-0.299,-1.096,1.146
65.26459002494812,-0.147,-0.299,-1.096,1.146
65.26464009284973,-0.147,-0.299,-1.096,1.146
65.26469206809998,-0.117,-0.252,-1.165,1.198
65.26483201980591,-0.117,-0.252,-1.165,1.198
65.26488399505615,-0.117,-0.252,-1.165,1.198
65.26493501663208,-0.117,-0.252,-1.165,1.198
65.26498889923096,-0.117,-0.252,-1.165,1.198
65.26503896713257,-0.117,-0.252,-1.165,1.198
65.26508903503418,-0.117,-0.252,-1.165,1.198
65.26513910293579,-0.117,-0.252,-1.165,1.198
65.2651891708374,-0.117,-0.252,-1.165,1.198
65.26523923873901,-0.117,-0.252,-1.165,1.198
65.26529002189636,-0.117,-0.252,-1.165,1.198
65.26534008979797,-0.117,-0.252,-1.165,1.198
65.265389919281,-0.117,-0.252,-1.165,1.198
65.26543998718262,-0.117,-0.252,-1.165,1.198
65.26549100875854,-0.117,-0.252,-1.165,1.198
65.26554012298584,-0.117,-0.252,-1.165,1.198
65.26559209823608,-0.117,-0.252,-1.165,1.198
65.26564002037048,-0.117,-0.252,-1.165,1.198
65.2656888961792,-0.117,-0.252,-1.165,1.198
65.26573705673218,-0.117,-0.252,-1.165,1.198
65.26578617095947,-0.117,-0.252,-1.165,1.198
65.26583409309387,-0.117,-0.252,-1.165,1.198
65.26588296890259,-0.117,-0.252,-1.165,1.198
65.26593112945557,-0.117,-0.252,-1.165,1.198
65.26598501205444,-0.117,-0.252,-1.165,1.198
65.26603603363037,-0.117,-0.252,-1.165,1.198
65.26608610153198,-0.117,-0.252,-1.165,1.198
65.26613712310791,-0.117,-0.252,-1.165,1.198
65.2661862373352,-0.117,-0.252,-1.165,1.198
65.26623392105103,-0.117,-0.252,-1.165,1.198
65.26628303527832,-0.117,-0.252,-1.165,1.198
65.2663311958313,-0.117,-0.252,-1.165,1.198
65.26638007164001,-0.117,-0.252,-1.165,1.198
65.26642799377441,-0.117,-0.252,-1.165,1.198
65.26647710800171,-0.117,-0.252,-1.165,1.198
65.26652503013611,-0.117,-0.252,-1.165,1.198
65.26657295227051,-0.117,-0.252,-1.165,1.198
65.26663112640381,-0.117,-0.252,-1.165,1.198
65.2666802406311,-0.117,-0.252,-1.165,1.198
65.26672911643982,-0.117,-0.252,-1.165,1.198
65.26677703857422,-0.117,-0.252,-1.165,1.198
65.26682615280151,-0.117,-0.252,-1.165,1.198
65.26688408851624,-0.117,-0.252,-1.165,1.198
65.26693511009216,-0.117,-0.252,-1.165,1.198
65.26698398590088,-0.117,-0.252,-1.165,1.198
65.26703214645386,-0.117,-0.252,-1.165,1.198
65.26708102226257,-0.117,-0.252,-1.165,1.198
65.26712894439697,-0.117,-0.252,-1.165,1.198
65.26717805862427,-0.117,-0.252,-1.165,1.198
65.26722621917725,-0.117,-0.252,-1.165,1.198
65.26727509498596,-0.117,-0.252,-1.165,1.198
65.26732301712036,-0.117,-0.252,-1.165,1.198
65.26737213134766,-0.117,-0.252,-1.165,1.198
65.26742124557495,-0.117,-0.252,-1.165,1.198
65.26746892929077,-0.117,-0.252,-1.165,1.198
65.26752424240112,-0.117,-0.252,-1.165,1.198
65.26757311820984,-0.117,-0.252,-1.165,1.198
65.26762390136719,-0.117,-0.252,-1.165,1.198
65.26767611503601,-0.117,-0.252,-1.165,1.198
65.26772403717041,-0.117,-0.252,-1.165,1.198
65.26780891418457,-0.117,-0.252,-1.165,1.198
65.26785898208618,-0.117,-0.252,-1.165,1.198
65.26790809631348,-0.117,-0.252,-1.165,1.198
65.26795721054077,-0.117,-0.252,-1.165,1.198
65.26800608634949,-0.117,-0.252,-1.165,1.198
65.2680549621582,-0.117,-0.252,-1.165,1.198
65.2681040763855,-0.117,-0.252,-1.165,1.198
65.2681531906128,-0.117,-0.252,-1.165,1.198
65.26820111274719,-0.117,-0.252,-1.165,1.198
65.26824998855591,-0.117,-0.252,-1.165,1.198
65.26829814910889,-0.117,-0.252,-1.165,1.198
65.2683470249176,-0.117,-0.252,-1.165,1.198
65.268394947052,-0.117,-0.252,-1.165,1.198
65.2684440612793,-0.117,-0.252,-1.165,1.198
65.26849222183228,-0.117,-0.252,-1.165,1.198
65.26854109764099,-0.117,-0.252,-1.165,1.198
65.26858901977539,-0.117,-0.252,-1.165,1.198
65.26863813400269,-0.117,-0.252,-1.165,1.198
65.26868605613708,-0.117,-0.252,-1.165,1.198
65.26873397827148,-0.117,-0.252,-1.165,1.198
65.26878309249878,-0.117,-0.252,-1.165,1.198
65.26883101463318,-0.117,-0.252,-1.165,1.198
65.26887893676758,-0.117,-0.252,-1.165,1.198
65.26892805099487,-0.117,-0.252,-1.165,1.198
65.2689790725708,-0.117,-0.252,-1.165,1.198
65.26903009414673,-0.117,-0.252,-1.165,1.198
65.26907801628113,-0.117,-0.252,-1.165,1.198
65.26912689208984,-0.117,-0.252,-1.165,1.198
65.26917505264282,-0.117,-0.252,-1.165,1.198
65.2692232131958,-0.117,-0.252,-1.165,1.198
65.26927208900452,-0.117,-0.252,-1.165,1.198
65.26932096481323,-0.117,-0.252,-1.165,1.198
65.26936912536621,-0.117,-0.252,-1.165,1.198
65.2694182395935,-0.117,-0.252,-1.165,1.198
65.26946592330933,-0.117,-0.252,-1.165,1.198
65.26951503753662,-0.117,-0.252,-1.165,1.198
65.2695631980896,-0.117,-0.252,-1.165,1.198
65.26961207389832,-0.117,-0.252,-1.165,1.198
65.26965999603271,-0.117,-0.252,-1.165,1.198
65.2697081565857,-0.117,-0.252,-1.165,1.198
65.26975703239441,-0.117,-0.252,-1.165,1.198
65.26980495452881,-0.117,-0.252,-1.165,1.198
65.26985311508179,-0.117,-0.252,-1.165,1.198
65.26990222930908,-0.117,-0.252,-1.165,1.198
65.2699499130249,-0.117,-0.252,-1.165,1.198
65.26999807357788,-0.117,-0.252,-1.165,1.198
65.27004718780518,-0.117,-0.252,-1.165,1.198
65.27009510993958,-0.117,-0.252,-1.165,1.198
65.27014589309692,-0.117,-0.252,-1.165,1.198
65.27019691467285,-0.117,-0.252,-1.165,1.198
65.27024602890015,-0.117,-0.252,-1.165,1.198
65.27029418945312,-0.117,-0.252,-1.165,1.198
65.27034306526184,-0.117,-0.252,-1.165,1.198
65.27039194107056,-0.117,-0.252,-1.165,1.198
65.27044010162354,-0.117,-0.252,-1.165,1.198
65.27048921585083,-0.117,-0.252,-1.165,1.198
65.27053809165955,-0.117,-0.252,-1.165,1.198
65.27058696746826,-0.117,-0.252,-1.165,1.198
65.27063608169556,-0.117,-0.252,-1.165,1.198
65.27068519592285,-0.117,-0.252,-1.165,1.198
65.27073407173157,-0.117,-0.252,-1.165,1.198
65.27078294754028,-0.117,-0.252,-1.165,1.198
65.27083206176758,-0.117,-0.252,-1.165,1.198
65.27088022232056,-0.117,-0.252,-1.165,1.198
65.27092909812927,-0.117,-0.252,-1.165,1.198
65.27097702026367,-0.117,-0.252,-1.165,1.198
65.27102613449097,-0.117,-0.252,-1.165,1.198
65.2710771560669,-0.117,-0.252,-1.165,1.198
65.27112817764282,-0.117,-0.252,-1.165,1.198
65.27117919921875,-0.117,-0.252,-1.165,1.198
65.27123022079468,-0.117,-0.252,-1.165,1.198
65.2712790966034,-0.117,-0.252,-1.165,1.198
65.27132797241211,-0.117,-0.252,-1.165,1.198
65.27137613296509,-0.117,-0.252,-1.165,1.198
65.27142524719238,-0.117,-0.252,-1.165,1.198
65.2714741230011,-0.117,-0.252,-1.165,1.198
65.2715220451355,-0.117,-0.252,-1.165,1.198
65.2715711593628,-0.117,-0.252,-1.165,1.198
65.27162003517151,-0.117,-0.252,-1.165,1.198
65.27166891098022,-0.117,-0.252,-1.165,1.198
65.2717170715332,-0.117,-0.252,-1.165,1.198
65.2717661857605,-0.117,-0.252,-1.165,1.198
65.2718141078949,-0.117,-0.252,-1.165,1.198
65.27186298370361,-0.117,-0.252,-1.165,1.198
65.27191209793091,-0.117,-0.252,-1.165,1.198
65.27196002006531,-0.117,-0.252,-1.165,1.198
65.27200889587402,-0.117,-0.252,-1.165,1.198
65.27205801010132,-0.117,-0.252,-1.165,1.198
65.2721061706543,-0.117,-0.252,-1.165,1.198
65.27215504646301,-0.117,-0.252,-1.165,1.198
65.27220296859741,-0.117,-0.252,-1.165,1.198
65.2722520828247,-0.117,-0.252,-1.165,1.198
65.27230024337769,-0.117,-0.252,-1.165,1.198
65.2723491191864,-0.117,-0.252,-1.165,1.198
65.27239799499512,-0.117,-0.252,-1.165,1.198
65.27244901657104,-0.117,-0.252,-1.165,1.198
65.27250003814697,-0.117,-0.252,-1.165,1.198
65.27254819869995,-0.117,-0.252,-1.165,1.198
65.27259707450867,-0.117,-0.252,-1.165,1.198
65.27264595031738,-0.117,-0.252,-1.165,1.198
65.27269411087036,-0.117,-0.252,-1.165,1.198
65.27274322509766,-0.117,-0.252,-1.165,1.198
65.27279090881348,-0.117,-0.252,-1.165,1.198
65.27284002304077,-0.117,-0.252,-1.165,1.198
65.27288818359375,-0.117,-0.252,-1.165,1.198
65.27293705940247,-0.117,-0.252,-1.165,1.198
65.27298498153687,-0.117,-0.252,-1.165,1.198
65.27303409576416,-0.117,-0.252,-1.165,1.198
65.27308320999146,-0.117,-0.252,-1.165,1.198
65.27313089370728,-0.117,-0.252,-1.165,1.198
65.27318000793457,-0.117,-0.252,-1.165,1.198
65.27322912216187,-0.117,-0.252,-1.165,1.198
65.27327823638916,-0.117,-0.252,-1.165,1.198
65.27332592010498,-0.117,-0.252,-1.165,1.198
65.27337503433228,-0.117,-0.252,-1.165,1.198
65.27342414855957,-0.117,-0.252,-1.165,1.198
65.27347207069397,-0.117,-0.252,-1.165,1.198
65.27352094650269,-0.117,-0.252,-1.165,1.198
65.27357006072998,-0.117,-0.252,-1.165,1.198
65.27361917495728,-0.117,-0.252,-1.165,1.198
65.27366709709167,-0.117,-0.252,-1.165,1.198
65.27371597290039,-0.117,-0.252,-1.165,1.198
65.27376413345337,-0.117,-0.252,-1.165,1.198
65.27381324768066,-0.117,-0.252,-1.165,1.198
65.27386403083801,-0.117,-0.252,-1.165,1.198
65.27391290664673,-0.117,-0.252,-1.165,1.198
65.27396202087402,-0.117,-0.252,-1.165,1.198
65.274010181427,-0.117,-0.252,-1.165,1.198
65.27405905723572,-0.117,-0.252,-1.165,1.198
65.27410697937012,-0.117,-0.252,-1.165,1.198
65.2741551399231,-0.117,-0.252,-1.165,1.198
65.27420401573181,-0.117,-0.252,-1.165,1.198
65.27425193786621,-0.117,-0.252,-1.165,1.198
65.2743010520935,-0.117,-0.252,-1.165,1.198
65.27434921264648,-0.117,-0.252,-1.165,1.198
65.2743980884552,-0.117,-0.252,-1.165,1.198
65.2744460105896,-0.117,-0.252,-1.165,1.198
65.27449417114258,-0.117,-0.252,-1.165,1.198
65.27454614639282,-0.117,-0.252,-1.165,1.198
65.27459716796875,-0.117,-0.252,-1.165,1.198
65.27464509010315,-0.117,-0.252,-1.165,1.198
65.27469396591187,-0.117,-0.252,-1.165,1.198
65.2747449874878,-0.117,-0.252,-1.165,1.198
65.2747950553894,-0.122,-0.233,-1.162,1.191
65.27492904663086,-0.122,-0.233,-1.162,1.191
65.27498006820679,-0.122,-0.233,-1.162,1.191
65.27502918243408,-0.122,-0.233,-1.162,1.191
65.2750780582428,-0.122,-0.233,-1.162,1.191
65.27512693405151,-0.122,-0.233,-1.162,1.191
65.27517509460449,-0.122,-0.233,-1.162,1.191
65.27522897720337,-0.122,-0.233,-1.162,1.191
65.27527904510498,-0.122,-0.233,-1.162,1.191
65.27532911300659,-0.122,-0.233,-1.162,1.191
65.27537822723389,-0.122,-0.233,-1.162,1.191
65.2754259109497,-0.122,-0.233,-1.162,1.191
65.275475025177,-0.122,-0.233,-1.162,1.191
65.2755241394043,-0.122,-0.233,-1.162,1.191
65.2755720615387,-0.122,-0.233,-1.162,1.191
65.27562093734741,-0.122,-0.233,-1.162,1.191
65.2756700515747,-0.122,-0.233,-1.162,1.191
65.27571821212769,-0.122,-0.233,-1.162,1.191
65.2757670879364,-0.122,-0.233,-1.162,1.191
65.2758150100708,-0.122,-0.233,-1.162,1.191
65.2758641242981,-0.122,-0.233,-1.162,1.191
65.2759120464325,-0.122,-0.233,-1.162,1.191
65.27596092224121,-0.122,-0.233,-1.162,1.191
65.27600908279419,-0.122,-0.233,-1.162,1.191
65.27605819702148,-0.122,-0.233,-1.162,1.191
65.27610611915588,-0.122,-0.233,-1.162,1.191
65.2761549949646,-0.122,-0.233,-1.162,1.191
65.27620315551758,-0.122,-0.233,-1.162,1.191
65.2762520313263,-0.122,-0.233,-1.162,1.191
65.27630090713501,-0.122,-0.233,-1.162,1.191
65.27634906768799,-0.122,-0.233,-1.162,1.191
65.27639818191528,-0.122,-0.233,-1.162,1.191
65.27644610404968,-0.122,-0.233,-1.162,1.191
65.2764949798584,-0.122,-0.233,-1.162,1.191
65.27654314041138,-0.122,-0.233,-1.162,1.191
65.27659201622009,-0.122,-0.233,-1.162,1.191
65.27664089202881,-0.122,-0.233,-1.162,1.191
65.27668905258179,-0.122,-0.233,-1.162,1.191
65.27673816680908,-0.122,-0.233,-1.162,1.191
65.2767870426178,-0.122,-0.233,-1.162,1.191
65.2768611907959,-0.122,-0.233,-1.162,1.191
65.27691221237183,-0.122,-0.233,-1.162,1.191
65.27695989608765,-0.122,-0.233,-1.162,1.191
65.27700901031494,-0.122,-0.233,-1.162,1.191
65.27705717086792,-0.122,-0.233,-1.162,1.191
65.27710819244385,-0.122,-0.233,-1.162,1.191
65.27716016769409,-0.122,-0.233,-1.162,1.191
65.27720808982849,-0.122,-0.233,-1.162,1.191
65.2772569656372,-0.122,-0.233,-1.162,1.191
65.2773060798645,-0.122,-0.233,-1.162,1.191
65.2773551940918,-0.122,-0.233,-1.162,1.191
65.2774031162262,-0.122,-0.233,-1.162,1.191
65.27745199203491,-0.122,-0.233,-1.162,1.191
65.27750015258789,-0.122,-0.233,-1.162,1.191
65.2775490283966,-0.122,-0.233,-1.162,1.191
65.277596950531,-0.122,-0.233,-1.162,1.191
65.2776460647583,-0.122,-0.233,-1.162,1.191
65.2776951789856,-0.122,-0.233,-1.162,1.191
65.27774310112,-0.122,-0.233,-1.162,1.191
65.27779412269592,-0.122,-0.233,-1.162,1.191
65.27784299850464,-0.122,-0.233,-1.162,1.191
65.27789211273193,-0.122,-0.233,-1.162,1.191
65.27794122695923,-0.122,-0.233,-1.162,1.191
65.27798891067505,-0.122,-0.233,-1.162,1.191
65.27803802490234,-0.122,-0.233,-1.162,1.191
65.27808713912964,-0.122,-0.233,-1.162,1.191
65.27813601493835,-0.122,-0.233,-1.162,1.191
65.27818393707275,-0.122,-0.233,-1.162,1.191
65.27823305130005,-0.122,-0.233,-1.162,1.191
65.27828216552734,-0.122,-0.233,-1.162,1.191
65.27833008766174,-0.122,-0.233,-1.162,1.191
65.27837896347046,-0.122,-0.233,-1.162,1.191
65.27842807769775,-0.122,-0.233,-1.162,1.191
65.27847719192505,-0.122,-0.233,-1.162,1.191
65.27852511405945,-0.122,-0.233,-1.162,1.191
65.27857398986816,-0.122,-0.233,-1.162,1.191
65.27862215042114,-0.122,-0.233,-1.162,1.191
65.27867102622986,-0.122,-0.233,-1.162,1.191
65.27871894836426,-0.122,-0.233,-1.162,1.191
65.2787709236145,-0.122,-0.233,-1.162,1.191
65.27882099151611,-0.122,-0.233,-1.162,1.191
65.27887010574341,-0.122,-0.233,-1.162,1.191
65.27892017364502,-0.122,-0.233,-1.162,1.191
65.27897024154663,-0.122,-0.233,-1.162,1.191
65.27902007102966,-0.122,-0.233,-1.162,1.191
65.2790699005127,-0.122,-0.233,-1.162,1.191
65.2791199684143,-0.122,-0.233,-1.162,1.191
65.27917098999023,-0.122,-0.233,-1.162,1.191
65.2792239189148,-0.122,-0.233,-1.162,1.191
65.2792739868164,-0.122,-0.233,-1.162,1.191
65.27932500839233,-0.122,-0.233,-1.162,1.191
65.27937602996826,-0.122,-0.233,-1.162,1.191
65.2794280052185,-0.122,-0.233,-1.162,1.191
65.2794771194458,-0.122,-0.233,-1.162,1.191
65.2795262336731,-0.122,-0.233,-1.162,1.191
65.27957510948181,-0.122,-0.233,-1.162,1.191
65.27962398529053,-0.122,-0.233,-1.162,1.191
65.2796721458435,-0.122,-0.233,-1.162,1.191
65.27972316741943,-0.122,-0.233,-1.162,1.191
65.27977323532104,-0.122,-0.233,-1.162,1.191
65.27982902526855,-0.122,-0.233,-1.162,1.191
65.27987813949585,-0.122,-0.233,-1.162,1.191
65.27992606163025,-0.122,-0.233,-1.162,1.191
65.27997493743896,-0.122,-0.233,-1.162,1.191
65.28002405166626,-0.122,-0.233,-1.162,1.191
65.28007221221924,-0.122,-0.233,-1.162,1.191
65.28012108802795,-0.122,-0.233,-1.162,1.191
65.28016901016235,-0.122,-0.233,-1.162,1.191
65.28021812438965,-0.122,-0.233,-1.162,1.191
65.28026604652405,-0.122,-0.233,-1.162,1.191
65.28031492233276,-0.122,-0.233,-1.162,1.191
65.28036308288574,-0.122,-0.233,-1.162,1.191
65.28041124343872,-0.122,-0.233,-1.162,1.191
65.28046011924744,-0.122,-0.233,-1.162,1.191
65.28050899505615,-0.122,-0.233,-1.162,1.191
65.28055715560913,-0.122,-0.233,-1.162,1.191
65.28060507774353,-0.122,-0.233,-1.162,1.191
65.28065395355225,-0.122,-0.233,-1.162,1.191
65.28070306777954,-0.122,-0.233,-1.162,1.191
65.28075122833252,-0.122,-0.233,-1.162,1.191
65.28080010414124,-0.122,-0.233,-1.162,1.191
65.28084802627563,-0.122,-0.233,-1.162,1.191
65.28089618682861,-0.122,-0.233,-1.162,1.191
65.28094506263733,-0.122,-0.233,-1.162,1.191
65.28099298477173,-0.122,-0.233,-1.162,1.191
65.28104209899902,-0.122,-0.233,-1.162,1.191
65.28109002113342,-0.122,-0.233,-1.162,1.191
65.28113889694214,-0.122,-0.233,-1.162,1.191
65.28118801116943,-0.122,-0.233,-1.162,1.191
65.28123712539673,-0.122,-0.233,-1.162,1.191
65.28128504753113,-0.122,-0.233,-1.162,1.191
65.28133392333984,-0.122,-0.233,-1.162,1.191
65.28138303756714,-0.122,-0.233,-1.162,1.191
65.28143119812012,-0.122,-0.233,-1.162,1.191
65.28148007392883,-0.122,-0.233,-1.162,1.191
65.28152799606323,-0.122,-0.233,-1.162,1.191
65.28157711029053,-0.122,-0.233,-1.162,1.191
65.28162503242493,-0.122,-0.233,-1.162,1.191
65.28167390823364,-0.122,-0.233,-1.162,1.191
65.28172206878662,-0.122,-0.233,-1.162,1.191
65.28177118301392,-0.122,-0.233,-1.162,1.191
65.28181910514832,-0.122,-0.233,-1.162,1.191
65.28186798095703,-0.122,-0.233,-1.162,1.191
65.28191709518433,-0.122,-0.233,-1.162,1.191
65.28196501731873,-0.122,-0.233,-1.162,1.191
65.28201389312744,-0.122,-0.233,-1.162,1.191
65.28206205368042,-0.122,-0.233,-1.162,1.191
65.28211116790771,-0.122,-0.233,-1.162,1.191
65.28215909004211,-0.122,-0.233,-1.162,1.191
65.28220701217651,-0.122,-0.233,-1.162,1.191
65.28225612640381,-0.122,-0.233,-1.162,1.191
65.28230404853821,-0.122,-0.233,-1.162,1.191
65.28235292434692,-0.122,-0.233,-1.162,1.191
65.2824010848999,-0.122,-0.233,-1.162,1.191
65.2824501991272,-0.122,-0.233,-1.162,1.191
65.2824981212616,-0.122,-0.233,-1.162,1.191
65.28254699707031,-0.122,-0.233,-1.162,1.191
65.28259611129761,-0.122,-0.233,-1.162,1.191
65.282644033432,-0.122,-0.233,-1.162,1.191
65.28269290924072,-0.122,-0.233,-1.162,1.191
65.28274202346802,-0.122,-0.233,-1.162,1.191
65.282790184021,-0.122,-0.233,-1.162,1.191
65.28283905982971,-0.122,-0.233,-1.162,1.191
65.28288698196411,-0.122,-0.233,-1.162,1.191
65.2829360961914,-0.122,-0.233,-1.162,1.191
65.2829840183258,-0.122,-0.233,-1.162,1.191
65.2830319404602,-0.122,-0.233,-1.162,1.191
65.2830810546875,-0.122,-0.233,-1.162,1.191
65.2831301689148,-0.122,-0.233,-1.162,1.191
65.2831780910492,-0.122,-0.233,-1.162,1.191
65.28322696685791,-0.122,-0.233,-1.162,1.191
65.28327512741089,-0.122,-0.233,-1.162,1.191
65.28332424163818,-0.122,-0.233,-1.162,1.191
65.283371925354,-0.122,-0.233,-1.162,1.191
65.2834210395813,-0.122,-0.233,-1.162,1.191
65.2834701538086,-0.122,-0.233,-1.162,1.191
65.28351902961731,-0.122,-0.233,-1.162,1.191
65.28356695175171,-0.122,-0.233,-1.162,1.191
65.283616065979,-0.122,-0.233,-1.162,1.191
65.28366422653198,-0.122,-0.233,-1.162,1.191
65.2837131023407,-0.122,-0.233,-1.162,1.191
65.2837610244751,-0.122,-0.233,-1.162,1.191
65.28381013870239,-0.122,-0.233,-1.162,1.191
65.28385806083679,-0.122,-0.233,-1.162,1.191
65.28390598297119,-0.122,-0.233,-1.162,1.191
65.28395414352417,-0.122,-0.233,-1.162,1.191
65.28400301933289,-0.122,-0.233,-1.162,1.191
65.28405094146729,-0.122,-0.233,-1.162,1.191
65.28410005569458,-0.122,-0.233,-1.162,1.191
65.28414821624756,-0.122,-0.233,-1.162,1.191
65.28419709205627,-0.122,-0.233,-1.162,1.191
65.28424501419067,-0.122,-0.233,-1.162,1.191
65.28429698944092,-0.122,-0.233,-1.162,1.191
65.28434801101685,-0.122,-0.233,-1.162,1.191
65.28442001342773,-0.122,-0.233,-1.162,1.191
65.2844729423523,-0.122,-0.233,-1.162,1.191
65.28452110290527,-0.122,-0.233,-1.162,1.191
65.28457021713257,-0.122,-0.233,-1.162,1.191
65.28461909294128,-0.122,-0.233,-1.162,1.191
65.28466701507568,-0.122,-0.233,-1.162,1.191
65.28471612930298,-0.122,-0.233,-1.162,1.191
65.2847671508789,-0.122,-0.233,-1.162,1.191
65.28481912612915,-0.16,-0.245,-1.137,1.174
65.28493595123291,-0.16,-0.245,-1.137,1.174
65.28498601913452,-0.16,-0.245,-1.137,1.174
65.2850341796875,-0.16,-0.245,-1.137,1.174
65.28508305549622,-0.16,-0.245,-1.137,1.174
65.28513193130493,-0.16,-0.245,-1.137,1.174
65.28518009185791,-0.16,-0.245,-1.137,1.174
65.28522801399231,-0.16,-0.245,-1.137,1.174
65.2852771282196,-0.16,-0.245,-1.137,1.174
65.285325050354,-0.16,-0.245,-1.137,1.174
65.2853741645813,-0.16,-0.245,-1.137,1.174
65.28542304039001,-0.16,-0.245,-1.137,1.174
65.28547096252441,-0.16,-0.245,-1.137,1.174
65.28552007675171,-0.16,-0.245,-1.137,1.174
65.28556823730469,-0.16,-0.245,-1.137,1.174
65.2856171131134,-0.16,-0.245,-1.137,1.174
65.2856650352478,-0.16,-0.245,-1.137,1.174
65.28571319580078,-0.16,-0.245,-1.137,1.174
65.28576111793518,-0.16,-0.245,-1.137,1.174
65.2858099937439,-0.16,-0.245,-1.137,1.174
65.28585815429688,-0.16,-0.245,-1.137,1.174
65.28590607643127,-0.16,-0.245,-1.137,1.174
65.28595495223999,-0.16,-0.245,-1.137,1.174
65.28600406646729,-0.16,-0.245,-1.137,1.174
65.28605222702026,-0.16,-0.245,-1.137,1.174
65.28610110282898,-0.16,-0.245,-1.137,1.174
65.2861499786377,-0.16,-0.245,-1.137,1.174
65.28619909286499,-0.16,-0.245,-1.137,1.174
65.28624820709229,-0.16,-0.245,-1.137,1.174
65.2862958908081,-0.16,-0.245,-1.137,1.174
65.2863450050354,-0.16,-0.245,-1.137,1.174
65.28639316558838,-0.16,-0.245,-1.137,1.174
65.28644108772278,-0.16,-0.245,-1.137,1.174
65.2864899635315,-0.16,-0.245,-1.137,1.174
65.28653812408447,-0.16,-0.245,-1.137,1.174
65.28658723831177,-0.16,-0.245,-1.137,1.174
65.28663492202759,-0.16,-0.245,-1.137,1.174
65.28668403625488,-0.16,-0.245,-1.137,1.174
65.28673315048218,-0.16,-0.245,-1.137,1.174
65.28678107261658,-0.16,-0.245,-1.137,1.174
65.2868299484253,-0.16,-0.245,-1.137,1.174
65.28687810897827,-0.16,-0.245,-1.137,1.174
65.28692722320557,-0.16,-0.245,-1.137,1.174
65.28697490692139,-0.16,-0.245,-1.137,1.174
65.28702306747437,-0.16,-0.245,-1.137,1.174
65.28707218170166,-0.16,-0.245,-1.137,1.174
65.28712010383606,-0.16,-0.245,-1.137,1.174
65.28716802597046,-0.16,-0.245,-1.137,1.174
65.28721714019775,-0.16,-0.245,-1.137,1.174
65.28726506233215,-0.16,-0.245,-1.137,1.174
65.28731393814087,-0.16,-0.245,-1.137,1.174
65.28736209869385,-0.16,-0.245,-1.137,1.174
65.28741121292114,-0.16,-0.245,-1.137,1.174
65.28745889663696,-0.16,-0.245,-1.137,1.174
65.28750801086426,-0.16,-0.245,-1.137,1.174
65.28755617141724,-0.16,-0.245,-1.137,1.174
65.28760504722595,-0.16,-0.245,-1.137,1.174
65.28765296936035,-0.16,-0.245,-1.137,1.174
65.28770208358765,-0.16,-0.245,-1.137,1.174
65.28775024414062,-0.16,-0.245,-1.137,1.174
65.28779911994934,-0.16,-0.245,-1.137,1.174
65.28784704208374,-0.16,-0.245,-1.137,1.174
65.28789615631104,-0.16,-0.245,-1.137,1.174
65.28794407844543,-0.16,-0.245,-1.137,1.174
65.28799200057983,-0.16,-0.245,-1.137,1.174
65.28804111480713,-0.16,-0.245,-1.137,1.174
65.28808903694153,-0.16,-0.245,-1.137,1.174
65.28813791275024,-0.16,-0.245,-1.137,1.174
65.28818607330322,-0.16,-0.245,-1.137,1.174
65.2882342338562,-0.16,-0.245,-1.137,1.174
65.28828191757202,-0.16,-0.245,-1.137,1.174
65.28833103179932,-0.16,-0.245,-1.137,1.174
65.2883791923523,-0.16,-0.245,-1.137,1.174
65.2884271144867,-0.16,-0.245,-1.137,1.174
65.28847599029541,-0.16,-0.245,-1.137,1.174
65.28852415084839,-0.16,-0.245,-1.137,1.174
65.28857207298279,-0.16,-0.245,-1.137,1.174
65.2886209487915,-0.16,-0.245,-1.137,1.174
65.2886700630188,-0.16,-0.245,-1.137,1.174
65.2887191772461,-0.16,-0.245,-1.137,1.174
65.28876805305481,-0.16,-0.245,-1.137,1.174
65.28881597518921,-0.16,-0.245,-1.137,1.174
65.28886413574219,-0.16,-0.245,-1.137,1.174
65.28891205787659,-0.16,-0.245,-1.137,1.174
65.2889609336853,-0.16,-0.245,-1.137,1.174
65.2890100479126,-0.16,-0.245,-1.137,1.174
65.28905820846558,-0.16,-0.245,-1.137,1.174
65.28910708427429,-0.16,-0.245,-1.137,1.174
65.28915500640869,-0.16,-0.245,-1.137,1.174
65.28920316696167,-0.16,-0.245,-1.137,1.174
65.28925204277039,-0.16,-0.245,-1.137,1.174
65.2893009185791,-0.16,-0.245,-1.137,1.174
65.28934907913208,-0.16,-0.245,-1.137,1.174
65.28939819335938,-0.16,-0.245,-1.137,1.174
65.28944611549377,-0.16,-0.245,-1.137,1.174
65.28949499130249,-0.16,-0.245,-1.137,1.174
65.28954315185547,-0.16,-0.245,-1.137,1.174
65.28959202766418,-0.16,-0.245,-1.137,1.174
65.2896409034729,-0.16,-0.245,-1.137,1.174
65.28968906402588,-0.16,-0.245,-1.137,1.174
65.28973817825317,-0.16,-0.245,-1.137,1.174
65.28978610038757,-0.16,-0.245,-1.137,1.174
65.28983497619629,-0.16,-0.245,-1.137,1.174
65.28988313674927,-0.16,-0.245,-1.137,1.174
65.28993201255798,-0.16,-0.245,-1.137,1.174
65.28997993469238,-0.16,-0.245,-1.137,1.174
65.29002904891968,-0.16,-0.245,-1.137,1.174
65.29007720947266,-0.16,-0.245,-1.137,1.174
65.29012489318848,-0.16,-0.245,-1.137,1.174
65.29017400741577,-0.16,-0.245,-1.137,1.174
65.29022216796875,-0.16,-0.245,-1.137,1.174
65.29027104377747,-0.16,-0.245,-1.137,1.174
65.29031896591187,-0.16,-0.245,-1.137,1.174
65.29036808013916,-0.16,-0.245,-1.137,1.174
65.29041624069214,-0.16,-0.245,-1.137,1.174
65.29046511650085,-0.16,-0.245,-1.137,1.174
65.29051399230957,-0.16,-0.245,-1.137,1.174
65.29056215286255,-0.16,-0.245,-1.137,1.174
65.29061102867126,-0.16,-0.245,-1.137,1.174
65.29065990447998,-0.16,-0.245,-1.137,1.174
65.29070806503296,-0.16,-0.245,-1.137,1.174
65.29075717926025,-0.16,-0.245,-1.137,1.174
65.29080605506897,-0.16,-0.245,-1.137,1.174
65.29085397720337,-0.16,-0.245,-1.137,1.174
65.29090213775635,-0.16,-0.245,-1.137,1.174
65.29095101356506,-0.16,-0.245,-1.137,1.174
65.29099893569946,-0.16,-0.245,-1.137,1.174
65.29104804992676,-0.16,-0.245,-1.137,1.174
65.29109621047974,-0.16,-0.245,-1.137,1.174
65.29114508628845,-0.16,-0.245,-1.137,1.174
65.29119300842285,-0.16,-0.245,-1.137,1.174
65.29124212265015,-0.16,-0.245,-1.137,1.174
65.29129004478455,-0.16,-0.245,-1.137,1.174
65.29133892059326,-0.16,-0.245,-1.137,1.174
65.29138708114624,-0.16,-0.245,-1.137,1.174
65.29143619537354,-0.16,-0.245,-1.137,1.174
65.29148411750793,-0.16,-0.245,-1.137,1.174
65.29153299331665,-0.16,-0.245,-1.137,1.174
65.29158115386963,-0.16,-0.245,-1.137,1.174
65.29163002967834,-0.16,-0.245,-1.137,1.174
65.29167795181274,-0.16,-0.245,-1.137,1.174
65.29172611236572,-0.16,-0.245,-1.137,1.174
65.29177522659302,-0.16,-0.245,-1.137,1.174
65.29182291030884,-0.16,-0.245,-1.137,1.174
65.29187512397766,-0.16,-0.245,-1.137,1.174
65.29192590713501,-0.16,-0.245,-1.137,1.174
65.29197597503662,-0.16,-0.245,-1.137,1.174
65.29202508926392,-0.16,-0.245,-1.137,1.174
65.29406809806824,-0.16,-0.245,-1.137,1.174
65.29413509368896,-0.16,-0.245,-1.137,1.174
65.29418897628784,-0.16,-0.245,-1.137,1.174
65.29423999786377,-0.16,-0.245,-1.137,1.174
65.29429006576538,-0.16,-0.245,-1.137,1.174
65.29433917999268,-0.16,-0.245,-1.137,1.174
65.29438805580139,-0.16,-0.245,-1.137,1.174
65.29443693161011,-0.16,-0.245,-1.137,1.174
65.2944860458374,-0.16,-0.245,-1.137,1.174
65.2945351600647,-0.16,-0.245,-1.137,1.174
65.29458522796631,-0.16,-0.245,-1.137,1.174
65.29463410377502,-0.16,-0.245,-1.137,1.174
65.29468297958374,-0.16,-0.245,-1.137,1.174
65.29473209381104,-0.16,-0.245,-1.137,1.174
65.29478120803833,-0.16,-0.245,-1.137,1.174
65.29483222961426,-0.16,-0.245,-1.137,1.174
65.2948830127716,-0.189,-0.259,-1.139,1.183
65.29505014419556,-0.189,-0.259,-1.139,1.183
65.29510116577148,-0.189,-0.259,-1.139,1.183
65.2951512336731,-0.189,-0.259,-1.139,1.183
65.29520320892334,-0.189,-0.259,-1.139,1.183
65.29525709152222,-0.189,-0.259,-1.139,1.183
65.29530906677246,-0.189,-0.259,-1.139,1.183
65.29535818099976,-0.189,-0.259,-1.139,1.183
65.29540705680847,-0.189,-0.259,-1.139,1.183
65.2954580783844,-0.189,-0.259,-1.139,1.183
65.29550909996033,-0.189,-0.259,-1.139,1.183
65.29556202888489,-0.189,-0.259,-1.139,1.183
65.29561614990234,-0.189,-0.259,-1.139,1.183
65.29566812515259,-0.189,-0.259,-1.139,1.183
65.29571723937988,-0.189,-0.259,-1.139,1.183
65.2957661151886,-0.189,-0.259,-1.139,1.183
65.295814037323,-0.189,-0.259,-1.139,1.183
65.2958631515503,-0.189,-0.259,-1.139,1.183
65.29591202735901,-0.189,-0.259,-1.139,1.183
65.29596090316772,-0.189,-0.259,-1.139,1.183
65.29601001739502,-0.189,-0.259,-1.139,1.183
65.29605913162231,-0.189,-0.259,-1.139,1.183
65.29610705375671,-0.189,-0.259,-1.139,1.183
65.29615592956543,-0.189,-0.259,-1.139,1.183
65.29620504379272,-0.189,-0.259,-1.139,1.183
65.29625415802002,-0.189,-0.259,-1.139,1.183
65.29630303382874,-0.189,-0.259,-1.139,1.183
65.29635095596313,-0.189,-0.259,-1.139,1.183
65.29640007019043,-0.189,-0.259,-1.139,1.183
65.29644918441772,-0.189,-0.259,-1.139,1.183
65.29649806022644,-0.189,-0.259,-1.139,1.183
65.29654693603516,-0.189,-0.259,-1.139,1.183
65.29659509658813,-0.189,-0.259,-1.139,1.183
65.29664421081543,-0.189,-0.259,-1.139,1.183
65.29669308662415,-0.189,-0.259,-1.139,1.183
65.29674196243286,-0.189,-0.259,-1.139,1.183
65.29679107666016,-0.189,-0.259,-1.139,1.183
65.29684019088745,-0.189,-0.259,-1.139,1.183
65.29688906669617,-0.189,-0.259,-1.139,1.183
65.29693698883057,-0.189,-0.259,-1.139,1.183
65.29698610305786,-0.189,-0.259,-1.139,1.183
65.29703521728516,-0.189,-0.259,-1.139,1.183
65.29708409309387,-0.189,-0.259,-1.139,1.183
65.29713296890259,-0.189,-0.259,-1.139,1.183
65.29718804359436,-0.189,-0.259,-1.139,1.183
65.29723691940308,-0.189,-0.259,-1.139,1.183
65.29728603363037,-0.189,-0.259,-1.139,1.183
65.29733514785767,-0.189,-0.259,-1.139,1.183
65.29738306999207,-0.189,-0.259,-1.139,1.183
65.29743194580078,-0.189,-0.259,-1.139,1.183
65.29748106002808,-0.189,-0.259,-1.139,1.183
65.29753017425537,-0.189,-0.259,-1.139,1.183
65.29757809638977,-0.189,-0.259,-1.139,1.183
65.29762697219849,-0.189,-0.259,-1.139,1.183
65.29767608642578,-0.189,-0.259,-1.139,1.183
65.29772424697876,-0.189,-0.259,-1.139,1.183
65.29777312278748,-0.189,-0.259,-1.139,1.183
65.29782199859619,-0.189,-0.259,-1.139,1.183
65.29787111282349,-0.189,-0.259,-1.139,1.183
65.29791903495789,-0.189,-0.259,-1.139,1.183
65.2979679107666,-0.189,-0.259,-1.139,1.183
65.2980170249939,-0.189,-0.259,-1.139,1.183
65.29806613922119,-0.189,-0.259,-1.139,1.183
65.29811406135559,-0.189,-0.259,-1.139,1.183
65.2981629371643,-0.189,-0.259,-1.139,1.183
65.29822206497192,-0.189,-0.259,-1.139,1.183
65.29827117919922,-0.189,-0.259,-1.139,1.183
65.29832005500793,-0.189,-0.259,-1.139,1.183
65.29836797714233,-0.189,-0.259,-1.139,1.183
65.29841709136963,-0.189,-0.259,-1.139,1.183
65.29846620559692,-0.189,-0.259,-1.139,1.183
65.29851508140564,-0.189,-0.259,-1.139,1.183
65.29856395721436,-0.189,-0.259,-1.139,1.183
65.29861307144165,-0.189,-0.259,-1.139,1.183
65.29885816574097,-0.189,-0.259,-1.139,1.183
65.29909801483154,-0.189,-0.259,-1.139,1.183
65.2991590499878,-0.189,-0.259,-1.139,1.183
65.29939413070679,-0.189,-0.259,-1.139,1.183
65.29945516586304,-0.189,-0.259,-1.139,1.183
65.29969024658203,-0.189,-0.259,-1.139,1.183
65.30036211013794,-0.189,-0.259,-1.139,1.183
65.30042314529419,-0.189,-0.259,-1.139,1.183
65.30065822601318,-0.189,-0.259,-1.139,1.183
65.30236196517944,-0.189,-0.259,-1.139,1.183
65.31542491912842,-0.167,-0.221,-1.104,1.138
65.31713914871216,-0.167,-0.221,-1.104,1.138
65.33239889144897,-0.194,-0.23,-1.115,1.155
65.34978818893433,-0.191,-0.231,-1.091,1.131
65.35003709793091,-0.191,-0.231,-1.091,1.131
65.36574006080627,-0.18,-0.237,-1.053,1.094
65.3683180809021,-0.18,-0.237,-1.053,1.094
65.38271617889404,-0.166,-0.242,-1.011,1.053
65.39926409721375,-0.113,-0.242,-0.92,0.958
65.39948320388794,-0.113,-0.242,-0.92,0.958
65.40784406661987,-0.092,-0.241,-0.873,0.91
65.43444395065308,-0.075,-0.253,-0.852,0.892
65.43451809883118,-0.075,-0.253,-0.852,0.892
65.43719601631165,-0.073,-0.278,-0.836,0.884
65.4492859840393,-0.062,-0.297,-0.821,0.875
65.46526908874512,-0.044,-0.315,-0.818,0.878
65.46788597106934,-0.024,-0.337,-0.813,0.88
65.48285818099976,-0.004,-0.355,-0.809,0.883
65.49926519393921,0.022,-0.368,-0.823,0.902
65.49951004981995,0.022,-0.368,-0.823,0.902
65.5173511505127,0.019,-0.381,-0.853,0.934
65.51954007148743,0.019,-0.381,-0.853,0.934
65.53196406364441,0.005,-0.391,-0.863,0.947
65.54892110824585,-0.013,-0.393,-0.873,0.957
65.54922389984131,-0.013,-0.393,-0.873,0.957
65.56554412841797,-0.008,-0.389,-0.871,0.954
65.56844401359558,-0.006,-0.391,-0.877,0.96
65.5823860168457,-0.008,-0.394,-0.886,0.97
65.59891510009766,-0.019,-0.402,-0.912,0.997
65.5991849899292,-0.019,-0.402,-0.912,0.997
65.6161561012268,-0.01,-0.411,-0.902,0.991
65.61927795410156,0.001,-0.405,-0.907,0.993
65.63283395767212,-0.003,-0.395,-0.924,1.005
65.6491289138794,-0.03,-0.389,-0.918,0.997
65.64938020706177,-0.03,-0.389,-0.918,0.997
65.66656494140625,-0.036,-0.386,-0.907,0.986
65.6697850227356,-0.031,-0.39,-0.889,0.971
65.68318605422974,-0.025,-0.397,-0.878,0.964
65.6996579170227,-0.023,-0.39,-0.893,0.975
65.69990491867065,-0.023,-0.39,-0.893,0.975
65.71606111526489,-0.024,-0.384,-0.889,0.969
65.71917009353638,-0.022,-0.368,-0.883,0.957
65.73349404335022,-0.019,-0.36,-0.877,0.948
65.74962520599365,-0.029,-0.369,-0.822,0.901
65.74996423721313,-0.029,-0.369,-0.822,0.901
65.76638221740723,-0.037,-0.361,-0.84,0.915
65.76927900314331,-0.043,-0.356,-0.851,0.923
65.78307914733887,-0.032,-0.349,-0.852,0.921
65.79969501495361,-0.035,-0.347,-0.804,0.876
65.80000901222229,-0.035,-0.347,-0.804,0.876
65.8158769607544,-0.037,-0.341,-0.808,0.878
65.8329770565033,-0.025,-0.332,-0.805,0.871
65.83413410186768,-0.025,-0.332,-0.805,0.871
65.84661722183228,-0.011,-0.327,-0.796,0.861
65.84984612464905,-0.003,-0.315,-0.732,0.797
65.860435962677,0.039,-0.271,-0.438,0.517
65.87502312660217,0.07,-0.246,-0.826,0.865
65.88937902450562,0.034,-0.431,-1.055,1.14
65.8914999961853,0.034,-0.431,-1.055,1.14
65.90754222869873,0.009,-0.446,-1.11,1.196
65.91059708595276,-0.007,-0.416,-0.956,1.043
