time,gFx,gFy,gFz,gFTotal
0.0037178993225097656,0.211,-0.283,-0.945,1.009
0.00777888298034668,0.176,-0.2,-0.929,0.966
0.01822376251220703,0.159,-0.135,-0.926,0.949
0.03405284881591797,0.163,-0.144,-0.9,0.926
0.03689289093017578,0.148,-0.216,-0.891,0.929
0.05283784866333008,0.138,-0.296,-0.899,0.956
0.05581188201904297,0.156,-0.348,-0.929,1.004
0.06996679306030273,0.186,-0.366,-0.956,1.04
0.08645892143249512,0.158,-0.312,-0.904,0.969
0.08656501770019531,0.158,-0.312,-0.904,0.969
0.10394787788391113,0.172,-0.308,-0.881,0.949
0.10712289810180664,0.252,-0.352,-0.901,1.0
0.11990594863891602,0.266,-0.394,-0.903,1.02
0.1362168788909912,0.251,-0.427,-0.895,1.023
0.13866591453552246,0.251,-0.427,-0.895,1.023
0.15298175811767578,0.228,-0.415,-0.904,1.021
0.16892790794372559,0.193,-0.389,-0.912,1.01
0.16966581344604492,0.193,-0.389,-0.912,1.01
0.18604183197021484,0.187,-0.313,-0.875,0.948
0.18844389915466309,0.187,-0.313,-0.875,0.948
0.20401906967163086,0.081,-0.302,-0.895,0.948
0.2071089744567871,0.054,-0.225,-0.973,1.0
0.21673202514648438,0.049,-0.329,-0.975,1.03
0.23626375198364258,0.046,-0.502,-0.826,0.968
0.2386927604675293,0.046,-0.502,-0.826,0.968
0.25182676315307617,0.071,-0.51,-0.741,0.902
0.2687067985534668,0.147,-0.499,-0.7,0.872
0.2688019275665283,0.147,-0.499,-0.7,0.872
0.28554201126098633,0.15,-0.489,-0.732,0.893
0.28864097595214844,0.146,-0.477,-0.745,0.897
0.30180788040161133,0.159,-0.471,-0.733,0.886
0.31861186027526855,0.189,-0.419,-0.888,1.0
0.31870388984680176,0.189,-0.419,-0.888,1.0
0.3357689380645752,0.145,-0.352,-1.218,1.276
0.3388199806213379,0.124,-0.333,-1.079,1.136
0.35194993019104004,0.192,-0.334,-0.856,0.939
0.36885499954223633,0.412,-0.919,-0.802,1.287
0.36894893646240234,0.412,-0.919,-0.802,1.287
0.3851499557495117,0.211,-0.771,-0.884,1.192
0.3882269859313965,-0.013,-0.535,-0.927,1.07
0.40238189697265625,-0.085,-0.459,-0.899,1.013
0.4185628890991211,0.205,-0.362,-0.935,1.023
0.4186568260192871,0.205,-0.362,-0.935,1.023
0.4352538585662842,0.296,-0.378,-0.915,1.033
0.4383268356323242,0.16,-0.467,-0.879,1.008
0.4525279998779297,-0.098,-0.504,-0.847,0.99
0.4680459499359131,-0.161,-0.663,-0.691,0.971
0.46814584732055664,-0.161,-0.663,-0.691,0.971
0.4853188991546631,-0.155,-0.686,-0.68,0.978
0.4888467788696289,-0.232,-0.52,-0.835,1.011
0.5013089179992676,-0.281,-0.379,-0.988,1.095
0.5189080238342285,-0.107,-0.306,-1.271,1.312
0.5190010070800781,-0.107,-0.306,-1.271,1.312
0.5350818634033203,-0.386,-0.417,-0.86,1.031
0.5385599136352539,-0.708,-0.576,-0.72,1.163
0.5517640113830566,-0.23,-0.386,-0.722,0.85
0.5687260627746582,0.239,-0.44,-0.606,0.786
0.5688178539276123,0.239,-0.44,-0.606,0.786
0.5847668647766113,-0.321,-0.558,-0.928,1.129
0.5882399082183838,-0.557,-0.366,-1.063,1.255
0.6016807556152344,-0.619,-0.263,-0.99,1.197
0.6183888912200928,0.403,-0.422,-0.344,0.677
0.6186659336090088,0.403,-0.422,-0.344,0.677
0.6349098682403564,0.509,-0.553,-0.4,0.851
0.6383309364318848,-0.334,-0.616,-0.715,1.001
0.6515040397644043,-0.324,-0.396,-0.674,0.846
0.667712926864624,-0.291,-0.306,-0.761,0.87
0.6703720092773438,-0.291,-0.306,-0.761,0.87
0.684438943862915,-0.304,-0.227,-0.822,0.905
0.6997098922729492,-0.324,-0.231,-0.857,0.945
0.700840950012207,-0.324,-0.231,-0.857,0.945
0.7184710502624512,-0.417,-0.201,-0.925,1.034
0.7211637496948242,-0.417,-0.201,-0.925,1.034
0.7338180541992188,-0.435,-0.193,-0.925,1.04
0.7507278919219971,-0.432,-0.241,-0.834,0.97
0.7510490417480469,-0.432,-0.241,-0.834,0.97
0.7673099040985107,-0.372,-0.26,-0.799,0.919
0.7708320617675781,-0.393,-0.261,-0.779,0.911
0.7835907936096191,-0.453,-0.209,-0.74,0.892
0.8007009029388428,-0.526,-0.17,-0.706,0.897
0.8010168075561523,-0.526,-0.17,-0.706,0.897
0.8174400329589844,-0.585,-0.093,-0.691,0.91
0.8208880424499512,-0.586,-0.058,-0.697,0.912
0.8340897560119629,-0.614,-0.051,-0.684,0.921
0.8511409759521484,-0.652,0.009,-0.593,0.881
0.8513908386230469,-0.652,0.009,-0.593,0.881
0.8690228462219238,-0.743,0.13,-0.525,0.919
0.871741771697998,-0.743,0.13,-0.525,0.919
0.8859188556671143,-0.759,0.151,-0.515,0.93
0.8890700340270996,-0.806,0.131,-0.502,0.959
0.9017379283905029,-0.84,0.169,-0.483,0.984
0.9183928966522217,-0.951,0.143,-0.446,1.06
0.9215450286865234,-0.951,0.143,-0.446,1.06
0.9348287582397461,-0.995,0.122,-0.415,1.085
0.9510149955749512,-1.104,0.042,-0.356,1.161
0.9512739181518555,-1.104,0.042,-0.356,1.161
0.9679360389709473,-1.178,-0.026,-0.309,1.218
0.9709608554840088,-1.223,-0.048,-0.255,1.25
0.9842610359191895,-1.265,-0.088,-0.192,1.283
1.0009088516235352,-1.29,-0.183,-0.112,1.308
1.001220941543579,-1.29,-0.183,-0.112,1.308
1.0171189308166504,-1.336,-0.255,-0.063,1.362
1.0211577415466309,-1.41,-0.336,-0.025,1.45
1.028815746307373,-1.46,-0.428,0.015,1.522
1.0388808250427246,-1.515,-0.523,0.079,1.605
1.048964023590088,-1.558,-0.622,0.133,1.683
1.0588428974151611,-1.606,-0.728,0.201,1.775
1.069248914718628,-1.66,-0.82,0.264,1.87
1.0792608261108398,-1.664,-0.889,0.33,1.915
1.0892179012298584,-1.648,-0.961,0.389,1.947
1.0993878841400146,-1.608,-1.025,0.46,1.962
1.1091527938842773,-1.517,-1.031,0.512,1.904
1.1238439083099365,-1.392,-1.002,0.574,1.809
1.1294817924499512,-1.251,-0.968,0.607,1.694
1.1395330429077148,-1.116,-0.932,0.612,1.578
1.1493120193481445,-1.005,-0.879,0.618,1.471
1.1594338417053223,-0.931,-0.823,0.638,1.397
1.1700010299682617,-0.889,-0.761,0.654,1.341
1.1804349422454834,-0.847,-0.695,0.666,1.282
1.19016695022583,-0.789,-0.634,0.655,1.206
1.199859857559204,-0.753,-0.575,0.639,1.143
1.2103047370910645,-0.737,-0.51,0.661,1.114
1.2218148708343506,-0.725,-0.415,0.699,1.089
1.2304878234863281,-0.632,-0.241,0.725,0.992
1.2400808334350586,-0.486,0.031,0.833,0.965
1.249924898147583,-0.513,0.055,0.857,1.0
1.2818238735198975,-0.809,0.109,0.829,1.163
1.2820148468017578,-0.809,0.109,0.829,1.163
1.2832279205322266,-0.809,0.109,0.829,1.163
1.290076732635498,-0.913,0.01,0.777,1.199
1.3001148700714111,-0.965,0.018,0.68,1.181
1.3106908798217773,-1.039,0.05,0.562,1.182
1.3298768997192383,-1.232,0.023,0.371,1.287
1.3317039012908936,-1.232,0.023,0.371,1.287
1.340683937072754,-1.335,0.208,0.215,1.368
1.3511278629302979,-1.372,0.193,-0.033,1.386
1.3619599342346191,-1.365,0.156,-0.075,1.376
1.3719277381896973,-1.405,0.218,0.055,1.423
1.381105899810791,-1.416,0.146,0.168,1.433
1.392082929611206,-1.395,0.007,0.248,1.417
1.401993751525879,-1.4,0.018,0.277,1.427
1.411323070526123,-1.369,0.004,0.229,1.388
1.433682918548584,-1.519,-0.357,0.198,1.573
1.4339327812194824,-1.519,-0.357,0.198,1.573
2.0795159339904785,-0.027,0.694,-0.07,0.698
2.079899787902832,-0.027,0.694,-0.07,0.698
2.080167770385742,-0.027,0.694,-0.07,0.698
2.0803449153900146,-0.027,0.694,-0.07,0.698
2.0805249214172363,-0.027,0.694,-0.07,0.698
2.080699920654297,-0.027,0.694,-0.07,0.698
2.0808730125427246,-0.027,0.694,-0.07,0.698
2.0810418128967285,-0.027,0.694,-0.07,0.698
2.0831480026245117,-0.166,1.138,-0.252,1.177
2.0833468437194824,-0.166,1.138,-0.252,1.177
2.0835227966308594,-0.166,1.138,-0.252,1.177
2.0837249755859375,-0.166,1.138,-0.252,1.177
2.0839948654174805,-0.166,1.138,-0.252,1.177
2.0842080116271973,-0.166,1.138,-0.252,1.177
2.084425926208496,-0.166,1.138,-0.252,1.177
2.084609031677246,-0.166,1.138,-0.252,1.177
2.08477783203125,-0.166,1.138,-0.252,1.177
2.084946870803833,-0.166,1.138,-0.252,1.177
2.085113048553467,-0.166,1.138,-0.252,1.177
2.085278034210205,-0.166,1.138,-0.252,1.177
2.0854530334472656,-0.166,1.138,-0.252,1.177
2.085631847381592,-0.166,1.138,-0.252,1.177
2.085798740386963,-0.166,1.138,-0.252,1.177
2.0859649181365967,-0.166,1.138,-0.252,1.177
2.0861449241638184,-0.166,1.138,-0.252,1.177
2.086310863494873,-0.166,1.138,-0.252,1.177
2.0864858627319336,-0.166,1.138,-0.252,1.177
2.086658000946045,-0.166,1.138,-0.252,1.177
2.086832046508789,-0.166,1.138,-0.252,1.177
2.0870089530944824,-0.166,1.138,-0.252,1.177
2.087174892425537,-0.166,1.138,-0.252,1.177
2.087341785430908,-0.166,1.138,-0.252,1.177
2.087528944015503,-0.166,1.138,-0.252,1.177
2.0876989364624023,-0.166,1.138,-0.252,1.177
2.0878829956054688,-0.166,1.138,-0.252,1.177
2.088061809539795,-0.166,1.138,-0.252,1.177
2.088226795196533,-0.166,1.138,-0.252,1.177
2.088432788848877,-0.166,1.138,-0.252,1.177
2.088629961013794,-0.166,1.138,-0.252,1.177
2.0888009071350098,-0.166,1.138,-0.252,1.177
2.0889739990234375,-0.166,1.138,-0.252,1.177
2.0891408920288086,-0.166,1.138,-0.252,1.177
2.0893208980560303,-0.166,1.138,-0.252,1.177
2.089493751525879,-0.166,1.138,-0.252,1.177
2.0896897315979004,-0.166,1.138,-0.252,1.177
2.0898818969726562,-0.166,1.138,-0.252,1.177
2.090053081512451,-0.166,1.138,-0.252,1.177
2.090223789215088,-0.166,1.138,-0.252,1.177
2.090390920639038,-0.166,1.138,-0.252,1.177
2.0905568599700928,-0.166,1.138,-0.252,1.177
2.090735912322998,-0.166,1.138,-0.252,1.177
2.0909080505371094,-0.166,1.138,-0.252,1.177
2.091073989868164,-0.166,1.138,-0.252,1.177
2.0912609100341797,-0.166,1.138,-0.252,1.177
2.0914268493652344,-0.166,1.138,-0.252,1.177
2.091599941253662,-0.166,1.138,-0.252,1.177
2.0917649269104004,-0.166,1.138,-0.252,1.177
2.0919418334960938,-0.166,1.138,-0.252,1.177
2.092106819152832,-0.166,1.138,-0.252,1.177
2.0922799110412598,-0.166,1.138,-0.252,1.177
2.0924909114837646,-0.166,1.138,-0.252,1.177
2.0926568508148193,-0.166,1.138,-0.252,1.177
2.0931010246276855,-0.319,1.612,-0.281,1.667
2.0934438705444336,-0.319,1.612,-0.281,1.667
2.0943219661712646,-0.319,1.612,-0.281,1.667
2.095914840698242,-0.319,1.612,-0.281,1.667
2.103424072265625,-0.232,2.161,-0.306,2.195
2.1140129566192627,0.281,2.64,-0.436,2.69
2.1251468658447266,1.057,2.984,-0.676,3.237
2.1338179111480713,2.053,3.331,-0.91,4.017
2.1437559127807617,3.184,3.552,-1.032,4.881
2.153903007507324,2.773,2.651,-0.66,3.893
2.1641108989715576,1.503,1.452,-0.105,2.092
2.173779010772705,0.712,0.877,0.271,1.162
2.1837267875671387,0.393,0.542,0.577,0.884
2.193898916244507,0.281,0.345,0.843,0.953
59.92677879333496,0.308,0.302,0.993,1.083
59.94234275817871,0.287,1.28,-0.109,1.316
59.942687034606934,0.287,1.28,-0.109,1.316
59.94286298751831,0.287,1.28,-0.109,1.316
59.94303488731384,0.287,1.28,-0.109,1.316
59.94320583343506,0.287,1.28,-0.109,1.316
59.94337487220764,0.287,1.28,-0.109,1.316
59.94354486465454,0.287,1.28,-0.109,1.316
59.943713903427124,0.287,1.28,-0.109,1.316
59.94388198852539,0.287,1.28,-0.109,1.316
59.944050788879395,0.287,1.28,-0.109,1.316
59.94422006607056,0.287,1.28,-0.109,1.316
59.94438886642456,0.287,1.28,-0.109,1.316
59.94462490081787,0.287,1.28,-0.109,1.316
59.94479274749756,0.287,1.28,-0.109,1.316
59.94486379623413,0.287,1.28,-0.109,1.316
59.94492793083191,0.287,1.28,-0.109,1.316
59.944989919662476,0.287,1.28,-0.109,1.316
59.945050954818726,0.287,1.28,-0.109,1.316
59.9451117515564,0.287,1.28,-0.109,1.316
59.94517183303833,0.287,1.28,-0.109,1.316
59.945231914520264,0.287,1.28,-0.109,1.316
59.94529581069946,0.287,1.28,-0.109,1.316
59.9453558921814,0.287,1.28,-0.109,1.316
59.94541597366333,0.287,1.28,-0.109,1.316
59.945476055145264,0.287,1.28,-0.109,1.316
59.945738792419434,0.182,0.869,-0.354,0.956
59.9458909034729,0.182,0.869,-0.354,0.956
59.94595289230347,0.182,0.869,-0.354,0.956
59.9460129737854,0.182,0.869,-0.354,0.956
59.946073055267334,0.182,0.869,-0.354,0.956
59.94622993469238,0.055,0.498,0.739,0.893
59.94639205932617,0.167,0.651,0.118,0.682
59.94654607772827,0.586,1.085,-0.517,1.337
59.94672107696533,0.023,0.314,0.497,0.588
59.94687604904175,0.029,0.264,-0.206,0.336
59.947016954422,0.029,0.264,-0.206,0.336
59.947086811065674,0.029,0.264,-0.206,0.336
59.947683811187744,0.029,0.264,-0.206,0.336
59.947744846343994,0.029,0.264,-0.206,0.336
59.94780492782593,0.029,0.264,-0.206,0.336
59.947864055633545,0.029,0.264,-0.206,0.336
59.94792294502258,0.029,0.264,-0.206,0.336
59.94798278808594,0.029,0.264,-0.206,0.336
59.948041915893555,0.029,0.264,-0.206,0.336
59.94810104370117,0.029,0.264,-0.206,0.336
59.948160886764526,0.029,0.264,-0.206,0.336
59.948219776153564,0.029,0.264,-0.206,0.336
59.94827890396118,0.029,0.264,-0.206,0.336
59.948338985443115,0.029,0.264,-0.206,0.336
59.94839787483215,0.029,0.264,-0.206,0.336
59.94845676422119,0.029,0.264,-0.206,0.336
59.94851589202881,0.029,0.264,-0.206,0.336
59.948575019836426,0.029,0.264,-0.206,0.336
59.94863486289978,0.029,0.264,-0.206,0.336
59.94875907897949,0.029,0.264,-0.206,0.336
59.94885993003845,0.029,0.264,-0.206,0.336
59.94892978668213,0.029,0.264,-0.206,0.336
59.94899392127991,0.029,0.264,-0.206,0.336
59.94905686378479,0.029,0.264,-0.206,0.336
59.94911789894104,0.029,0.264,-0.206,0.336
59.94917893409729,0.029,0.264,-0.206,0.336
59.94923973083496,0.029,0.264,-0.206,0.336
59.94930076599121,0.029,0.264,-0.206,0.336
59.94936490058899,0.029,0.264,-0.206,0.336
59.949424743652344,0.029,0.264,-0.206,0.336
59.949485778808594,0.029,0.264,-0.206,0.336
59.94954490661621,0.029,0.264,-0.206,0.336
59.949604988098145,0.029,0.264,-0.206,0.336
59.94966506958008,0.029,0.264,-0.206,0.336
59.949723958969116,0.029,0.264,-0.206,0.336
59.94978380203247,0.029,0.264,-0.206,0.336
59.949843883514404,0.029,0.264,-0.206,0.336
59.94990396499634,0.029,0.264,-0.206,0.336
59.949962854385376,0.029,0.264,-0.206,0.336
59.95002293586731,0.029,0.264,-0.206,0.336
59.950082778930664,0.029,0.264,-0.206,0.336
59.9501428604126,0.029,0.264,-0.206,0.336
59.95020294189453,0.029,0.264,-0.206,0.336
59.95026397705078,0.029,0.264,-0.206,0.336
59.950324058532715,0.029,0.264,-0.206,0.336
59.95038294792175,0.029,0.264,-0.206,0.336
59.95044279098511,0.029,0.264,-0.206,0.336
59.950501918792725,0.029,0.264,-0.206,0.336
59.950562953948975,0.029,0.264,-0.206,0.336
59.95062208175659,0.029,0.264,-0.206,0.336
59.950681924819946,0.029,0.264,-0.206,0.336
59.9507417678833,0.029,0.264,-0.206,0.336
59.950801849365234,0.029,0.264,-0.206,0.336
59.95086097717285,0.029,0.264,-0.206,0.336
59.950921058654785,0.029,0.264,-0.206,0.336
59.95098090171814,0.029,0.264,-0.206,0.336
59.95103979110718,0.029,0.264,-0.206,0.336
59.95109987258911,0.029,0.264,-0.206,0.336
59.95115900039673,0.029,0.264,-0.206,0.336
59.95121908187866,0.029,0.264,-0.206,0.336
59.95127773284912,0.029,0.264,-0.206,0.336
59.95135307312012,0.029,0.264,-0.206,0.336
59.95141291618347,0.029,0.264,-0.206,0.336
59.951472759246826,0.029,0.264,-0.206,0.336
59.95153284072876,0.029,0.264,-0.206,0.336
59.95159196853638,0.029,0.264,-0.206,0.336
59.95165205001831,0.029,0.264,-0.206,0.336
59.95171093940735,0.029,0.264,-0.206,0.336
59.9517707824707,0.029,0.264,-0.206,0.336
59.95183277130127,0.029,0.264,-0.206,0.336
59.95189380645752,0.029,0.264,-0.206,0.336
59.95195293426514,0.029,0.264,-0.206,0.336
59.95201301574707,0.029,0.264,-0.206,0.336
59.95207190513611,0.029,0.264,-0.206,0.336
59.95213079452515,0.029,0.264,-0.206,0.336
59.95219087600708,0.029,0.264,-0.206,0.336
59.952250957489014,0.029,0.264,-0.206,0.336
59.95231008529663,0.029,0.264,-0.206,0.336
59.952369928359985,0.029,0.264,-0.206,0.336
59.95242977142334,0.029,0.264,-0.206,0.336
59.95248889923096,0.029,0.264,-0.206,0.336
59.95254898071289,0.029,0.264,-0.206,0.336
59.952609062194824,0.029,0.264,-0.206,0.336
59.95266890525818,0.029,0.264,-0.206,0.336
59.95272874832153,0.029,0.264,-0.206,0.336
59.95278787612915,0.029,0.264,-0.206,0.336
59.952847957611084,0.029,0.264,-0.206,0.336
59.952908992767334,0.029,0.264,-0.206,0.336
59.95322275161743,0.029,0.264,-0.206,0.336
59.95350408554077,0.029,0.264,-0.206,0.336
59.9536828994751,0.029,0.264,-0.206,0.336
59.95386290550232,0.029,0.264,-0.206,0.336
59.954033851623535,0.029,0.264,-0.206,0.336
59.95420289039612,0.029,0.264,-0.206,0.336
59.9543719291687,0.029,0.264,-0.206,0.336
59.954540729522705,0.029,0.264,-0.206,0.336
59.9547119140625,0.029,0.264,-0.206,0.336
59.95487976074219,0.029,0.264,-0.206,0.336
59.95504903793335,0.029,0.264,-0.206,0.336
59.955219745635986,0.029,0.264,-0.206,0.336
59.95539093017578,0.029,0.264,-0.206,0.336
59.955561876297,0.096,0.672,-0.026,0.679
59.95629596710205,0.261,0.563,1.151,1.308
59.95674276351929,0.378,0.922,-0.236,1.024
59.957175731658936,0.378,0.922,-0.236,1.024
59.95733189582825,0.378,0.922,-0.236,1.024
59.957401752471924,0.378,0.922,-0.236,1.024
59.95746374130249,0.378,0.922,-0.236,1.024
59.957523822784424,0.378,0.922,-0.236,1.024
59.95758390426636,0.378,0.922,-0.236,1.024
59.95764398574829,0.378,0.922,-0.236,1.024
59.957704067230225,0.378,0.922,-0.236,1.024
59.95776295661926,0.378,0.922,-0.236,1.024
59.957862854003906,0.378,0.922,-0.236,1.024
59.957926750183105,0.378,0.922,-0.236,1.024
59.95798683166504,0.378,0.922,-0.236,1.024
59.95808291435242,0.378,0.922,-0.236,1.024
59.95818281173706,0.378,0.922,-0.236,1.024
59.95824694633484,0.378,0.922,-0.236,1.024
59.95830583572388,0.378,0.922,-0.236,1.024
59.95836591720581,0.378,0.922,-0.236,1.024
59.958425998687744,0.378,0.922,-0.236,1.024
59.95848488807678,0.378,0.922,-0.236,1.024
59.9586398601532,0.378,0.922,-0.236,1.024
59.958932876586914,0.378,0.922,-0.236,1.024
59.95911502838135,0.665,1.463,0.006,1.607
59.95964002609253,0.485,1.259,0.228,1.368
59.96006202697754,0.246,1.286,0.201,1.325
59.96046590805054,0.052,-0.39,-0.919,1.0
59.960813999176025,0.052,-0.39,-0.919,1.0
59.961023807525635,0.052,-0.39,-0.919,1.0
59.9611120223999,0.052,-0.39,-0.919,1.0
59.96117401123047,0.052,-0.39,-0.919,1.0
59.96123385429382,0.052,-0.39,-0.919,1.0
59.96129393577576,0.052,-0.39,-0.919,1.0
59.96135377883911,0.052,-0.39,-0.919,1.0
59.96141290664673,0.052,-0.39,-0.919,1.0
59.96147298812866,0.052,-0.39,-0.919,1.0
59.9615318775177,0.052,-0.39,-0.919,1.0
59.961591958999634,0.052,-0.39,-0.919,1.0
59.96165084838867,0.052,-0.39,-0.919,1.0
59.961710929870605,0.052,-0.39,-0.919,1.0
59.96177005767822,0.052,-0.39,-0.919,1.0
59.96182990074158,0.052,-0.39,-0.919,1.0
59.961888790130615,0.052,-0.39,-0.919,1.0
59.96194887161255,0.052,-0.39,-0.919,1.0
59.962007999420166,0.052,-0.39,-0.919,1.0
59.962066888809204,0.052,-0.39,-0.919,1.0
59.96212673187256,0.052,-0.39,-0.919,1.0
59.962185859680176,0.052,-0.39,-0.919,1.0
59.96224594116211,0.052,-0.39,-0.919,1.0
59.96230602264404,0.052,-0.39,-0.919,1.0
59.96236491203308,0.052,-0.39,-0.919,1.0
59.962424755096436,0.052,-0.39,-0.919,1.0
59.96248388290405,0.052,-0.39,-0.919,1.0
59.962543964385986,0.052,-0.39,-0.919,1.0
59.962602853775024,0.052,-0.39,-0.919,1.0
59.96266293525696,0.052,-0.39,-0.919,1.0
59.96272277832031,0.052,-0.39,-0.919,1.0
59.96278190612793,0.052,-0.39,-0.919,1.0
59.96284103393555,0.052,-0.39,-0.919,1.0
59.9629008769989,0.052,-0.39,-0.919,1.0
59.96295976638794,0.052,-0.39,-0.919,1.0
59.96301984786987,0.052,-0.39,-0.919,1.0
59.96307897567749,0.036,-0.367,-0.977,1.044
59.96329402923584,0.036,-0.367,-0.977,1.044
59.963356018066406,0.036,-0.367,-0.977,1.044
59.963417053222656,0.036,-0.367,-0.977,1.044
59.96347784996033,0.036,-0.367,-0.977,1.044
59.96353888511658,0.036,-0.367,-0.977,1.044
59.96359896659851,0.036,-0.367,-0.977,1.044
59.963658809661865,0.036,-0.367,-0.977,1.044
59.9637188911438,0.036,-0.367,-0.977,1.044
59.96377897262573,0.036,-0.367,-0.977,1.044
59.96384000778198,0.036,-0.367,-0.977,1.044
59.96389985084534,0.036,-0.367,-0.977,1.044
59.96395993232727,0.036,-0.367,-0.977,1.044
59.96401882171631,0.036,-0.367,-0.977,1.044
59.96407890319824,0.036,-0.367,-0.977,1.044
59.964138984680176,0.036,-0.367,-0.977,1.044
59.96419906616211,0.036,-0.367,-0.977,1.044
59.96425795555115,0.036,-0.367,-0.977,1.044
59.96431875228882,0.036,-0.367,-0.977,1.044
59.96437883377075,0.036,-0.367,-0.977,1.044
59.964438915252686,0.036,-0.367,-0.977,1.044
59.96449899673462,0.036,-0.367,-0.977,1.044
59.96455788612366,0.036,-0.367,-0.977,1.044
59.96461796760559,0.036,-0.367,-0.977,1.044
59.964677810668945,0.036,-0.367,-0.977,1.044
59.96473693847656,0.036,-0.367,-0.977,1.044
59.964797019958496,0.036,-0.367,-0.977,1.044
59.96485686302185,0.036,-0.367,-0.977,1.044
59.964916944503784,0.036,-0.367,-0.977,1.044
59.96497583389282,0.036,-0.367,-0.977,1.044
59.965035915374756,0.036,-0.367,-0.977,1.044
59.96509599685669,0.036,-0.367,-0.977,1.044
59.96515607833862,0.036,-0.367,-0.977,1.044
59.96521592140198,0.036,-0.367,-0.977,1.044
59.965274810791016,0.036,-0.367,-0.977,1.044
59.96537208557129,0.036,-0.367,-0.977,1.044
59.96565580368042,0.036,-0.367,-0.977,1.044
59.965940952301025,0.036,-0.367,-0.977,1.044
59.96613883972168,0.036,-0.367,-0.977,1.044
59.966322898864746,0.036,-0.367,-0.977,1.044
59.96649885177612,0.036,-0.367,-0.977,1.044
59.96668004989624,0.036,-0.367,-0.977,1.044
59.96685791015625,0.036,-0.367,-0.977,1.044
59.96703481674194,0.036,-0.367,-0.977,1.044
59.96721696853638,0.036,-0.367,-0.977,1.044
59.967411041259766,0.036,-0.367,-0.977,1.044
59.967597007751465,0.036,-0.367,-0.977,1.044
59.96777391433716,0.036,-0.367,-0.977,1.044
59.96795082092285,0.036,-0.367,-0.977,1.044
59.96812891960144,0.036,-0.367,-0.977,1.044
59.9683039188385,0.036,-0.367,-0.977,1.044
59.96847987174988,0.036,-0.367,-0.977,1.044
59.9687979221344,0.036,-0.367,-0.977,1.044
59.968936920166016,0.036,-0.367,-0.977,1.044
59.969006061553955,0.036,-0.367,-0.977,1.044
59.969069957733154,0.036,-0.367,-0.977,1.044
59.96913194656372,0.036,-0.367,-0.977,1.044
59.96919298171997,0.036,-0.367,-0.977,1.044
59.96925401687622,0.036,-0.367,-0.977,1.044
59.96931505203247,0.036,-0.367,-0.977,1.044
59.96937704086304,0.036,-0.367,-0.977,1.044
59.96943807601929,0.036,-0.367,-0.977,1.044
59.96949791908264,0.036,-0.367,-0.977,1.044
59.969557762145996,0.036,-0.367,-0.977,1.044
59.96961784362793,0.036,-0.367,-0.977,1.044
59.96977376937866,0.036,-0.367,-0.977,1.044
59.97005796432495,0.036,-0.367,-0.977,1.044
59.972593784332275,0.036,-0.367,-0.977,1.044
59.97268199920654,0.036,-0.367,-0.977,1.044
59.972747802734375,0.036,-0.367,-0.977,1.044
59.972814083099365,0.036,-0.367,-0.977,1.044
59.97287607192993,0.036,-0.367,-0.977,1.044
59.97293996810913,0.036,-0.367,-0.977,1.044
59.97300100326538,0.036,-0.367,-0.977,1.044
59.973061084747314,0.036,-0.367,-0.977,1.044
59.97317600250244,0.036,-0.367,-0.977,1.044
59.97323703765869,0.036,-0.367,-0.977,1.044
59.97329807281494,-0.005,-0.336,-0.975,1.031
59.97356986999512,-0.005,-0.336,-0.975,1.031
59.9736328125,-0.005,-0.336,-0.975,1.031
59.973702907562256,-0.005,-0.336,-0.975,1.031
59.973763942718506,-0.005,-0.336,-0.975,1.031
59.973824977874756,-0.005,-0.336,-0.975,1.031
59.97388696670532,-0.005,-0.336,-0.975,1.031
59.97394585609436,-0.005,-0.336,-0.975,1.031
59.974005937576294,-0.005,-0.336,-0.975,1.031
59.97406578063965,-0.005,-0.336,-0.975,1.031
59.9741268157959,-0.005,-0.336,-0.975,1.031
59.974185943603516,-0.005,-0.336,-0.975,1.031
59.97424793243408,-0.005,-0.336,-0.975,1.031
59.97430896759033,-0.005,-0.336,-0.975,1.031
59.97437000274658,-0.005,-0.336,-0.975,1.031
59.9744348526001,-0.005,-0.336,-0.975,1.031
59.97450494766235,-0.005,-0.336,-0.975,1.031
59.97461986541748,-0.005,-0.336,-0.975,1.031
59.974735736846924,-0.005,-0.336,-0.975,1.031
59.97480487823486,-0.005,-0.336,-0.975,1.031
59.97486877441406,-0.005,-0.336,-0.975,1.031
59.974931955337524,-0.005,-0.336,-0.975,1.031
59.97499394416809,-0.005,-0.336,-0.975,1.031
59.97505474090576,-0.005,-0.336,-0.975,1.031
59.97511672973633,-0.005,-0.336,-0.975,1.031
59.97517776489258,-0.005,-0.336,-0.975,1.031
59.975239753723145,-0.005,-0.336,-0.975,1.031
59.97538185119629,-0.005,-0.336,-0.975,1.031
59.97551202774048,-0.005,-0.336,-0.975,1.031
59.97557592391968,-0.005,-0.336,-0.975,1.031
59.97563886642456,-0.005,-0.336,-0.975,1.031
59.97570085525513,-0.005,-0.336,-0.975,1.031
59.97576284408569,-0.005,-0.336,-0.975,1.031
59.975825786590576,-0.005,-0.336,-0.975,1.031
59.97588896751404,-0.005,-0.336,-0.975,1.031
59.975950956344604,-0.005,-0.336,-0.975,1.031
59.97601294517517,-0.005,-0.336,-0.975,1.031
59.976075887680054,-0.005,-0.336,-0.975,1.031
59.97616386413574,-0.005,-0.336,-0.975,1.031
59.97622895240784,-0.005,-0.336,-0.975,1.031
59.97629189491272,-0.005,-0.336,-0.975,1.031
59.976353883743286,-0.005,-0.336,-0.975,1.031
59.97641706466675,-0.005,-0.336,-0.975,1.031
59.97648096084595,-0.005,-0.336,-0.975,1.031
59.97654390335083,-0.005,-0.336,-0.975,1.031
59.9766058921814,-0.005,-0.336,-0.975,1.031
59.97666692733765,-0.005,-0.336,-0.975,1.031
59.97672891616821,-0.005,-0.336,-0.975,1.031
59.97678995132446,-0.005,-0.336,-0.975,1.031
59.97685098648071,-0.005,-0.336,-0.975,1.031
59.97691297531128,-0.005,-0.336,-0.975,1.031
59.976974964141846,-0.005,-0.336,-0.975,1.031
59.977035999298096,-0.005,-0.336,-0.975,1.031
59.977097034454346,-0.005,-0.336,-0.975,1.031
59.9771568775177,-0.005,-0.336,-0.975,1.031
59.97721791267395,-0.005,-0.336,-0.975,1.031
59.977277755737305,-0.005,-0.336,-0.975,1.031
59.977338790893555,-0.005,-0.336,-0.975,1.031
59.97739887237549,-0.005,-0.336,-0.975,1.031
59.97745990753174,-0.005,-0.336,-0.975,1.031
59.97751998901367,-0.005,-0.336,-0.975,1.031
59.97758102416992,-0.005,-0.336,-0.975,1.031
59.977640867233276,-0.005,-0.336,-0.975,1.031
59.977701902389526,-0.005,-0.336,-0.975,1.031
59.97776174545288,-0.005,-0.336,-0.975,1.031
59.97782278060913,-0.005,-0.336,-0.975,1.031
59.97788381576538,-0.005,-0.336,-0.975,1.031
59.97794485092163,-0.005,-0.336,-0.975,1.031
59.978004932403564,-0.005,-0.336,-0.975,1.031
59.9780650138855,-0.005,-0.336,-0.975,1.031
59.97812485694885,-0.005,-0.336,-0.975,1.031
59.9781858921051,-0.005,-0.336,-0.975,1.031
59.97824478149414,-0.005,-0.336,-0.975,1.031
59.978304862976074,-0.005,-0.336,-0.975,1.031
59.97836494445801,-0.005,-0.336,-0.975,1.031
59.97842597961426,-0.005,-0.336,-0.975,1.031
59.97848701477051,-0.005,-0.336,-0.975,1.031
59.97854685783386,-0.005,-0.336,-0.975,1.031
59.97860908508301,-0.005,-0.336,-0.975,1.031
59.97866892814636,-0.005,-0.336,-0.975,1.031
59.97872877120972,-0.005,-0.336,-0.975,1.031
59.97878980636597,-0.005,-0.336,-0.975,1.031
59.9788498878479,-0.005,-0.336,-0.975,1.031
59.97891092300415,-0.005,-0.336,-0.975,1.031
59.9789719581604,-0.005,-0.336,-0.975,1.031
59.979032039642334,-0.005,-0.336,-0.975,1.031
59.979093074798584,-0.005,-0.336,-0.975,1.031
59.979153871536255,-0.005,-0.336,-0.975,1.031
59.979214906692505,-0.005,-0.336,-0.975,1.031
59.979275941848755,-0.005,-0.336,-0.975,1.031
59.979336738586426,-0.005,-0.336,-0.975,1.031
59.97939991950989,-0.005,-0.336,-0.975,1.031
59.97946095466614,-0.005,-0.336,-0.975,1.031
59.97952175140381,-0.005,-0.336,-0.975,1.031
59.97958183288574,-0.005,-0.336,-0.975,1.031
59.97964382171631,-0.005,-0.336,-0.975,1.031
59.97970390319824,-0.005,-0.336,-0.975,1.031
59.97976493835449,-0.005,-0.336,-0.975,1.031
59.97982692718506,-0.005,-0.336,-0.975,1.031
59.97988796234131,-0.005,-0.336,-0.975,1.031
59.97994804382324,-0.005,-0.336,-0.975,1.031
59.98001003265381,-0.005,-0.336,-0.975,1.031
59.98007106781006,-0.005,-0.336,-0.975,1.031
59.980133056640625,-0.005,-0.336,-0.975,1.031
59.980193853378296,-0.005,-0.336,-0.975,1.031
59.980254888534546,-0.005,-0.336,-0.975,1.031
59.9803147315979,-0.005,-0.336,-0.975,1.031
59.980374813079834,-0.005,-0.336,-0.975,1.031
59.980435848236084,-0.005,-0.336,-0.975,1.031
59.980496883392334,-0.005,-0.336,-0.975,1.031
59.980557918548584,-0.005,-0.336,-0.975,1.031
59.98061800003052,-0.005,-0.336,-0.975,1.031
59.98067808151245,-0.005,-0.336,-0.975,1.031
59.980737924575806,-0.005,-0.336,-0.975,1.031
59.980798959732056,-0.005,-0.336,-0.975,1.031
59.98085880279541,-0.005,-0.336,-0.975,1.031
59.98091793060303,-0.005,-0.336,-0.975,1.031
59.98097896575928,-0.005,-0.336,-0.975,1.031
59.98103904724121,-0.005,-0.336,-0.975,1.031
59.981098890304565,-0.005,-0.336,-0.975,1.031
59.981159925460815,-0.005,-0.336,-0.975,1.031
59.98121976852417,-0.005,-0.336,-0.975,1.031
59.9812798500061,-0.005,-0.336,-0.975,1.031
59.98133993148804,-0.005,-0.336,-0.975,1.031
59.9814019203186,-0.005,-0.336,-0.975,1.031
59.98146200180054,-0.005,-0.336,-0.975,1.031
59.98152685165405,-0.005,-0.336,-0.975,1.031
59.98158884048462,-0.005,-0.336,-0.975,1.031
59.9816517829895,-0.005,-0.336,-0.975,1.031
59.98171281814575,-0.005,-0.336,-0.975,1.031
59.981775760650635,-0.005,-0.336,-0.975,1.031
59.9818377494812,-0.005,-0.336,-0.975,1.031
59.981897830963135,-0.005,-0.336,-0.975,1.031
59.98196792602539,-0.005,-0.336,-0.975,1.031
59.982266902923584,-0.005,-0.336,-0.975,1.031
59.98244094848633,-0.005,-0.336,-0.975,1.031
59.98251676559448,-0.005,-0.336,-0.975,1.031
59.98258090019226,-0.005,-0.336,-0.975,1.031
59.98264193534851,-0.005,-0.336,-0.975,1.031
59.98270392417908,-0.005,-0.336,-0.975,1.031
59.98276495933533,-0.005,-0.336,-0.975,1.031
59.982828855514526,-0.005,-0.336,-0.975,1.031
59.983036041259766,-0.005,-0.336,-0.975,1.031
59.98337507247925,-0.005,-0.336,-0.975,1.031
59.983452796936035,-0.005,-0.336,-0.975,1.031
59.98353385925293,-0.005,-0.336,-0.975,1.031
59.98467302322388,-0.045,-0.326,-0.983,1.037
59.98551273345947,-0.045,-0.326,-0.983,1.037
59.9858660697937,-0.045,-0.326,-0.983,1.037
59.98605489730835,-0.045,-0.326,-0.983,1.037
59.98632192611694,-0.045,-0.326,-0.983,1.037
59.98650407791138,-0.045,-0.326,-0.983,1.037
59.986639976501465,-0.045,-0.326,-0.983,1.037
59.98670792579651,-0.045,-0.326,-0.983,1.037
59.986764907836914,-0.045,-0.326,-0.983,1.037
59.98682188987732,-0.045,-0.326,-0.983,1.037
59.98687791824341,-0.045,-0.326,-0.983,1.037
59.9869327545166,-0.045,-0.326,-0.983,1.037
59.98698902130127,-0.045,-0.326,-0.983,1.037
59.98704385757446,-0.045,-0.326,-0.983,1.037
59.987098932266235,-0.045,-0.326,-0.983,1.037
59.98715400695801,-0.045,-0.326,-0.983,1.037
59.9872088432312,-0.045,-0.326,-0.983,1.037
59.987263917922974,-0.045,-0.326,-0.983,1.037
59.987318992614746,-0.045,-0.326,-0.983,1.037
59.98737382888794,-0.045,-0.326,-0.983,1.037
59.987427949905396,-0.045,-0.326,-0.983,1.037
59.98748302459717,-0.045,-0.326,-0.983,1.037
59.98753786087036,-0.045,-0.326,-0.983,1.037
59.98759174346924,-0.045,-0.326,-0.983,1.037
59.98764896392822,-0.045,-0.326,-0.983,1.037
59.98770475387573,-0.045,-0.326,-0.983,1.037
59.9877610206604,-0.045,-0.326,-0.983,1.037
59.987815856933594,-0.045,-0.326,-0.983,1.037
59.98831391334534,-0.045,-0.326,-0.983,1.037
59.98854398727417,-0.045,-0.326,-0.983,1.037
59.9887170791626,-0.045,-0.326,-0.983,1.037
59.98881483078003,-0.045,-0.326,-0.983,1.037
59.988879919052124,-0.045,-0.326,-0.983,1.037
59.98893690109253,-0.045,-0.326,-0.983,1.037
59.98899292945862,-0.045,-0.326,-0.983,1.037
59.98904895782471,-0.045,-0.326,-0.983,1.037
59.9891037940979,-0.045,-0.326,-0.983,1.037
59.98929500579834,-0.045,-0.326,-0.983,1.037
59.98959994316101,-0.045,-0.326,-0.983,1.037
59.98977994918823,-0.045,-0.326,-0.983,1.037
59.9899640083313,-0.045,-0.326,-0.983,1.037
59.990139961242676,-0.045,-0.326,-0.983,1.037
59.99031186103821,-0.045,-0.326,-0.983,1.037
59.99057579040527,-0.045,-0.326,-0.983,1.037
59.99076795578003,-0.045,-0.326,-0.983,1.037
59.99093008041382,-0.045,-0.326,-0.983,1.037
59.99100685119629,-0.045,-0.326,-0.983,1.037
59.99106407165527,-0.045,-0.326,-0.983,1.037
59.99111986160278,-0.045,-0.326,-0.983,1.037
59.991174936294556,-0.045,-0.326,-0.983,1.037
59.991230964660645,-0.045,-0.326,-0.983,1.037
59.99128580093384,-0.045,-0.326,-0.983,1.037
59.991339921951294,-0.045,-0.326,-0.983,1.037
59.991394996643066,-0.045,-0.326,-0.983,1.037
59.99144983291626,-0.045,-0.326,-0.983,1.037
59.99150490760803,-0.045,-0.326,-0.983,1.037
59.991559982299805,-0.045,-0.326,-0.983,1.037
59.991615772247314,-0.045,-0.326,-0.983,1.037
59.991671085357666,-0.045,-0.326,-0.983,1.037
59.99172592163086,-0.045,-0.326,-0.983,1.037
59.99178194999695,-0.045,-0.326,-0.983,1.037
59.99183702468872,-0.045,-0.326,-0.983,1.037
59.991891860961914,-0.045,-0.326,-0.983,1.037
59.99194574356079,-0.045,-0.326,-0.983,1.037
59.99201202392578,-0.045,-0.326,-0.983,1.037
59.992063999176025,-0.045,-0.326,-0.983,1.037
59.99223184585571,-0.045,-0.326,-0.983,1.037
59.992358922958374,-0.045,-0.326,-0.983,1.037
59.99241495132446,-0.045,-0.326,-0.983,1.037
59.99246692657471,-0.045,-0.326,-0.983,1.037
59.992517948150635,-0.045,-0.326,-0.983,1.037
59.99256896972656,-0.045,-0.326,-0.983,1.037
59.99261999130249,-0.045,-0.326,-0.983,1.037
59.9926700592041,-0.045,-0.326,-0.983,1.037
59.992719888687134,-0.045,-0.326,-0.983,1.037
59.99277091026306,-0.045,-0.326,-0.983,1.037
59.99286603927612,-0.045,-0.326,-0.983,1.037
59.99291801452637,-0.045,-0.326,-0.983,1.037
59.992969036102295,-0.045,-0.326,-0.983,1.037
59.99301886558533,-0.045,-0.326,-0.983,1.037
59.99306893348694,-0.045,-0.326,-0.983,1.037
59.993117809295654,-0.045,-0.326,-0.983,1.037
59.99316883087158,-0.045,-0.326,-0.983,1.037
59.99321889877319,-0.045,-0.326,-0.983,1.037
59.99326801300049,-0.045,-0.326,-0.983,1.037
59.9933180809021,-0.057,-0.319,-0.975,1.027
59.993581771850586,-0.057,-0.319,-0.975,1.027
59.993632793426514,-0.057,-0.319,-0.975,1.027
59.99368381500244,-0.057,-0.319,-0.975,1.027
59.99373388290405,-0.057,-0.319,-0.975,1.027
59.993783950805664,-0.057,-0.319,-0.975,1.027
59.99383878707886,-0.057,-0.319,-0.975,1.027
59.99388885498047,-0.057,-0.319,-0.975,1.027
59.99393892288208,-0.057,-0.319,-0.975,1.027
59.993988037109375,-0.057,-0.319,-0.975,1.027
59.9940390586853,-0.057,-0.319,-0.975,1.027
59.994088888168335,-0.057,-0.319,-0.975,1.027
59.99417304992676,-0.057,-0.319,-0.975,1.027
59.994221925735474,-0.057,-0.319,-0.975,1.027
59.994271755218506,-0.057,-0.319,-0.975,1.027
59.99432182312012,-0.057,-0.319,-0.975,1.027
59.99437093734741,-0.057,-0.319,-0.975,1.027
59.99442100524902,-0.057,-0.319,-0.975,1.027
59.994471073150635,-0.057,-0.319,-0.975,1.027
59.99452090263367,-0.057,-0.319,-0.975,1.027
59.9945707321167,-0.057,-0.319,-0.975,1.027
59.99462080001831,-0.057,-0.319,-0.975,1.027
59.994669914245605,-0.057,-0.319,-0.975,1.027
59.99471998214722,-0.057,-0.319,-0.975,1.027
59.99477005004883,-0.057,-0.319,-0.975,1.027
59.99481987953186,-0.057,-0.319,-0.975,1.027
59.994871854782104,-0.057,-0.319,-0.975,1.027
59.994921922683716,-0.057,-0.319,-0.975,1.027
59.99497175216675,-0.057,-0.319,-0.975,1.027
59.99502086639404,-0.057,-0.319,-0.975,1.027
59.995070934295654,-0.057,-0.319,-0.975,1.027
59.99512195587158,-0.057,-0.319,-0.975,1.027
59.99517583847046,-0.057,-0.319,-0.975,1.027
59.99522686004639,-0.057,-0.319,-0.975,1.027
59.995276927948,-0.057,-0.319,-0.975,1.027
59.99532699584961,-0.057,-0.319,-0.975,1.027
59.99537801742554,-0.057,-0.319,-0.975,1.027
59.99542808532715,-0.057,-0.319,-0.975,1.027
59.995476961135864,-0.057,-0.319,-0.975,1.027
59.9955267906189,-0.057,-0.319,-0.975,1.027
59.99557685852051,-0.057,-0.319,-0.975,1.027
59.99562692642212,-0.057,-0.319,-0.975,1.027
59.99567699432373,-0.057,-0.319,-0.975,1.027
59.995725870132446,-0.057,-0.319,-0.975,1.027
59.99577593803406,-0.057,-0.319,-0.975,1.027
59.99582576751709,-0.057,-0.319,-0.975,1.027
59.995874881744385,-0.057,-0.319,-0.975,1.027
59.995924949645996,-0.057,-0.319,-0.975,1.027
59.9959819316864,-0.057,-0.319,-0.975,1.027
59.996031761169434,-0.057,-0.319,-0.975,1.027
59.996081829071045,-0.057,-0.319,-0.975,1.027
59.99613094329834,-0.057,-0.319,-0.975,1.027
59.99618101119995,-0.057,-0.319,-0.975,1.027
59.99623107910156,-0.057,-0.319,-0.975,1.027
59.99627995491028,-0.057,-0.319,-0.975,1.027
59.99632978439331,-0.057,-0.319,-0.975,1.027
59.99637985229492,-0.057,-0.319,-0.975,1.027
59.99642992019653,-0.057,-0.319,-0.975,1.027
59.996479988098145,-0.057,-0.319,-0.975,1.027
59.996530055999756,-0.057,-0.319,-0.975,1.027
59.99657988548279,-0.057,-0.319,-0.975,1.027
59.99668884277344,-0.057,-0.319,-0.975,1.027
59.99674606323242,-0.057,-0.319,-0.975,1.027
59.99679899215698,-0.057,-0.319,-0.975,1.027
59.99685192108154,-0.057,-0.319,-0.975,1.027
59.99690794944763,-0.057,-0.319,-0.975,1.027
59.99696493148804,-0.057,-0.319,-0.975,1.027
59.9970178604126,-0.057,-0.319,-0.975,1.027
59.99707293510437,-0.057,-0.319,-0.975,1.027
59.9971239566803,-0.057,-0.319,-0.975,1.027
59.99717473983765,-0.057,-0.319,-0.975,1.027
59.997225761413574,-0.057,-0.319,-0.975,1.027
59.9972767829895,-0.057,-0.319,-0.975,1.027
59.99734306335449,-0.057,-0.319,-0.975,1.027
59.997397899627686,-0.057,-0.319,-0.975,1.027
59.99744892120361,-0.057,-0.319,-0.975,1.027
59.99749994277954,-0.057,-0.319,-0.975,1.027
59.99755001068115,-0.057,-0.319,-0.975,1.027
59.99760103225708,-0.057,-0.319,-0.975,1.027
59.99765205383301,-0.057,-0.319,-0.975,1.027
59.997705936431885,-0.057,-0.319,-0.975,1.027
59.99775695800781,-0.057,-0.319,-0.975,1.027
59.99782395362854,-0.057,-0.319,-0.975,1.027
59.997875928878784,-0.057,-0.319,-0.975,1.027
59.99792695045471,-0.057,-0.319,-0.975,1.027
59.99799299240112,-0.057,-0.319,-0.975,1.027
59.998046875,-0.057,-0.319,-0.975,1.027
59.99809789657593,-0.057,-0.319,-0.975,1.027
59.998151779174805,-0.057,-0.319,-0.975,1.027
59.998201847076416,-0.057,-0.319,-0.975,1.027
59.99825572967529,-0.057,-0.319,-0.975,1.027
59.99830675125122,-0.057,-0.319,-0.975,1.027
59.99835681915283,-0.057,-0.319,-0.975,1.027
59.99840688705444,-0.057,-0.319,-0.975,1.027
59.99845790863037,-0.057,-0.319,-0.975,1.027
59.99850797653198,-0.057,-0.319,-0.975,1.027
59.998558044433594,-0.057,-0.319,-0.975,1.027
59.998607873916626,-0.057,-0.319,-0.975,1.027
59.99871492385864,-0.057,-0.319,-0.975,1.027
59.9987678527832,-0.057,-0.319,-0.975,1.027
59.99884080886841,-0.057,-0.319,-0.975,1.027
59.99889278411865,-0.057,-0.319,-0.975,1.027
59.999186992645264,-0.057,-0.319,-0.975,1.027
59.99940085411072,-0.057,-0.319,-0.975,1.027
59.999467849731445,-0.057,-0.319,-0.975,1.027
59.99951791763306,-0.057,-0.319,-0.975,1.027
59.999568939208984,-0.057,-0.319,-0.975,1.027
59.999619007110596,-0.057,-0.319,-0.975,1.027
59.99966907501221,-0.057,-0.319,-0.975,1.027
59.99971890449524,-0.057,-0.319,-0.975,1.027
59.99976873397827,-0.057,-0.319,-0.975,1.027
59.99981880187988,-0.057,-0.319,-0.975,1.027
59.99986791610718,-0.057,-0.319,-0.975,1.027
59.99991798400879,-0.057,-0.319,-0.975,1.027
59.9999680519104,-0.057,-0.319,-0.975,1.027
60.00001788139343,-0.057,-0.319,-0.975,1.027
60.000067949295044,-0.057,-0.319,-0.975,1.027
60.00011682510376,-0.057,-0.319,-0.975,1.027
60.00016689300537,-0.057,-0.319,-0.975,1.027
60.000221967697144,-0.057,-0.319,-0.975,1.027
60.000678062438965,-0.057,-0.319,-0.975,1.027
60.001091957092285,-0.057,-0.319,-0.975,1.027
60.00123882293701,-0.057,-0.319,-0.975,1.027
60.00129175186157,-0.057,-0.319,-0.975,1.027
60.0013427734375,-0.057,-0.319,-0.975,1.027
60.00139379501343,-0.057,-0.319,-0.975,1.027
60.00144386291504,-0.057,-0.319,-0.975,1.027
60.00149488449097,-0.057,-0.319,-0.975,1.027
60.00154495239258,-0.057,-0.319,-0.975,1.027
60.00159502029419,-0.057,-0.319,-0.975,1.027
60.001643896102905,-0.057,-0.319,-0.975,1.027
60.00169396400452,-0.057,-0.319,-0.975,1.027
60.00174283981323,-0.057,-0.319,-0.975,1.027
60.001792907714844,-0.057,-0.319,-0.975,1.027
60.001842975616455,-0.057,-0.319,-0.975,1.027
60.00189185142517,-0.057,-0.319,-0.975,1.027
60.00194191932678,-0.057,-0.319,-0.975,1.027
60.001991748809814,-0.057,-0.319,-0.975,1.027
60.002041816711426,-0.057,-0.319,-0.975,1.027
60.00209093093872,-0.057,-0.319,-0.975,1.027
60.00214099884033,-0.057,-0.319,-0.975,1.027
60.00218987464905,-0.057,-0.319,-0.975,1.027
60.00224304199219,-0.057,-0.319,-0.975,1.027
60.00229287147522,-0.057,-0.319,-0.975,1.027
60.00234293937683,-0.057,-0.319,-0.975,1.027
60.00239181518555,-0.057,-0.319,-0.975,1.027
60.00244092941284,-0.057,-0.319,-0.975,1.027
60.00249099731445,-0.057,-0.319,-0.975,1.027
60.002541065216064,-0.057,-0.319,-0.975,1.027
60.00258994102478,-0.057,-0.319,-0.975,1.027
60.00263977050781,-0.057,-0.319,-0.975,1.027
60.002689838409424,-0.057,-0.319,-0.975,1.027
60.00273895263672,-0.057,-0.319,-0.975,1.027
60.00278902053833,-0.057,-0.319,-0.975,1.027
60.00283885002136,-0.057,-0.319,-0.975,1.027
60.00288796424866,-0.057,-0.319,-0.975,1.027
60.00293779373169,-0.057,-0.319,-0.975,1.027
60.002986907958984,-0.057,-0.319,-0.975,1.027
60.003036975860596,-0.057,-0.319,-0.975,1.027
60.00308585166931,-0.057,-0.319,-0.975,1.027
60.00313591957092,-0.057,-0.319,-0.975,1.027
60.003185749053955,-0.057,-0.319,-0.975,1.027
60.00323486328125,-0.057,-0.319,-0.975,1.027
60.00328493118286,-0.057,-0.319,-0.975,1.027
60.003334045410156,-0.044,-0.321,-0.973,1.026
60.0035400390625,-0.044,-0.321,-0.973,1.026
60.003592014312744,-0.044,-0.321,-0.973,1.026
60.003644943237305,-0.044,-0.321,-0.973,1.026
60.00369882583618,-0.044,-0.321,-0.973,1.026
60.00374889373779,-0.044,-0.321,-0.973,1.026
60.003798961639404,-0.044,-0.321,-0.973,1.026
60.003849029541016,-0.044,-0.321,-0.973,1.026
60.00389790534973,-0.044,-0.321,-0.973,1.026
60.003947734832764,-0.044,-0.321,-0.973,1.026
60.00399875640869,-0.044,-0.321,-0.973,1.026
60.0040488243103,-0.044,-0.321,-0.973,1.026
60.004098892211914,-0.044,-0.321,-0.973,1.026
60.004148960113525,-0.044,-0.321,-0.973,1.026
60.00419902801514,-0.044,-0.321,-0.973,1.026
60.00424885749817,-0.044,-0.321,-0.973,1.026
60.004297733306885,-0.044,-0.321,-0.973,1.026
60.004347801208496,-0.044,-0.321,-0.973,1.026
60.00439786911011,-0.044,-0.321,-0.973,1.026
60.00444793701172,-0.044,-0.321,-0.973,1.026
60.004497051239014,-0.044,-0.321,-0.973,1.026
60.004546880722046,-0.044,-0.321,-0.973,1.026
60.00459694862366,-0.044,-0.321,-0.973,1.026
60.00464582443237,-0.044,-0.321,-0.973,1.026
60.004695892333984,-0.044,-0.321,-0.973,1.026
60.004745960235596,-0.044,-0.321,-0.973,1.026
60.00479507446289,-0.044,-0.321,-0.973,1.026
60.00484490394592,-0.044,-0.321,-0.973,1.026
60.004894733428955,-0.044,-0.321,-0.973,1.026
60.004944801330566,-0.044,-0.321,-0.973,1.026
60.00499391555786,-0.044,-0.321,-0.973,1.026
60.00504398345947,-0.044,-0.321,-0.973,1.026
60.005094051361084,-0.044,-0.321,-0.973,1.026
60.005143880844116,-0.044,-0.321,-0.973,1.026
60.00519275665283,-0.044,-0.321,-0.973,1.026
60.00524282455444,-0.044,-0.321,-0.973,1.026
60.005292892456055,-0.044,-0.321,-0.973,1.026
60.00534200668335,-0.044,-0.321,-0.973,1.026
60.00539207458496,-0.044,-0.321,-0.973,1.026
60.00544190406799,-0.044,-0.321,-0.973,1.026
60.00549507141113,-0.044,-0.321,-0.973,1.026
60.005544900894165,-0.044,-0.321,-0.973,1.026
60.00559377670288,-0.044,-0.321,-0.973,1.026
60.00564479827881,-0.044,-0.321,-0.973,1.026
60.00569486618042,-0.044,-0.321,-0.973,1.026
60.0057487487793,-0.044,-0.321,-0.973,1.026
60.00579786300659,-0.044,-0.321,-0.973,1.026
60.0058479309082,-0.044,-0.321,-0.973,1.026
60.005897998809814,-0.044,-0.321,-0.973,1.026
60.00594687461853,-0.044,-0.321,-0.973,1.026
60.00599694252014,-0.044,-0.321,-0.973,1.026
60.006046772003174,-0.044,-0.321,-0.973,1.026
60.00609588623047,-0.044,-0.321,-0.973,1.026
60.00614595413208,-0.044,-0.321,-0.973,1.026
60.00619602203369,-0.044,-0.321,-0.973,1.026
60.006245851516724,-0.044,-0.321,-0.973,1.026
60.006295919418335,-0.044,-0.321,-0.973,1.026
60.00634574890137,-0.044,-0.321,-0.973,1.026
60.00639486312866,-0.044,-0.321,-0.973,1.026
60.00644493103027,-0.044,-0.321,-0.973,1.026
60.006494998931885,-0.044,-0.321,-0.973,1.026
60.00654697418213,-0.044,-0.321,-0.973,1.026
60.00659894943237,-0.044,-0.321,-0.973,1.026
60.006651878356934,-0.044,-0.321,-0.973,1.026
60.006701946258545,-0.044,-0.321,-0.973,1.026
60.006752014160156,-0.044,-0.321,-0.973,1.026
60.00680208206177,-0.044,-0.321,-0.973,1.026
60.0068519115448,-0.044,-0.321,-0.973,1.026
60.00690174102783,-0.044,-0.321,-0.973,1.026
60.006953954696655,-0.044,-0.321,-0.973,1.026
60.00700807571411,-0.044,-0.321,-0.973,1.026
60.007057905197144,-0.044,-0.321,-0.973,1.026
60.00715398788452,-0.044,-0.321,-0.973,1.026
60.00721788406372,-0.044,-0.321,-0.973,1.026
60.007269859313965,-0.044,-0.321,-0.973,1.026
60.00732088088989,-0.044,-0.321,-0.973,1.026
60.007370948791504,-0.044,-0.321,-0.973,1.026
60.007421016693115,-0.044,-0.321,-0.973,1.026
60.00746989250183,-0.044,-0.321,-0.973,1.026
60.00751996040344,-0.044,-0.321,-0.973,1.026
60.007569789886475,-0.044,-0.321,-0.973,1.026
60.007619857788086,-0.044,-0.321,-0.973,1.026
60.0076699256897,-0.044,-0.321,-0.973,1.026
60.00772285461426,-0.044,-0.321,-0.973,1.026
60.00777292251587,-0.044,-0.321,-0.973,1.026
60.0078239440918,-0.044,-0.321,-0.973,1.026
60.00787401199341,-0.044,-0.321,-0.973,1.026
60.007925033569336,-0.044,-0.321,-0.973,1.026
60.00797891616821,-0.044,-0.321,-0.973,1.026
60.008028984069824,-0.044,-0.321,-0.973,1.026
60.00808000564575,-0.044,-0.321,-0.973,1.026
60.008134841918945,-0.044,-0.321,-0.973,1.026
60.00818586349487,-0.044,-0.321,-0.973,1.026
60.008235931396484,-0.044,-0.321,-0.973,1.026
60.008293867111206,-0.044,-0.321,-0.973,1.026
60.00834798812866,-0.044,-0.321,-0.973,1.026
60.008399963378906,-0.044,-0.321,-0.973,1.026
60.00845003128052,-0.044,-0.321,-0.973,1.026
60.0086350440979,-0.044,-0.321,-0.973,1.026
60.00882887840271,-0.044,-0.321,-0.973,1.026
60.008885860443115,-0.044,-0.321,-0.973,1.026
60.00893688201904,-0.044,-0.321,-0.973,1.026
60.0089898109436,-0.044,-0.321,-0.973,1.026
60.009039878845215,-0.044,-0.321,-0.973,1.026
60.00909090042114,-0.044,-0.321,-0.973,1.026
60.0091438293457,-0.044,-0.321,-0.973,1.026
60.009193897247314,-0.044,-0.321,-0.973,1.026
60.009243965148926,-0.044,-0.321,-0.973,1.026
60.00929403305054,-0.044,-0.321,-0.973,1.026
60.00934290885925,-0.044,-0.321,-0.973,1.026
60.009392738342285,-0.044,-0.321,-0.973,1.026
60.0094428062439,-0.044,-0.321,-0.973,1.026
60.00949192047119,-0.044,-0.321,-0.973,1.026
60.0095419883728,-0.044,-0.321,-0.973,1.026
60.00959491729736,-0.044,-0.321,-0.973,1.026
60.009644985198975,-0.044,-0.321,-0.973,1.026
60.009695053100586,-0.044,-0.321,-0.973,1.026
60.00974488258362,-0.044,-0.321,-0.973,1.026
60.009793758392334,-0.044,-0.321,-0.973,1.026
60.009843826293945,-0.044,-0.321,-0.973,1.026
60.00989389419556,-0.044,-0.321,-0.973,1.026
60.00994300842285,-0.044,-0.321,-0.973,1.026
60.00999307632446,-0.044,-0.321,-0.973,1.026
60.01004195213318,-0.044,-0.321,-0.973,1.026
60.01009178161621,-0.044,-0.321,-0.973,1.026
60.01016902923584,-0.044,-0.321,-0.973,1.026
60.010228872299194,-0.044,-0.321,-0.973,1.026
60.010282039642334,-0.044,-0.321,-0.973,1.026
60.01033401489258,-0.044,-0.321,-0.973,1.026
60.010385036468506,-0.044,-0.321,-0.973,1.026
60.010436058044434,-0.044,-0.321,-0.973,1.026
60.010485887527466,-0.044,-0.321,-0.973,1.026
60.010536909103394,-0.044,-0.321,-0.973,1.026
60.010586738586426,-0.044,-0.321,-0.973,1.026
60.01063680648804,-0.044,-0.321,-0.973,1.026
60.010687828063965,-0.044,-0.321,-0.973,1.026
60.010737895965576,-0.044,-0.321,-0.973,1.026
60.01078796386719,-0.044,-0.321,-0.973,1.026
60.010838985443115,-0.044,-0.321,-0.973,1.026
60.01088905334473,-0.044,-0.321,-0.973,1.026
60.01093888282776,-0.044,-0.321,-0.973,1.026
60.01098895072937,-0.044,-0.321,-0.973,1.026
60.0110387802124,-0.044,-0.321,-0.973,1.026
60.011088848114014,-0.044,-0.321,-0.973,1.026
60.01113986968994,-0.044,-0.321,-0.973,1.026
60.01118993759155,-0.044,-0.321,-0.973,1.026
60.011240005493164,-0.044,-0.321,-0.973,1.026
60.011290073394775,-0.044,-0.321,-0.973,1.026
60.01133990287781,-0.044,-0.321,-0.973,1.026
60.01139187812805,-0.044,-0.321,-0.973,1.026
60.01144194602966,-0.044,-0.321,-0.973,1.026
60.011491775512695,-0.044,-0.321,-0.973,1.026
60.01154589653015,-0.044,-0.321,-0.973,1.026
60.01159691810608,-0.044,-0.321,-0.973,1.026
60.01164674758911,-0.044,-0.321,-0.973,1.026
60.01169776916504,-0.044,-0.321,-0.973,1.026
60.01174783706665,-0.044,-0.321,-0.973,1.026
60.011801958084106,-0.044,-0.321,-0.973,1.026
60.01185178756714,-0.044,-0.321,-0.973,1.026
60.011905908584595,-0.044,-0.321,-0.973,1.026
60.01195573806763,-0.044,-0.321,-0.973,1.026
60.012006759643555,-0.044,-0.321,-0.973,1.026
60.012056827545166,-0.044,-0.321,-0.973,1.026
60.01211094856262,-0.044,-0.321,-0.973,1.026
60.012160778045654,-0.044,-0.321,-0.973,1.026
60.01221489906311,-0.044,-0.321,-0.973,1.026
60.01226592063904,-0.044,-0.321,-0.973,1.026
60.012316942214966,-0.044,-0.321,-0.973,1.026
60.01236581802368,-0.044,-0.321,-0.973,1.026
60.01241683959961,-0.044,-0.321,-0.973,1.026
60.01246881484985,-0.044,-0.321,-0.973,1.026
60.01251697540283,-0.044,-0.321,-0.973,1.026
60.01256585121155,-0.044,-0.321,-0.973,1.026
60.01261806488037,-0.044,-0.321,-0.973,1.026
60.0126690864563,-0.044,-0.321,-0.973,1.026
60.01272106170654,-0.044,-0.321,-0.973,1.026
60.01277208328247,-0.044,-0.321,-0.973,1.026
60.012824058532715,-0.044,-0.321,-0.973,1.026
60.01287603378296,-0.044,-0.321,-0.973,1.026
60.0129280090332,-0.044,-0.321,-0.973,1.026
60.01297903060913,-0.044,-0.321,-0.973,1.026
60.013031005859375,-0.044,-0.321,-0.973,1.026
60.01308298110962,-0.044,-0.321,-0.973,1.026
60.01313304901123,-0.044,-0.321,-0.973,1.026
60.01318287849426,-0.044,-0.321,-0.973,1.026
60.01323390007019,-0.044,-0.321,-0.973,1.026
60.01328492164612,-0.044,-0.321,-0.973,1.026
60.01333475112915,-0.044,-0.321,-0.973,1.026
60.01338577270508,-0.044,-0.321,-0.973,1.026
60.01343774795532,-0.044,-0.321,-0.973,1.026
60.01348876953125,-0.033,-0.329,-0.976,1.03
60.01370906829834,-0.033,-0.329,-0.976,1.03
60.0137619972229,-0.033,-0.329,-0.976,1.03
60.013813972473145,-0.033,-0.329,-0.976,1.03
60.013864040374756,-0.033,-0.329,-0.976,1.03
60.01391291618347,-0.033,-0.329,-0.976,1.03
60.01396083831787,-0.033,-0.329,-0.976,1.03
60.014009952545166,-0.033,-0.329,-0.976,1.03
60.01405906677246,-0.033,-0.329,-0.976,1.03
60.01410794258118,-0.033,-0.329,-0.976,1.03
60.014155864715576,-0.033,-0.329,-0.976,1.03
60.01420497894287,-0.033,-0.329,-0.976,1.03
60.0142560005188,-0.033,-0.329,-0.976,1.03
60.01430797576904,-0.033,-0.329,-0.976,1.03
60.01435685157776,-0.033,-0.329,-0.976,1.03
60.01440477371216,-0.033,-0.329,-0.976,1.03
60.0144567489624,-0.033,-0.329,-0.976,1.03
60.0145058631897,-0.033,-0.329,-0.976,1.03
60.014554023742676,-0.033,-0.329,-0.976,1.03
60.01460289955139,-0.033,-0.329,-0.976,1.03
60.01465082168579,-0.033,-0.329,-0.976,1.03
60.014699935913086,-0.033,-0.329,-0.976,1.03
60.01474905014038,-0.033,-0.329,-0.976,1.03
60.0147979259491,-0.033,-0.329,-0.976,1.03
60.01484680175781,-0.033,-0.329,-0.976,1.03
60.01489496231079,-0.033,-0.329,-0.976,1.03
60.014944076538086,-0.033,-0.329,-0.976,1.03
60.0149929523468,-0.033,-0.329,-0.976,1.03
60.0150408744812,-0.033,-0.329,-0.976,1.03
60.015089988708496,-0.033,-0.329,-0.976,1.03
60.01513886451721,-0.033,-0.329,-0.976,1.03
60.01518774032593,-0.033,-0.329,-0.976,1.03
60.015235900878906,-0.033,-0.329,-0.976,1.03
60.01528787612915,-0.033,-0.329,-0.976,1.03
60.01536798477173,-0.033,-0.329,-0.976,1.03
60.015464782714844,-0.033,-0.329,-0.976,1.03
60.01564073562622,-0.033,-0.329,-0.976,1.03
60.01594686508179,-0.033,-0.329,-0.976,1.03
60.01614594459534,-0.033,-0.329,-0.976,1.03
60.01632499694824,-0.033,-0.329,-0.976,1.03
60.01639795303345,-0.033,-0.329,-0.976,1.03
60.01671290397644,-0.033,-0.329,-0.976,1.03
60.016769886016846,-0.033,-0.329,-0.976,1.03
60.01682186126709,-0.033,-0.329,-0.976,1.03
60.01695990562439,-0.033,-0.329,-0.976,1.03
60.01731991767883,-0.033,-0.329,-0.976,1.03
60.01747393608093,-0.033,-0.329,-0.976,1.03
60.01752686500549,-0.033,-0.329,-0.976,1.03
60.017576932907104,-0.033,-0.329,-0.976,1.03
60.01762580871582,-0.033,-0.329,-0.976,1.03
60.017674922943115,-0.033,-0.329,-0.976,1.03
60.01772403717041,-0.033,-0.329,-0.976,1.03
60.01777195930481,-0.033,-0.329,-0.976,1.03
60.017820835113525,-0.033,-0.329,-0.976,1.03
60.01786994934082,-0.033,-0.329,-0.976,1.03
60.017919063568115,-0.033,-0.329,-0.976,1.03
60.01796793937683,-0.033,-0.329,-0.976,1.03
60.01801586151123,-0.033,-0.329,-0.976,1.03
60.018064975738525,-0.033,-0.329,-0.976,1.03
60.018112897872925,-0.033,-0.329,-0.976,1.03
60.018160820007324,-0.033,-0.329,-0.976,1.03
60.01820993423462,-0.033,-0.329,-0.976,1.03
60.01825785636902,-0.033,-0.329,-0.976,1.03
60.01830577850342,-0.033,-0.329,-0.976,1.03
60.01835584640503,-0.033,-0.329,-0.976,1.03
60.018404960632324,-0.033,-0.329,-0.976,1.03
60.018452882766724,-0.033,-0.329,-0.976,1.03
60.01850485801697,-0.033,-0.329,-0.976,1.03
60.01855492591858,-0.033,-0.329,-0.976,1.03
60.01860594749451,-0.033,-0.329,-0.976,1.03
60.018656730651855,-0.033,-0.329,-0.976,1.03
60.018704891204834,-0.033,-0.329,-0.976,1.03
60.01875400543213,-0.033,-0.329,-0.976,1.03
60.01880192756653,-0.033,-0.329,-0.976,1.03
60.018852949142456,-0.033,-0.329,-0.976,1.03
60.018900871276855,-0.033,-0.329,-0.976,1.03
60.018949031829834,-0.033,-0.329,-0.976,1.03
60.01899790763855,-0.033,-0.329,-0.976,1.03
60.01904582977295,-0.033,-0.329,-0.976,1.03
60.01910591125488,-0.033,-0.329,-0.976,1.03
60.01915884017944,-0.033,-0.329,-0.976,1.03
60.01921486854553,-0.033,-0.329,-0.976,1.03
60.01926279067993,-0.033,-0.329,-0.976,1.03
60.01931595802307,-0.033,-0.329,-0.976,1.03
60.01937007904053,-0.033,-0.329,-0.976,1.03
60.01941776275635,-0.033,-0.329,-0.976,1.03
60.019465923309326,-0.033,-0.329,-0.976,1.03
60.019514083862305,-0.033,-0.329,-0.976,1.03
60.01956295967102,-0.033,-0.329,-0.976,1.03
60.01961088180542,-0.033,-0.329,-0.976,1.03
60.0196590423584,-0.033,-0.329,-0.976,1.03
60.0197069644928,-0.033,-0.329,-0.976,1.03
60.019755840301514,-0.033,-0.329,-0.976,1.03
60.01980400085449,-0.033,-0.329,-0.976,1.03
60.01985192298889,-0.033,-0.329,-0.976,1.03
60.01989984512329,-0.033,-0.329,-0.976,1.03
60.01995801925659,-0.033,-0.329,-0.976,1.03
60.02000689506531,-0.033,-0.329,-0.976,1.03
60.02005577087402,-0.033,-0.329,-0.976,1.03
60.020103931427,-0.033,-0.329,-0.976,1.03
60.0201518535614,-0.033,-0.329,-0.976,1.03
60.02056694030762,-0.033,-0.329,-0.976,1.03
60.02063179016113,-0.033,-0.329,-0.976,1.03
60.02068591117859,-0.033,-0.329,-0.976,1.03
60.020734786987305,-0.033,-0.329,-0.976,1.03
60.020784854888916,-0.033,-0.329,-0.976,1.03
60.02083396911621,-0.033,-0.329,-0.976,1.03
60.020883083343506,-0.033,-0.329,-0.976,1.03
60.02093195915222,-0.033,-0.329,-0.976,1.03
60.020981788635254,-0.033,-0.329,-0.976,1.03
60.02102994918823,-0.033,-0.329,-0.976,1.03
60.02107906341553,-0.033,-0.329,-0.976,1.03
60.02112793922424,-0.033,-0.329,-0.976,1.03
60.02117681503296,-0.033,-0.329,-0.976,1.03
60.02122688293457,-0.033,-0.329,-0.976,1.03
60.021275997161865,-0.033,-0.329,-0.976,1.03
60.02132487297058,-0.033,-0.329,-0.976,1.03
60.0213737487793,-0.033,-0.329,-0.976,1.03
60.02142286300659,-0.033,-0.329,-0.976,1.03
60.02147197723389,-0.033,-0.329,-0.976,1.03
60.0215208530426,-0.033,-0.329,-0.976,1.03
60.0215699672699,-0.033,-0.329,-0.976,1.03
60.02162194252014,-0.033,-0.329,-0.976,1.03
60.021671772003174,-0.033,-0.329,-0.976,1.03
60.0217227935791,-0.033,-0.329,-0.976,1.03
60.02177286148071,-0.033,-0.329,-0.976,1.03
60.021822929382324,-0.033,-0.329,-0.976,1.03
60.02187395095825,-0.033,-0.329,-0.976,1.03
60.02192401885986,-0.033,-0.329,-0.976,1.03
60.02197504043579,-0.033,-0.329,-0.976,1.03
60.02202486991882,-0.033,-0.329,-0.976,1.03
60.02207589149475,-0.033,-0.329,-0.976,1.03
60.02212595939636,-0.033,-0.329,-0.976,1.03
60.022175788879395,-0.033,-0.329,-0.976,1.03
60.022225856781006,-0.033,-0.329,-0.976,1.03
60.022276878356934,-0.033,-0.329,-0.976,1.03
60.022326946258545,-0.033,-0.329,-0.976,1.03
60.02237796783447,-0.033,-0.329,-0.976,1.03
60.0224289894104,-0.033,-0.329,-0.976,1.03
60.02247905731201,-0.033,-0.329,-0.976,1.03
60.022528886795044,-0.033,-0.329,-0.976,1.03
60.02257990837097,-0.033,-0.329,-0.976,1.03
60.022629737854004,-0.033,-0.329,-0.976,1.03
60.02268075942993,-0.033,-0.329,-0.976,1.03
60.02273082733154,-0.033,-0.329,-0.976,1.03
60.022780895233154,-0.033,-0.329,-0.976,1.03
60.02283191680908,-0.033,-0.329,-0.976,1.03
60.02288293838501,-0.033,-0.329,-0.976,1.03
60.02293300628662,-0.033,-0.329,-0.976,1.03
60.02298307418823,-0.033,-0.329,-0.976,1.03
60.02303385734558,-0.033,-0.329,-0.976,1.03
60.02308392524719,-0.033,-0.329,-0.976,1.03
60.023133754730225,-0.033,-0.329,-0.976,1.03
60.023183822631836,-0.033,-0.329,-0.976,1.03
60.023234844207764,-0.033,-0.329,-0.976,1.03
60.023284912109375,-0.033,-0.329,-0.976,1.03
60.023334980010986,-0.033,-0.329,-0.976,1.03
60.023386001586914,-0.033,-0.329,-0.976,1.03
60.023436069488525,-0.033,-0.329,-0.976,1.03
60.023486852645874,-0.033,-0.329,-0.976,1.03
60.023536920547485,-0.033,-0.329,-0.976,1.03
60.02358675003052,-0.033,-0.329,-0.976,1.03
60.02369499206543,-0.033,-0.329,-0.976,1.03
60.023746967315674,-0.033,-0.329,-0.976,1.03
60.0237979888916,-0.033,-0.329,-0.976,1.03
60.02387285232544,-0.033,-0.329,-0.976,1.03
60.02395582199097,-0.033,-0.329,-0.976,1.03
60.024096965789795,-0.005,-0.33,-0.97,1.025
60.02424097061157,-0.005,-0.33,-0.97,1.025
60.02429676055908,-0.005,-0.33,-0.97,1.025
60.02434778213501,-0.005,-0.33,-0.97,1.025
60.02439785003662,-0.005,-0.33,-0.97,1.025
60.02444791793823,-0.005,-0.33,-0.97,1.025
60.02450180053711,-0.005,-0.33,-0.97,1.025
60.02455186843872,-0.005,-0.33,-0.97,1.025
60.024603843688965,-0.005,-0.33,-0.97,1.025
60.02465486526489,-0.005,-0.33,-0.97,1.025
60.02470588684082,-0.005,-0.33,-0.97,1.025
60.02475690841675,-0.005,-0.33,-0.97,1.025
60.02480697631836,-0.005,-0.33,-0.97,1.025
60.02485799789429,-0.005,-0.33,-0.97,1.025
60.0249080657959,-0.005,-0.33,-0.97,1.025
60.02495884895325,-0.005,-0.33,-0.97,1.025
60.02500891685486,-0.005,-0.33,-0.97,1.025
60.025063037872314,-0.005,-0.33,-0.97,1.025
60.02511286735535,-0.005,-0.33,-0.97,1.025
60.025166034698486,-0.005,-0.33,-0.97,1.025
60.025217056274414,-0.005,-0.33,-0.97,1.025
60.02526807785034,-0.005,-0.33,-0.97,1.025
60.02531695365906,-0.005,-0.33,-0.97,1.025
60.02536582946777,-0.005,-0.33,-0.97,1.025
60.025415897369385,-0.005,-0.33,-0.97,1.025
60.025465965270996,-0.005,-0.33,-0.97,1.025
60.02551794052124,-0.005,-0.33,-0.97,1.025
60.02556586265564,-0.005,-0.33,-0.97,1.025
60.025614738464355,-0.005,-0.33,-0.97,1.025
60.025662899017334,-0.005,-0.33,-0.97,1.025
60.02571201324463,-0.005,-0.33,-0.97,1.025
60.02575993537903,-0.005,-0.33,-0.97,1.025
60.02581191062927,-0.005,-0.33,-0.97,1.025
60.0258629322052,-0.005,-0.33,-0.97,1.025
60.02591395378113,-0.005,-0.33,-0.97,1.025
60.02596187591553,-0.005,-0.33,-0.97,1.025
60.026010036468506,-0.005,-0.33,-0.97,1.025
60.02605891227722,-0.005,-0.33,-0.97,1.025
60.02610993385315,-0.005,-0.33,-0.97,1.025
60.02616095542908,-0.005,-0.33,-0.97,1.025
60.02620887756348,-0.005,-0.33,-0.97,1.025
60.02625799179077,-0.005,-0.33,-0.97,1.025
60.02630591392517,-0.005,-0.33,-0.97,1.025
60.026357889175415,-0.005,-0.33,-0.97,1.025
60.026407957077026,-0.005,-0.33,-0.97,1.025
60.02645683288574,-0.005,-0.33,-0.97,1.025
60.02650499343872,-0.005,-0.33,-0.97,1.025
60.02655386924744,-0.005,-0.33,-0.97,1.025
60.026601791381836,-0.005,-0.33,-0.97,1.025
60.026649951934814,-0.005,-0.33,-0.97,1.025
60.02669906616211,-0.005,-0.33,-0.97,1.025
60.026758909225464,-0.005,-0.33,-0.97,1.025
60.026808738708496,-0.005,-0.33,-0.97,1.025
60.02686285972595,-0.005,-0.33,-0.97,1.025
60.026915073394775,-0.005,-0.33,-0.97,1.025
60.02696394920349,-0.005,-0.33,-0.97,1.025
60.02701187133789,-0.005,-0.33,-0.97,1.025
60.027060985565186,-0.005,-0.33,-0.97,1.025
60.027108907699585,-0.005,-0.33,-0.97,1.025
60.0271577835083,-0.005,-0.33,-0.97,1.025
60.02720880508423,-0.005,-0.33,-0.97,1.025
60.02725696563721,-0.005,-0.33,-0.97,1.025
60.0273060798645,-0.005,-0.33,-0.97,1.025
60.02735376358032,-0.005,-0.33,-0.97,1.025
60.02740287780762,-0.005,-0.33,-0.97,1.025
60.027451038360596,-0.005,-0.33,-0.97,1.025
60.02749991416931,-0.005,-0.33,-0.97,1.025
60.027549743652344,-0.005,-0.33,-0.97,1.025
60.02760076522827,-0.005,-0.33,-0.97,1.025
60.02765083312988,-0.005,-0.33,-0.97,1.025
60.027700901031494,-0.005,-0.33,-0.97,1.025
60.027750968933105,-0.005,-0.33,-0.97,1.025
60.02780103683472,-0.005,-0.33,-0.97,1.025
60.027852058410645,-0.005,-0.33,-0.97,1.025
60.02790093421936,-0.005,-0.33,-0.97,1.025
60.02795076370239,-0.005,-0.33,-0.97,1.025
60.028000831604004,-0.005,-0.33,-0.97,1.025
60.02805185317993,-0.005,-0.33,-0.97,1.025
60.02810096740723,-0.005,-0.33,-0.97,1.025
60.02815103530884,-0.005,-0.33,-0.97,1.025
60.02820086479187,-0.005,-0.33,-0.97,1.025
60.02825093269348,-0.005,-0.33,-0.97,1.025
60.0283088684082,-0.005,-0.33,-0.97,1.025
60.02835988998413,-0.005,-0.33,-0.97,1.025
60.028409004211426,-0.005,-0.33,-0.97,1.025
60.02845907211304,-0.005,-0.33,-0.97,1.025
60.02850890159607,-0.005,-0.33,-0.97,1.025
60.0285587310791,-0.005,-0.33,-0.97,1.025
60.02860879898071,-0.005,-0.33,-0.97,1.025
60.028658866882324,-0.005,-0.33,-0.97,1.025
60.02870798110962,-0.005,-0.33,-0.97,1.025
60.02875804901123,-0.005,-0.33,-0.97,1.025
60.02880787849426,-0.005,-0.33,-0.97,1.025
60.02885890007019,-0.005,-0.33,-0.97,1.025
60.028907775878906,-0.005,-0.33,-0.97,1.025
60.02895784378052,-0.005,-0.33,-0.97,1.025
60.02900791168213,-0.005,-0.33,-0.97,1.025
60.02905797958374,-0.005,-0.33,-0.97,1.025
60.02910804748535,-0.005,-0.33,-0.97,1.025
60.029157876968384,-0.005,-0.33,-0.97,1.025
60.0292067527771,-0.005,-0.33,-0.97,1.025
60.02925896644592,-0.005,-0.33,-0.97,1.025
60.029308795928955,-0.005,-0.33,-0.97,1.025
60.029358863830566,-0.005,-0.33,-0.97,1.025
60.02940893173218,-0.005,-0.33,-0.97,1.025
60.02945899963379,-0.005,-0.33,-0.97,1.025
60.029507875442505,-0.005,-0.33,-0.97,1.025
60.029557943344116,-0.005,-0.33,-0.97,1.025
60.02960777282715,-0.005,-0.33,-0.97,1.025
60.02965688705444,-0.005,-0.33,-0.97,1.025
60.029706954956055,-0.005,-0.33,-0.97,1.025
60.029757022857666,-0.005,-0.33,-0.97,1.025
60.02980589866638,-0.005,-0.33,-0.97,1.025
60.02985596656799,-0.005,-0.33,-0.97,1.025
60.029905796051025,-0.005,-0.33,-0.97,1.025
60.02995586395264,-0.005,-0.33,-0.97,1.025
60.03000593185425,-0.005,-0.33,-0.97,1.025
60.03005599975586,-0.005,-0.33,-0.97,1.025
60.03010606765747,-0.005,-0.33,-0.97,1.025
60.0301558971405,-0.005,-0.33,-0.97,1.025
60.030205965042114,-0.005,-0.33,-0.97,1.025
60.03025484085083,-0.005,-0.33,-0.97,1.025
60.03030586242676,-0.005,-0.33,-0.97,1.025
60.03035497665405,-0.005,-0.33,-0.97,1.025
60.030405044555664,-0.005,-0.33,-0.97,1.025
60.030454874038696,-0.005,-0.33,-0.97,1.025
60.03050494194031,-0.005,-0.33,-0.97,1.025
60.03055477142334,-0.005,-0.33,-0.97,1.025
60.030603885650635,-0.005,-0.33,-0.97,1.025
60.030653953552246,-0.005,-0.33,-0.97,1.025
60.03070402145386,-0.005,-0.33,-0.97,1.025
60.03075385093689,-0.005,-0.33,-0.97,1.025
60.030802965164185,-0.005,-0.33,-0.97,1.025
60.03085279464722,-0.005,-0.33,-0.97,1.025
60.03090286254883,-0.005,-0.33,-0.97,1.025
60.03095293045044,-0.005,-0.33,-0.97,1.025
60.031002044677734,-0.005,-0.33,-0.97,1.025
60.03150296211243,-0.005,-0.33,-0.97,1.025
60.03155183792114,-0.005,-0.33,-0.97,1.025
60.031617879867554,-0.005,-0.33,-0.97,1.025
60.03166580200195,-0.005,-0.33,-0.97,1.025
60.03171491622925,-0.005,-0.33,-0.97,1.025
60.03176307678223,-0.005,-0.33,-0.97,1.025
60.03181195259094,-0.005,-0.33,-0.97,1.025
60.03185987472534,-0.005,-0.33,-0.97,1.025
60.03191089630127,-0.005,-0.33,-0.97,1.025
60.03196096420288,-0.005,-0.33,-0.97,1.025
60.03206205368042,-0.005,-0.33,-0.97,1.025
60.03211307525635,-0.005,-0.33,-0.97,1.025
60.03216290473938,-0.005,-0.33,-0.97,1.025
60.03221273422241,-0.005,-0.33,-0.97,1.025
60.03226375579834,-0.005,-0.33,-0.97,1.025
60.032312870025635,-0.005,-0.33,-0.97,1.025
60.03236389160156,-0.005,-0.33,-0.97,1.025
60.03241300582886,-0.005,-0.33,-0.97,1.025
60.03246307373047,-0.005,-0.33,-0.97,1.025
60.0325129032135,-0.005,-0.33,-0.97,1.025
60.032585859298706,-0.005,-0.33,-0.97,1.025
60.032670974731445,-0.005,-0.33,-0.97,1.025
60.03272986412048,-0.005,-0.33,-0.97,1.025
60.03278398513794,-0.005,-0.33,-0.97,1.025
60.03283500671387,-0.005,-0.33,-0.97,1.025
60.032886028289795,-0.005,-0.33,-0.97,1.025
60.03293704986572,-0.005,-0.33,-0.97,1.025
60.032986879348755,-0.005,-0.33,-0.97,1.025
60.03303790092468,-0.005,-0.33,-0.97,1.025
60.033087730407715,-0.005,-0.33,-0.97,1.025
60.03313875198364,-0.005,-0.33,-0.97,1.025
60.033188819885254,-0.005,-0.33,-0.97,1.025
60.03323984146118,-0.005,-0.33,-0.97,1.025
60.03328990936279,-0.005,-0.33,-0.97,1.025
60.03334093093872,-0.005,-0.33,-0.97,1.025
60.03339099884033,-0.005,-0.33,-0.97,1.025
60.03344202041626,-0.005,-0.33,-0.97,1.025
60.03349304199219,-0.005,-0.33,-0.97,1.025
60.03354501724243,-0.005,-0.33,-0.97,1.025
60.03359603881836,-0.005,-0.33,-0.97,1.025
60.03364706039429,-0.005,-0.33,-0.97,1.025
60.03369688987732,-0.005,-0.33,-0.97,1.025
60.03374886512756,0.03,-0.341,-0.955,1.014
60.03393077850342,0.03,-0.341,-0.955,1.014
60.033984899520874,0.03,-0.341,-0.955,1.014
60.03403997421265,0.03,-0.341,-0.955,1.014
60.034090995788574,0.03,-0.341,-0.955,1.014
60.0341420173645,0.03,-0.341,-0.955,1.014
60.03419208526611,0.03,-0.341,-0.955,1.014
60.03424286842346,0.03,-0.341,-0.955,1.014
60.03429293632507,0.03,-0.341,-0.955,1.014
60.034343957901,0.03,-0.341,-0.955,1.014
60.03439474105835,0.03,-0.341,-0.955,1.014
60.03444576263428,0.03,-0.341,-0.955,1.014
60.03449583053589,0.03,-0.341,-0.955,1.014
60.034546852111816,0.03,-0.341,-0.955,1.014
60.03459692001343,0.03,-0.341,-0.955,1.014
60.03464889526367,0.03,-0.341,-0.955,1.014
60.0346999168396,0.03,-0.341,-0.955,1.014
60.03474998474121,0.03,-0.341,-0.955,1.014
60.03480100631714,0.03,-0.341,-0.955,1.014
60.03485107421875,0.03,-0.341,-0.955,1.014
60.0349018573761,0.03,-0.341,-0.955,1.014
60.034952878952026,0.03,-0.341,-0.955,1.014
60.03500294685364,0.03,-0.341,-0.955,1.014
60.03505277633667,0.03,-0.341,-0.955,1.014
60.0351037979126,0.03,-0.341,-0.955,1.014
60.03515386581421,0.03,-0.341,-0.955,1.014
60.03520488739014,0.03,-0.341,-0.955,1.014
60.035255908966064,0.03,-0.341,-0.955,1.014
60.035305976867676,0.03,-0.341,-0.955,1.014
60.03535985946655,0.03,-0.341,-0.955,1.014
60.035409927368164,0.03,-0.341,-0.955,1.014
60.03546094894409,0.03,-0.341,-0.955,1.014
60.0355110168457,0.03,-0.341,-0.955,1.014
60.035561084747314,0.03,-0.341,-0.955,1.014
60.03561186790466,0.03,-0.341,-0.955,1.014
60.035661935806274,0.03,-0.341,-0.955,1.014
60.0357129573822,0.03,-0.341,-0.955,1.014
60.03576374053955,0.03,-0.341,-0.955,1.014
60.035812854766846,0.03,-0.341,-0.955,1.014
60.03586196899414,0.03,-0.341,-0.955,1.014
60.035911083221436,0.03,-0.341,-0.955,1.014
60.03596305847168,0.03,-0.341,-0.955,1.014
60.03601288795471,0.03,-0.341,-0.955,1.014
60.03606295585632,0.03,-0.341,-0.955,1.014
60.03613996505737,0.03,-0.341,-0.955,1.014
60.03619885444641,0.03,-0.341,-0.955,1.014
60.036251068115234,0.03,-0.341,-0.955,1.014
60.03630089759827,0.03,-0.341,-0.955,1.014
60.03634977340698,0.03,-0.341,-0.955,1.014
60.03639888763428,0.03,-0.341,-0.955,1.014
60.03648281097412,0.03,-0.341,-0.955,1.014
60.036531925201416,0.03,-0.341,-0.955,1.014
60.03658103942871,0.03,-0.341,-0.955,1.014
60.03662991523743,0.03,-0.341,-0.955,1.014
60.03667879104614,0.03,-0.341,-0.955,1.014
60.03672790527344,0.03,-0.341,-0.955,1.014
60.03677701950073,0.03,-0.341,-0.955,1.014
60.03682589530945,0.03,-0.341,-0.955,1.014
60.036874771118164,0.03,-0.341,-0.955,1.014
60.03692388534546,0.03,-0.341,-0.955,1.014
60.036972999572754,0.03,-0.341,-0.955,1.014
60.03702187538147,0.03,-0.341,-0.955,1.014
60.037070751190186,0.03,-0.341,-0.955,1.014
60.03711986541748,0.03,-0.341,-0.955,1.014
60.03716802597046,0.03,-0.341,-0.955,1.014
60.037216901779175,0.03,-0.341,-0.955,1.014
60.03726577758789,0.03,-0.341,-0.955,1.014
60.037314891815186,0.03,-0.341,-0.955,1.014
60.03736400604248,0.03,-0.341,-0.955,1.014
60.037412881851196,0.03,-0.341,-0.955,1.014
60.03746175765991,0.03,-0.341,-0.955,1.014
60.03751087188721,0.03,-0.341,-0.955,1.014
60.037559032440186,0.03,-0.341,-0.955,1.014
60.0376079082489,0.03,-0.341,-0.955,1.014
60.037657737731934,0.03,-0.341,-0.955,1.014
60.03772187232971,0.03,-0.341,-0.955,1.014
60.03777194023132,0.03,-0.341,-0.955,1.014
60.03781986236572,0.03,-0.341,-0.955,1.014
60.03786897659302,0.03,-0.341,-0.955,1.014
60.03792381286621,0.03,-0.341,-0.955,1.014
60.037972927093506,0.03,-0.341,-0.955,1.014
60.0380220413208,0.03,-0.341,-0.955,1.014
60.03807091712952,0.03,-0.341,-0.955,1.014
60.03812289237976,0.03,-0.341,-0.955,1.014
60.03817081451416,0.03,-0.341,-0.955,1.014
60.03822708129883,0.03,-0.341,-0.955,1.014
60.03827905654907,0.03,-0.341,-0.955,1.014
60.038328886032104,0.03,-0.341,-0.955,1.014
60.038382053375244,0.03,-0.341,-0.955,1.014
60.03843092918396,0.03,-0.341,-0.955,1.014
60.038479804992676,0.03,-0.341,-0.955,1.014
60.03852891921997,0.03,-0.341,-0.955,1.014
60.038578033447266,0.03,-0.341,-0.955,1.014
60.03862690925598,0.03,-0.341,-0.955,1.014
60.03867483139038,0.03,-0.341,-0.955,1.014
60.038723945617676,0.03,-0.341,-0.955,1.014
60.03877401351929,0.03,-0.341,-0.955,1.014
60.03882193565369,0.03,-0.341,-0.955,1.014
60.0388708114624,0.03,-0.341,-0.955,1.014
60.0389199256897,0.03,-0.341,-0.955,1.014
60.03896903991699,0.03,-0.341,-0.955,1.014
60.03901791572571,0.03,-0.341,-0.955,1.014
60.039066791534424,0.03,-0.341,-0.955,1.014
60.0391149520874,0.03,-0.341,-0.955,1.014
60.0391640663147,0.03,-0.341,-0.955,1.014
60.03921294212341,0.03,-0.341,-0.955,1.014
60.03926181793213,0.03,-0.341,-0.955,1.014
60.03930997848511,0.03,-0.341,-0.955,1.014
60.03935885429382,0.03,-0.341,-0.955,1.014
60.03940987586975,0.03,-0.341,-0.955,1.014
60.03945994377136,0.03,-0.341,-0.955,1.014
60.03951096534729,0.03,-0.341,-0.955,1.014
60.03955888748169,0.03,-0.341,-0.955,1.014
60.039608001708984,0.03,-0.341,-0.955,1.014
60.0396568775177,0.03,-0.341,-0.955,1.014
60.0397047996521,0.03,-0.341,-0.955,1.014
60.03975486755371,0.03,-0.341,-0.955,1.014
60.03980302810669,0.03,-0.341,-0.955,1.014
60.039851903915405,0.03,-0.341,-0.955,1.014
60.03990077972412,0.03,-0.341,-0.955,1.014
60.039949893951416,0.03,-0.341,-0.955,1.014
60.03999900817871,0.03,-0.341,-0.955,1.014
60.04005479812622,0.03,-0.341,-0.955,1.014
60.040103912353516,0.03,-0.341,-0.955,1.014
60.04016995429993,0.03,-0.341,-0.955,1.014
60.04021883010864,0.03,-0.341,-0.955,1.014
60.04026794433594,0.03,-0.341,-0.955,1.014
60.04031991958618,0.03,-0.341,-0.955,1.014
60.04036903381348,0.03,-0.341,-0.955,1.014
60.04041886329651,0.03,-0.341,-0.955,1.014
60.040467739105225,0.03,-0.341,-0.955,1.014
60.04051685333252,0.03,-0.341,-0.955,1.014
60.040565967559814,0.03,-0.341,-0.955,1.014
60.04061508178711,0.03,-0.341,-0.955,1.014
60.040663957595825,0.03,-0.341,-0.955,1.014
60.04071283340454,0.03,-0.341,-0.955,1.014
60.040761947631836,0.03,-0.341,-0.955,1.014
60.040809869766235,0.03,-0.341,-0.955,1.014
60.04085874557495,0.03,-0.341,-0.955,1.014
60.040907859802246,0.03,-0.341,-0.955,1.014
60.04095697402954,0.03,-0.341,-0.955,1.014
60.04100584983826,0.03,-0.341,-0.955,1.014
60.041053771972656,0.03,-0.341,-0.955,1.014
60.04110288619995,0.03,-0.341,-0.955,1.014
60.041152000427246,0.03,-0.341,-0.955,1.014
60.04120087623596,0.03,-0.341,-0.955,1.014
60.04124879837036,0.03,-0.341,-0.955,1.014
60.041297912597656,0.03,-0.341,-0.955,1.014
60.04134702682495,0.03,-0.341,-0.955,1.014
60.04139590263367,0.03,-0.341,-0.955,1.014
60.04144477844238,0.03,-0.341,-0.955,1.014
60.04149293899536,0.03,-0.341,-0.955,1.014
60.041542053222656,0.03,-0.341,-0.955,1.014
60.04159092903137,0.03,-0.341,-0.955,1.014
60.04163980484009,0.03,-0.341,-0.955,1.014
60.04168891906738,0.03,-0.341,-0.955,1.014
60.04173803329468,0.03,-0.341,-0.955,1.014
60.04178595542908,0.03,-0.341,-0.955,1.014
60.04183483123779,0.03,-0.341,-0.955,1.014
60.04188394546509,0.03,-0.341,-0.955,1.014
60.04193305969238,0.03,-0.341,-0.955,1.014
60.0419807434082,0.03,-0.341,-0.955,1.014
60.04203701019287,0.03,-0.341,-0.955,1.014
60.0420880317688,0.03,-0.341,-0.955,1.014
60.04213786125183,0.03,-0.341,-0.955,1.014
60.04218673706055,0.03,-0.341,-0.955,1.014
60.04223585128784,0.03,-0.341,-0.955,1.014
60.04228496551514,0.03,-0.341,-0.955,1.014
60.04233407974243,0.03,-0.341,-0.955,1.014
60.04238176345825,0.03,-0.341,-0.955,1.014
60.04243087768555,0.03,-0.341,-0.955,1.014
60.04247999191284,0.03,-0.341,-0.955,1.014
60.04253578186035,0.03,-0.341,-0.955,1.014
60.04258894920349,0.03,-0.341,-0.955,1.014
60.04263877868652,0.03,-0.341,-0.955,1.014
60.04268980026245,0.03,-0.341,-0.955,1.014
60.04273796081543,0.03,-0.341,-0.955,1.014
60.042787075042725,0.03,-0.341,-0.955,1.014
60.04283595085144,0.03,-0.341,-0.955,1.014
60.042892932891846,0.03,-0.341,-0.955,1.014
60.04294204711914,0.03,-0.341,-0.955,1.014
60.042990922927856,0.03,-0.341,-0.955,1.014
60.043038845062256,0.03,-0.341,-0.955,1.014
60.04308795928955,0.03,-0.341,-0.955,1.014
60.043137073516846,0.03,-0.341,-0.955,1.014
60.043184757232666,0.03,-0.341,-0.955,1.014
60.04323387145996,0.03,-0.341,-0.955,1.014
60.04328393936157,0.03,-0.341,-0.955,1.014
60.04333305358887,0.03,-0.341,-0.955,1.014
60.04338073730469,0.03,-0.341,-0.955,1.014
60.04342985153198,0.03,-0.341,-0.955,1.014
60.04347896575928,0.03,-0.341,-0.955,1.014
60.043532848358154,0.03,-0.341,-0.955,1.014
60.04358196258545,0.03,-0.341,-0.955,1.014
60.04363203048706,0.03,-0.341,-0.955,1.014
60.043680906295776,0.03,-0.341,-0.955,1.014
60.04372978210449,0.03,-0.341,-0.955,1.014
60.04378080368042,0.03,-0.341,-0.955,1.014
60.04383087158203,0.03,-0.341,-0.955,1.014
60.04399299621582,0.056,-0.367,-0.94,1.011
60.04404401779175,0.056,-0.367,-0.94,1.011
60.04409408569336,0.056,-0.367,-0.94,1.011
60.044142961502075,0.056,-0.367,-0.94,1.011
60.04419183731079,0.056,-0.367,-0.94,1.011
60.04423999786377,0.056,-0.367,-0.94,1.011
60.044288873672485,0.056,-0.367,-0.94,1.011
60.0443389415741,0.056,-0.367,-0.94,1.011
60.044386863708496,0.056,-0.367,-0.94,1.011
60.04443597793579,0.056,-0.367,-0.94,1.011
60.04448485374451,0.056,-0.367,-0.94,1.011
60.04453372955322,0.056,-0.367,-0.94,1.011
60.04458284378052,0.056,-0.367,-0.94,1.011
60.04463195800781,0.056,-0.367,-0.94,1.011
60.04468107223511,0.056,-0.367,-0.94,1.011
60.04472875595093,0.056,-0.367,-0.94,1.011
60.04477787017822,0.056,-0.367,-0.94,1.011
60.04482698440552,0.056,-0.367,-0.94,1.011
60.04487586021423,0.056,-0.367,-0.94,1.011
60.04492378234863,0.056,-0.367,-0.94,1.011
60.04497289657593,0.056,-0.367,-0.94,1.011
60.04502201080322,0.056,-0.367,-0.94,1.011
60.04507088661194,0.056,-0.367,-0.94,1.011
60.04511880874634,0.056,-0.367,-0.94,1.011
60.04516792297363,0.056,-0.367,-0.94,1.011
60.04521608352661,0.056,-0.367,-0.94,1.011
60.04526495933533,0.056,-0.367,-0.94,1.011
60.04531383514404,0.056,-0.367,-0.94,1.011
60.04536294937134,0.056,-0.367,-0.94,1.011
60.04541206359863,0.056,-0.367,-0.94,1.011
60.04546308517456,0.056,-0.367,-0.94,1.011
60.045511960983276,0.056,-0.367,-0.94,1.011
60.045559883117676,0.056,-0.367,-0.94,1.011
60.04560899734497,0.056,-0.367,-0.94,1.011
60.04565787315369,0.056,-0.367,-0.94,1.011
60.0457067489624,0.056,-0.367,-0.94,1.011
60.04575490951538,0.056,-0.367,-0.94,1.011
60.045804023742676,0.056,-0.367,-0.94,1.011
60.04585289955139,0.056,-0.367,-0.94,1.011
60.04590082168579,0.056,-0.367,-0.94,1.011
60.045949935913086,0.056,-0.367,-0.94,1.011
60.045997858047485,0.056,-0.367,-0.94,1.011
60.0460467338562,0.056,-0.367,-0.94,1.011
60.046095848083496,0.056,-0.367,-0.94,1.011
60.046144008636475,0.056,-0.367,-0.94,1.011
60.04619288444519,0.056,-0.367,-0.94,1.011
60.04624080657959,0.056,-0.367,-0.94,1.011
60.046289920806885,0.056,-0.367,-0.94,1.011
60.04633808135986,0.056,-0.367,-0.94,1.011
60.04638695716858,0.056,-0.367,-0.94,1.011
60.04643487930298,0.056,-0.367,-0.94,1.011
60.04648399353027,0.056,-0.367,-0.94,1.011
60.04653286933899,0.056,-0.367,-0.94,1.011
60.04658079147339,0.056,-0.367,-0.94,1.011
60.046629905700684,0.056,-0.367,-0.94,1.011
60.04667806625366,0.056,-0.367,-0.94,1.011
60.04672694206238,0.056,-0.367,-0.94,1.011
60.046775817871094,0.056,-0.367,-0.94,1.011
60.04682493209839,0.056,-0.367,-0.94,1.011
60.04687285423279,0.056,-0.367,-0.94,1.011
60.04692602157593,0.056,-0.367,-0.94,1.011
60.04697895050049,0.056,-0.367,-0.94,1.011
60.047029972076416,0.056,-0.367,-0.94,1.011
60.04707908630371,0.056,-0.367,-0.94,1.011
60.04712796211243,0.056,-0.367,-0.94,1.011
60.047175884246826,0.056,-0.367,-0.94,1.011
60.04722499847412,0.056,-0.367,-0.94,1.011
60.04727387428284,0.056,-0.367,-0.94,1.011
60.04732275009155,0.056,-0.367,-0.94,1.011
60.04737186431885,0.056,-0.367,-0.94,1.011
60.04742193222046,0.056,-0.367,-0.94,1.011
60.04746985435486,0.056,-0.367,-0.94,1.011
60.047518730163574,0.056,-0.367,-0.94,1.011
60.04757595062256,0.056,-0.367,-0.94,1.011
60.04762506484985,0.056,-0.367,-0.94,1.011
60.04767394065857,0.056,-0.367,-0.94,1.011
60.047722816467285,0.056,-0.367,-0.94,1.011
60.04777193069458,0.056,-0.367,-0.94,1.011
60.047823905944824,0.056,-0.367,-0.94,1.011
60.04787302017212,0.056,-0.367,-0.94,1.011
60.047921895980835,0.056,-0.367,-0.94,1.011
60.04797077178955,0.056,-0.367,-0.94,1.011
60.04801893234253,0.056,-0.367,-0.94,1.011
60.048068046569824,0.056,-0.367,-0.94,1.011
60.04811692237854,0.056,-0.367,-0.94,1.011
60.048165798187256,0.056,-0.367,-0.94,1.011
60.04821491241455,0.056,-0.367,-0.94,1.011
60.0482759475708,0.056,-0.367,-0.94,1.011
60.048325061798096,0.056,-0.367,-0.94,1.011
60.04837393760681,0.056,-0.367,-0.94,1.011
60.04842281341553,0.056,-0.367,-0.94,1.011
60.048470973968506,0.056,-0.367,-0.94,1.011
60.04851984977722,0.056,-0.367,-0.94,1.011
60.04856896400452,0.056,-0.367,-0.94,1.011
60.04861783981323,0.056,-0.367,-0.94,1.011
60.04866981506348,0.056,-0.367,-0.94,1.011
60.04871988296509,0.056,-0.367,-0.94,1.011
60.048770904541016,0.056,-0.367,-0.94,1.011
60.04882001876831,0.056,-0.367,-0.94,1.011
60.048868894577026,0.056,-0.367,-0.94,1.011
60.04891777038574,0.056,-0.367,-0.94,1.011
60.04896593093872,0.056,-0.367,-0.94,1.011
60.049015045166016,0.056,-0.367,-0.94,1.011
60.04906392097473,0.056,-0.367,-0.94,1.011
60.04911279678345,0.056,-0.367,-0.94,1.011
60.049160957336426,0.056,-0.367,-0.94,1.011
60.04921007156372,0.056,-0.367,-0.94,1.011
60.04925894737244,0.056,-0.367,-0.94,1.011
60.049306869506836,0.056,-0.367,-0.94,1.011
60.04935598373413,0.056,-0.367,-0.94,1.011
60.04940485954285,0.056,-0.367,-0.94,1.011
60.04945373535156,0.056,-0.367,-0.94,1.011
60.04950189590454,0.056,-0.367,-0.94,1.011
60.049551010131836,0.056,-0.367,-0.94,1.011
60.04959988594055,0.056,-0.367,-0.94,1.011
60.04964876174927,0.056,-0.367,-0.94,1.011
60.04969787597656,0.056,-0.367,-0.94,1.011
60.04974699020386,0.056,-0.367,-0.94,1.011
60.04979586601257,0.056,-0.367,-0.94,1.011
60.04984474182129,0.056,-0.367,-0.94,1.011
60.049893856048584,0.056,-0.367,-0.94,1.011
60.04994201660156,0.056,-0.367,-0.94,1.011
60.04999089241028,0.056,-0.367,-0.94,1.011
60.050039768218994,0.056,-0.367,-0.94,1.011
60.05008888244629,0.056,-0.367,-0.94,1.011
60.050137996673584,0.056,-0.367,-0.94,1.011
60.0501868724823,0.056,-0.367,-0.94,1.011
60.0502347946167,0.056,-0.367,-0.94,1.011
60.050283908843994,0.056,-0.367,-0.94,1.011
60.05033206939697,0.056,-0.367,-0.94,1.011
60.05038094520569,0.056,-0.367,-0.94,1.011
60.050429821014404,0.056,-0.367,-0.94,1.011
60.05047798156738,0.056,-0.367,-0.94,1.011
60.0505268573761,0.056,-0.367,-0.94,1.011
60.050575733184814,0.056,-0.367,-0.94,1.011
60.05062389373779,0.056,-0.367,-0.94,1.011
60.05067300796509,0.056,-0.367,-0.94,1.011
60.05072093009949,0.056,-0.367,-0.94,1.011
60.0507698059082,0.056,-0.367,-0.94,1.011
60.0508189201355,0.056,-0.367,-0.94,1.011
60.05086803436279,0.056,-0.367,-0.94,1.011
60.05091595649719,0.056,-0.367,-0.94,1.011
60.05096483230591,0.056,-0.367,-0.94,1.011
60.0510139465332,0.056,-0.367,-0.94,1.011
60.0510618686676,0.056,-0.367,-0.94,1.011
60.05111074447632,0.056,-0.367,-0.94,1.011
60.05115985870361,0.056,-0.367,-0.94,1.011
60.05120897293091,0.056,-0.367,-0.94,1.011
60.05125689506531,0.056,-0.367,-0.94,1.011
60.05130577087402,0.056,-0.367,-0.94,1.011
60.05135488510132,0.056,-0.367,-0.94,1.011
60.05140399932861,0.056,-0.367,-0.94,1.011
60.05145192146301,0.056,-0.367,-0.94,1.011
60.05150079727173,0.056,-0.367,-0.94,1.011
60.05154991149902,0.056,-0.367,-0.94,1.011
60.05159902572632,0.056,-0.367,-0.94,1.011
60.05164694786072,0.056,-0.367,-0.94,1.011
60.051695823669434,0.056,-0.367,-0.94,1.011
60.05174493789673,0.056,-0.367,-0.94,1.011
60.05179286003113,0.056,-0.367,-0.94,1.011
60.05184292793274,0.056,-0.367,-0.94,1.011
60.05189085006714,0.056,-0.367,-0.94,1.011
60.051939964294434,0.056,-0.367,-0.94,1.011
60.05198907852173,0.056,-0.367,-0.94,1.011
60.05203676223755,0.056,-0.367,-0.94,1.011
60.05208778381348,0.056,-0.367,-0.94,1.011
60.05213689804077,0.056,-0.367,-0.94,1.011
60.052186012268066,0.056,-0.367,-0.94,1.011
60.05223488807678,0.056,-0.367,-0.94,1.011
60.05228281021118,0.056,-0.367,-0.94,1.011
60.05233192443848,0.056,-0.367,-0.94,1.011
60.05238103866577,0.056,-0.367,-0.94,1.011
60.05242991447449,0.056,-0.367,-0.94,1.011
60.05247974395752,0.056,-0.367,-0.94,1.011
60.0525279045105,0.056,-0.367,-0.94,1.011
60.05257701873779,0.056,-0.367,-0.94,1.011
60.05262589454651,0.056,-0.367,-0.94,1.011
60.05267381668091,0.056,-0.367,-0.94,1.011
60.0527229309082,0.056,-0.367,-0.94,1.011
60.0527720451355,0.056,-0.367,-0.94,1.011
60.052820920944214,0.056,-0.367,-0.94,1.011
60.05286979675293,0.056,-0.367,-0.94,1.011
60.052918910980225,0.056,-0.367,-0.94,1.011
60.0529670715332,0.056,-0.367,-0.94,1.011
60.053024768829346,0.056,-0.367,-0.94,1.011
60.05307388305664,0.056,-0.367,-0.94,1.011
60.053122997283936,0.056,-0.367,-0.94,1.011
60.053178787231445,0.056,-0.367,-0.94,1.011
60.05322790145874,0.056,-0.367,-0.94,1.011
60.053277015686035,0.056,-0.367,-0.94,1.011
60.05332589149475,0.056,-0.367,-0.94,1.011
60.05337476730347,0.056,-0.367,-0.94,1.011
60.053422927856445,0.056,-0.367,-0.94,1.011
60.053475856781006,0.056,-0.367,-0.94,1.011
60.053531885147095,0.056,-0.367,-0.94,1.011
60.05358076095581,0.056,-0.367,-0.94,1.011
60.053632736206055,0.056,-0.367,-0.94,1.011
60.05368995666504,0.079,-0.387,-0.937,1.017
60.053807735443115,0.079,-0.387,-0.937,1.017
60.05385875701904,0.079,-0.387,-0.937,1.017
60.05390787124634,0.079,-0.387,-0.937,1.017
60.05395698547363,0.079,-0.387,-0.937,1.017
60.05400490760803,0.079,-0.387,-0.937,1.017
60.05405378341675,0.079,-0.387,-0.937,1.017
60.05410289764404,0.079,-0.387,-0.937,1.017
60.05415105819702,0.079,-0.387,-0.937,1.017
60.054205894470215,0.079,-0.387,-0.937,1.017
60.05425500869751,0.079,-0.387,-0.937,1.017
60.054303884506226,0.079,-0.387,-0.937,1.017
60.05435800552368,0.079,-0.387,-0.937,1.017
60.0544068813324,0.079,-0.387,-0.937,1.017
60.05445575714111,0.079,-0.387,-0.937,1.017
60.05450487136841,0.079,-0.387,-0.937,1.017
60.05455994606018,0.079,-0.387,-0.937,1.017
60.05460786819458,0.079,-0.387,-0.937,1.017
60.054656982421875,0.079,-0.387,-0.937,1.017
60.05470585823059,0.079,-0.387,-0.937,1.017
60.05475378036499,0.079,-0.387,-0.937,1.017
60.054802894592285,0.079,-0.387,-0.937,1.017
60.054851055145264,0.079,-0.387,-0.937,1.017
60.054898738861084,0.079,-0.387,-0.937,1.017
60.05494785308838,0.079,-0.387,-0.937,1.017
60.054996967315674,0.079,-0.387,-0.937,1.017
60.05504488945007,0.079,-0.387,-0.937,1.017
60.05509376525879,0.079,-0.387,-0.937,1.017
60.055142879486084,0.079,-0.387,-0.937,1.017
60.05519199371338,0.079,-0.387,-0.937,1.017
60.055240869522095,0.079,-0.387,-0.937,1.017
60.05529189109802,0.079,-0.387,-0.937,1.017
60.05534076690674,0.079,-0.387,-0.937,1.017
60.0554039478302,0.079,-0.387,-0.937,1.017
60.055452823638916,0.079,-0.387,-0.937,1.017
60.05550193786621,0.079,-0.387,-0.937,1.017
60.05554986000061,0.079,-0.387,-0.937,1.017
60.055598735809326,0.079,-0.387,-0.937,1.017
60.055646896362305,0.079,-0.387,-0.937,1.017
60.0556960105896,0.079,-0.387,-0.937,1.017
60.055743932724,0.079,-0.387,-0.937,1.017
60.055792808532715,0.079,-0.387,-0.937,1.017
60.05584096908569,0.079,-0.387,-0.937,1.017
60.05589008331299,0.079,-0.387,-0.937,1.017
60.055938959121704,0.079,-0.387,-0.937,1.017
60.0559868812561,0.079,-0.387,-0.937,1.017
60.0560359954834,0.079,-0.387,-0.937,1.017
60.056087017059326,0.079,-0.387,-0.937,1.017
60.05613708496094,0.079,-0.387,-0.937,1.017
60.05618691444397,0.079,-0.387,-0.937,1.017
60.056236743927,0.079,-0.387,-0.937,1.017
60.05628681182861,0.079,-0.387,-0.937,1.017
60.056336879730225,0.079,-0.387,-0.937,1.017
60.056386947631836,0.079,-0.387,-0.937,1.017
60.056437969207764,0.079,-0.387,-0.937,1.017
60.05648589134216,0.079,-0.387,-0.937,1.017
60.05653476715088,0.079,-0.387,-0.937,1.017
60.05658292770386,0.079,-0.387,-0.937,1.017
60.05663204193115,0.079,-0.387,-0.937,1.017
60.05668091773987,0.079,-0.387,-0.937,1.017
60.05672883987427,0.079,-0.387,-0.937,1.017
60.05677795410156,0.079,-0.387,-0.937,1.017
60.05682706832886,0.079,-0.387,-0.937,1.017
60.05687475204468,0.079,-0.387,-0.937,1.017
60.05692386627197,0.079,-0.387,-0.937,1.017
60.05697298049927,0.079,-0.387,-0.937,1.017
60.05702090263367,0.079,-0.387,-0.937,1.017
60.05706977844238,0.079,-0.387,-0.937,1.017
60.05711889266968,0.079,-0.387,-0.937,1.017
60.057167053222656,0.079,-0.387,-0.937,1.017
60.05721592903137,0.079,-0.387,-0.937,1.017
60.05726385116577,0.079,-0.387,-0.937,1.017
60.057312965393066,0.079,-0.387,-0.937,1.017
60.057360887527466,0.079,-0.387,-0.937,1.017
60.05740976333618,0.079,-0.387,-0.937,1.017
60.05745792388916,0.079,-0.387,-0.937,1.017
60.05750608444214,0.079,-0.387,-0.937,1.017
60.057554960250854,0.079,-0.387,-0.937,1.017
60.057602882385254,0.079,-0.387,-0.937,1.017
60.05765104293823,0.079,-0.387,-0.937,1.017
60.05769991874695,0.079,-0.387,-0.937,1.017
60.05774784088135,0.079,-0.387,-0.937,1.017
60.05779695510864,0.079,-0.387,-0.937,1.017
60.05784487724304,0.079,-0.387,-0.937,1.017
60.05789375305176,0.079,-0.387,-0.937,1.017
60.05794286727905,0.079,-0.387,-0.937,1.017
60.05799102783203,0.079,-0.387,-0.937,1.017
60.05803990364075,0.079,-0.387,-0.937,1.017
60.05808782577515,0.079,-0.387,-0.937,1.017
60.05813694000244,0.079,-0.387,-0.937,1.017
60.05818486213684,0.079,-0.387,-0.937,1.017
60.05823373794556,0.079,-0.387,-0.937,1.017
60.058281898498535,0.079,-0.387,-0.937,1.017
60.05833101272583,0.079,-0.387,-0.937,1.017
60.05837893486023,0.079,-0.387,-0.937,1.017
60.058427810668945,0.079,-0.387,-0.937,1.017
60.058475971221924,0.079,-0.387,-0.937,1.017
60.05852508544922,0.079,-0.387,-0.937,1.017
60.05857276916504,0.079,-0.387,-0.937,1.017
60.058621883392334,0.079,-0.387,-0.937,1.017
60.05867099761963,0.079,-0.387,-0.937,1.017
60.058719873428345,0.079,-0.387,-0.937,1.017
60.058769941329956,0.079,-0.387,-0.937,1.017
60.05881977081299,0.079,-0.387,-0.937,1.017
60.059027910232544,0.079,-0.387,-0.937,1.017
60.05952787399292,0.079,-0.387,-0.937,1.017
60.05957794189453,0.079,-0.387,-0.937,1.017
60.059627056121826,0.079,-0.387,-0.937,1.017
60.064794063568115,0.079,-0.395,-0.925,1.009
60.07998490333557,0.061,-0.396,-0.924,1.007
60.09728693962097,0.041,-0.389,-0.93,1.009
60.097357749938965,0.041,-0.389,-0.93,1.009
60.1146719455719,0.025,-0.377,-0.927,1.001
60.11691474914551,0.025,-0.377,-0.927,1.001
60.130287885665894,0.041,-0.389,-0.915,0.995
60.14609384536743,0.08,-0.412,-0.86,0.957
60.14616775512695,0.08,-0.412,-0.86,0.957
60.164127826690674,0.098,-0.425,-0.844,0.95
60.16665077209473,0.118,-0.435,-0.848,0.96
60.17534589767456,0.13,-0.451,-0.852,0.973
60.19625282287598,0.094,-0.478,-0.862,0.99
60.196330070495605,0.094,-0.478,-0.862,0.99
60.212810039520264,0.083,-0.479,-0.873,0.999
60.22948694229126,0.052,-0.469,-0.897,1.014
60.23005199432373,0.052,-0.469,-0.897,1.014
60.24676585197449,0.036,-0.458,-0.907,1.017
60.24683904647827,0.036,-0.458,-0.907,1.017
60.26379895210266,0.034,-0.456,-0.903,1.012
60.26636290550232,0.047,-0.451,-0.918,1.024
60.280306816101074,0.057,-0.443,-0.921,1.024
60.29510974884033,0.062,-0.426,-0.915,1.011
60.29772591590881,0.068,-0.41,-0.905,0.996
60.31186890602112,0.071,-0.405,-0.882,0.973
60.328590869903564,0.081,-0.42,-0.899,0.996
60.32868194580078,0.081,-0.42,-0.899,0.996
60.34647607803345,0.068,-0.444,-0.917,1.021
60.34863996505737,0.068,-0.444,-0.917,1.021
60.36219096183777,0.049,-0.454,-0.926,1.032
60.37849473953247,-0.007,-0.468,-0.916,1.029
60.378588914871216,-0.007,-0.468,-0.916,1.029
60.39572191238403,-0.025,-0.433,-0.924,1.021
60.39859580993652,-0.043,-0.385,-0.901,0.981
60.41179800033569,-0.008,-0.298,-0.756,0.813
60.42871379852295,0.079,-0.411,-0.855,0.952
60.42880582809448,0.079,-0.411,-0.855,0.952
60.44524002075195,0.094,-0.419,-0.888,0.986
60.448227882385254,0.09,-0.399,-0.926,1.012
60.46280384063721,0.041,-0.38,-0.915,0.992
60.466991901397705,-0.037,-0.282,-0.915,0.958
60.47937774658203,-0.028,-0.239,-0.862,0.895
60.49542999267578,0.028,-0.311,-0.775,0.836
60.49834108352661,0.115,-0.359,-0.775,0.862
60.51202392578125,0.209,-0.449,-0.747,0.896
60.52953004837036,0.163,-0.528,-0.932,1.084
60.529620885849,0.163,-0.528,-0.932,1.084
60.5480170249939,-0.028,-0.323,-0.962,1.015
60.54810905456543,-0.028,-0.323,-0.962,1.015
60.56349802017212,-0.101,-0.291,-1.039,1.084
60.579731941223145,-0.11,-0.317,-1.028,1.081
60.57982397079468,-0.11,-0.317,-1.028,1.081
60.5966420173645,-0.086,-0.341,-1.036,1.094
60.5996618270874,-0.036,-0.341,-1.026,1.082
60.6137957572937,0.015,-0.341,-1.006,1.062
60.630133867263794,0.058,-0.357,-0.987,1.051
60.630226850509644,0.058,-0.357,-0.987,1.051
60.64681577682495,0.051,-0.373,-0.989,1.058
60.64971399307251,0.037,-0.383,-0.974,1.047
60.66498684883118,0.022,-0.389,-0.963,1.039
60.67942690849304,0.009,-0.395,-0.947,1.026
60.68015384674072,0.009,-0.395,-0.947,1.026
60.6968297958374,-0.007,-0.399,-0.929,1.011
60.69972085952759,-0.021,-0.408,-0.935,1.02
60.713974952697754,-0.021,-0.424,-0.943,1.034
60.730244874954224,-0.008,-0.437,-0.911,1.01
60.73033690452576,-0.008,-0.437,-0.911,1.01
60.74695682525635,-0.006,-0.429,-0.911,1.007
60.74985885620117,-0.005,-0.43,-0.917,1.013
60.76387596130371,-0.004,-0.435,-0.91,1.009
60.780447006225586,-0.004,-0.436,-0.907,1.006
60.78053903579712,-0.004,-0.436,-0.907,1.006
60.796785831451416,-0.002,-0.442,-0.906,1.008
60.79964590072632,-0.001,-0.439,-0.909,1.009
60.81577205657959,0.007,-0.426,-0.914,1.008
60.8304557800293,0.026,-0.413,-0.904,0.994
60.83054780960083,0.026,-0.413,-0.904,0.994
60.849524974823,0.041,-0.417,-0.894,0.987
60.85171985626221,0.041,-0.417,-0.894,0.987
60.86474800109863,0.044,-0.416,-0.906,0.998
60.8809380531311,0.05,-0.425,-0.913,1.008
60.88102889060974,0.05,-0.425,-0.913,1.008
60.89694285392761,0.052,-0.434,-0.924,1.022
60.899831771850586,0.055,-0.432,-0.94,1.036
60.916258811950684,0.053,-0.425,-0.941,1.034
60.93103790283203,0.043,-0.428,-0.896,0.994
60.93202304840088,0.043,-0.428,-0.896,0.994
60.94773888587952,0.047,-0.435,-0.91,1.01
60.95073080062866,0.058,-0.434,-0.923,1.022
60.96489691734314,0.053,-0.43,-0.917,1.014
60.98125195503235,0.021,-0.417,-0.883,0.977
60.981382846832275,0.021,-0.417,-0.883,0.977
60.998878955841064,0.025,-0.404,-0.873,0.962
61.00243282318115,0.024,-0.399,-0.878,0.965
61.01518106460571,0.021,-0.399,-0.897,0.982
61.033894062042236,0.02,-0.4,-0.882,0.969
61.03398585319519,0.02,-0.4,-0.882,0.969
61.046443939208984,0.024,-0.399,-0.898,0.983
61.0633499622345,0.013,-0.414,-0.895,0.986
61.06348705291748,0.013,-0.414,-0.895,0.986
61.080069065093994,0.004,-0.408,-0.943,1.027
61.08287191390991,0.004,-0.408,-0.943,1.027
61.10504198074341,0.026,-0.378,-0.916,0.991
61.105133056640625,0.026,-0.378,-0.916,0.991
61.121967792510986,0.036,-0.388,-0.912,0.992
61.12206792831421,0.036,-0.388,-0.912,0.992
61.136844873428345,0.042,-0.405,-0.925,1.011
61.15438389778137,0.029,-0.427,-0.934,1.027
61.1545147895813,0.029,-0.427,-0.934,1.027
61.17170000076294,0.009,-0.422,-0.883,0.979
61.174448013305664,0.009,-0.422,-0.883,0.979
61.19040107727051,0.004,-0.429,-0.882,0.981
61.19420886039734,-0.002,-0.448,-0.89,0.996
61.20627975463867,0.0,-0.46,-0.898,1.009
61.22298789024353,-0.001,-0.442,-0.878,0.983
61.22311782836914,-0.001,-0.442,-0.878,0.983
61.241271018981934,0.01,-0.416,-0.869,0.963
61.24409890174866,0.01,-0.416,-0.869,0.963
61.256584882736206,0.012,-0.422,-0.876,0.972
61.27309274673462,0.013,-0.44,-0.883,0.987
61.273223876953125,0.013,-0.44,-0.883,0.987
61.28971004486084,0.003,-0.435,-0.885,0.986
61.29281997680664,-0.003,-0.43,-0.89,0.988
61.30655288696289,-0.002,-0.433,-0.889,0.989
61.32323694229126,-0.0,-0.436,-0.9,1.0
61.32336688041687,-0.0,-0.436,-0.9,1.0
61.34158706665039,-0.005,-0.42,-0.901,0.994
61.34475374221802,-0.005,-0.42,-0.901,0.994
61.35634803771973,0.0,-0.42,-0.893,0.987
61.37305784225464,0.01,-0.423,-0.894,0.989
61.375771045684814,0.01,-0.423,-0.894,0.989
61.390519857406616,0.003,-0.423,-0.895,0.99
61.393616914749146,-0.01,-0.423,-0.902,0.996
61.40625476837158,-0.013,-0.423,-0.892,0.987
61.42356991767883,-0.005,-0.42,-0.891,0.985
61.42369985580444,-0.005,-0.42,-0.891,0.985
61.43936896324158,0.046,-0.405,-0.784,0.884
61.44400191307068,0.106,-0.389,-0.798,0.894
61.456339836120605,0.019,-0.428,-1.075,1.157
61.473554849624634,-0.01,-0.427,-0.921,1.015
61.47364592552185,-0.01,-0.427,-0.921,1.015
61.48893404006958,-0.022,-0.421,-0.937,1.027
61.49262285232544,0.027,-0.405,-0.841,0.934
