time,gFx,gFy,gFz,gFTotal
0.02757096290588379,-0.041,-0.409,-0.884,0.975
0.02833700180053711,-0.041,-0.409,-0.884,0.975
0.02840399742126465,-0.041,-0.409,-0.884,0.975
0.04217100143432617,-0.008,-0.442,-0.895,0.998
0.05960202217102051,0.047,-0.461,-0.899,1.011
0.059693098068237305,0.047,-0.461,-0.899,1.011
0.07647490501403809,-0.011,-0.418,-0.891,0.984
0.07660794258117676,-0.011,-0.418,-0.891,0.984
0.0928959846496582,0.008,-0.392,-0.907,0.988
0.09680008888244629,-0.018,-0.406,-0.906,0.993
0.10982489585876465,-0.036,-0.426,-0.903,0.999
0.1263110637664795,-0.006,-0.398,-0.917,1.0
0.12848997116088867,-0.006,-0.398,-0.917,1.0
0.14593100547790527,0.004,-0.377,-0.928,1.002
0.16022610664367676,-0.006,-0.366,-0.962,1.029
0.1770188808441162,-0.003,-0.374,-0.934,1.006
0.17711400985717773,-0.003,-0.374,-0.934,1.006
0.19353508949279785,0.004,-0.373,-0.927,0.999
0.19677186012268066,0.0,-0.384,-0.936,1.012
0.21021103858947754,0.008,-0.392,-0.923,1.003
0.22684216499328613,0.033,-0.4,-0.921,1.005
0.22693514823913574,0.033,-0.4,-0.921,1.005
0.24355196952819824,0.034,-0.407,-0.891,0.98
0.24677586555480957,0.042,-0.41,-0.843,0.938
0.26001715660095215,0.019,-0.418,-0.785,0.89
0.27616000175476074,0.003,-0.452,-0.784,0.905
0.27852797508239746,0.003,-0.452,-0.784,0.905
0.29303598403930664,-0.064,-0.471,-0.847,0.971
0.296205997467041,-0.204,-0.426,-0.923,1.037
0.30999302864074707,-0.196,-0.412,-0.979,1.08
0.3264749050140381,-0.023,-0.615,-0.96,1.14
0.32886505126953125,-0.023,-0.615,-0.96,1.14
0.3434169292449951,-0.057,-0.59,-0.943,1.114
0.34654903411865234,-0.084,-0.535,-0.92,1.068
0.3600590229034424,-0.047,-0.522,-0.927,1.065
0.376507043838501,-0.007,-0.455,-1.307,1.384
0.37886905670166016,-0.007,-0.455,-1.307,1.384
0.39357805252075195,-0.105,-0.523,-1.205,1.318
0.39667201042175293,-0.178,-0.617,-1.094,1.269
0.41000795364379883,-0.298,-0.69,-0.816,1.109
0.42673802375793457,-0.33,-0.306,-0.538,0.701
0.4291410446166992,-0.33,-0.306,-0.538,0.701
0.4431910514831543,-0.294,-0.201,-0.627,0.721
0.4593219757080078,-0.333,-0.376,-0.703,0.864
0.46014904975891113,-0.333,-0.376,-0.703,0.864
0.47738194465637207,0.149,-1.653,-0.367,1.7
0.47988104820251465,0.149,-1.653,-0.367,1.7
0.4932429790496826,0.748,-2.167,-0.93,2.474
0.5110030174255371,0.06,-0.52,-0.58,0.781
0.5110960006713867,0.06,-0.52,-0.58,0.781
0.5268919467926025,-0.651,-0.639,-0.664,1.128
0.5292479991912842,-0.651,-0.639,-0.664,1.128
0.5440230369567871,-0.832,-0.642,-0.511,1.169
0.5606911182403564,-0.154,-0.601,-0.466,0.776
0.5617258548736572,-0.154,-0.601,-0.466,0.776
0.5780279636383057,-0.363,-0.508,-0.309,0.697
0.5807199478149414,-0.363,-0.508,-0.309,0.697
0.5942909717559814,-0.412,-0.535,-0.188,0.701
0.6098811626434326,-0.551,-0.635,-0.68,1.081
0.6106510162353516,-0.551,-0.635,-0.68,1.081
0.6276838779449463,-0.542,-0.606,-0.399,0.906
0.6300439834594727,-0.542,-0.606,-0.399,0.906
0.6438939571380615,-0.531,-0.605,-0.32,0.866
0.6609609127044678,-0.562,-0.586,-0.234,0.845
0.6610660552978516,-0.562,-0.586,-0.234,0.845
0.6775190830230713,-0.727,-0.516,-0.242,0.924
0.6806449890136719,-0.727,-0.516,-0.242,0.924
0.6943340301513672,-1.139,-0.452,-0.332,1.27
0.711928129196167,0.317,-0.248,0.145,0.428
0.7120599746704102,0.317,-0.248,0.145,0.428
0.7278931140899658,-0.654,-0.27,0.017,0.708
0.7310998439788818,-0.654,-0.27,0.017,0.708
0.7446129322052002,-0.538,-0.106,0.167,0.573
0.7610428333282471,-0.496,-0.099,0.091,0.514
0.7611739635467529,-0.496,-0.099,0.091,0.514
0.7789251804351807,-0.565,0.113,-0.031,0.577
0.7817881107330322,-0.565,0.113,-0.031,0.577
0.7956550121307373,-0.504,0.496,0.008,0.707
0.8118598461151123,-0.471,-0.073,-0.172,0.507
0.8126218318939209,-0.471,-0.073,-0.172,0.507
0.8292438983917236,-0.472,0.436,-0.078,0.647
0.8318779468536377,-0.472,0.436,-0.078,0.647
0.845412015914917,-0.639,0.372,-0.252,0.781
0.8611838817596436,-0.791,0.418,-0.21,0.919
0.8622748851776123,-0.791,0.418,-0.21,0.919
0.8788909912109375,-1.097,0.432,-0.298,1.216
0.8818140029907227,-1.097,0.432,-0.298,1.216
0.8950040340423584,-1.306,0.258,-0.451,1.406
0.9114780426025391,-1.698,0.051,-0.58,1.795
0.9115688800811768,-1.698,0.051,-0.58,1.795
0.9292309284210205,-2.187,-0.077,-0.21,2.198
0.9318180084228516,-2.187,-0.077,-0.21,2.198
0.9449119567871094,-2.291,-0.137,-0.104,2.297
0.9612629413604736,-2.371,-0.324,0.177,2.4
0.9613540172576904,-2.371,-0.324,0.177,2.4
0.9784848690032959,-2.21,-0.443,0.251,2.268
0.9816091060638428,-2.071,-0.543,0.308,2.163
0.9942800998687744,-1.984,-0.552,0.403,2.098
1.0114638805389404,-1.816,-0.568,0.637,2.007
1.0115559101104736,-1.816,-0.568,0.637,2.007
1.029731035232544,-1.58,-0.493,0.935,1.901
1.0321009159088135,-1.58,-0.493,0.935,1.901
1.0450780391693115,-1.445,-0.403,1.614,2.204
1.0618488788604736,-1.116,-0.02,1.182,1.626
1.0619781017303467,-1.116,-0.02,1.182,1.626
1.0784571170806885,-1.0,0.221,0.95,1.397
1.0817148685455322,-1.024,0.194,0.679,1.244
1.097398042678833,-1.098,0.207,0.529,1.236
1.1093199253082275,-1.17,0.276,0.422,1.274
1.1432549953460693,-1.186,0.484,0.158,1.291
1.143347978591919,-1.186,0.484,0.158,1.291
1.1434240341186523,-1.186,0.484,0.158,1.291
1.1434969902038574,-1.186,0.484,0.158,1.291
1.1502220630645752,-1.148,0.63,0.195,1.324
1.1604559421539307,-1.041,0.777,0.259,1.325
1.1704628467559814,-0.989,0.879,0.377,1.376
1.1804978847503662,-0.923,0.982,0.46,1.424
1.1904470920562744,-0.837,0.992,0.491,1.388
1.2040550708770752,-0.787,0.96,0.529,1.349
1.2107651233673096,-0.79,0.932,0.519,1.327
1.2212021350860596,-0.815,0.942,0.475,1.333
1.2308871746063232,-0.809,0.934,0.42,1.305
1.2412819862365723,-0.805,0.879,0.354,1.243
1.252274990081787,-0.811,0.804,0.293,1.179
1.2618889808654785,-0.828,0.724,0.252,1.128
1.2719390392303467,-0.879,0.679,0.246,1.138
1.9200761318206787,-0.597,0.765,0.464,1.076
1.9204189777374268,-0.597,0.765,0.464,1.076
1.9221229553222656,-0.597,0.765,0.464,1.076
1.9223110675811768,-0.597,0.765,0.464,1.076
1.9225540161132812,-0.597,0.765,0.464,1.076
1.9227888584136963,-0.597,0.765,0.464,1.076
1.9230010509490967,-0.597,0.765,0.464,1.076
1.9231951236724854,-0.597,0.765,0.464,1.076
1.923374891281128,-0.597,0.765,0.464,1.076
1.923548936843872,-0.597,0.765,0.464,1.076
1.9237630367279053,-0.597,0.765,0.464,1.076
1.9239330291748047,-0.597,0.765,0.464,1.076
1.9241690635681152,-0.597,0.765,0.464,1.076
1.924360990524292,-0.597,0.765,0.464,1.076
1.9245860576629639,-0.644,0.918,0.342,1.172
1.9252090454101562,-0.644,0.918,0.342,1.172
1.9254181385040283,-0.644,0.918,0.342,1.172
1.9256010055541992,-0.644,0.918,0.342,1.172
1.925779104232788,-0.644,0.918,0.342,1.172
1.9259569644927979,-0.644,0.918,0.342,1.172
1.9261369705200195,-0.644,0.918,0.342,1.172
1.9263179302215576,-0.644,0.918,0.342,1.172
1.9265038967132568,-0.644,0.918,0.342,1.172
1.926682949066162,-0.644,0.918,0.342,1.172
1.9268591403961182,-0.644,0.918,0.342,1.172
1.9270360469818115,-0.644,0.918,0.342,1.172
1.9272119998931885,-0.644,0.918,0.342,1.172
1.9273970127105713,-0.644,0.918,0.342,1.172
1.9275729656219482,-0.644,0.918,0.342,1.172
1.927751064300537,-0.644,0.918,0.342,1.172
1.9279260635375977,-0.644,0.918,0.342,1.172
1.9281010627746582,-0.644,0.918,0.342,1.172
1.9282901287078857,-0.644,0.918,0.342,1.172
1.9284641742706299,-0.644,0.918,0.342,1.172
1.9286530017852783,-0.644,0.918,0.342,1.172
1.9288990497589111,-0.644,0.918,0.342,1.172
1.9290740489959717,-0.644,0.918,0.342,1.172
1.9292590618133545,-0.644,0.918,0.342,1.172
1.9294400215148926,-0.644,0.918,0.342,1.172
1.9296138286590576,-0.644,0.918,0.342,1.172
1.9297950267791748,-0.644,0.918,0.342,1.172
1.9299750328063965,-0.644,0.918,0.342,1.172
1.9301588535308838,-0.644,0.918,0.342,1.172
1.9303410053253174,-0.644,0.918,0.342,1.172
1.9305260181427002,-0.644,0.918,0.342,1.172
1.9307010173797607,-0.644,0.918,0.342,1.172
1.9308819770812988,-0.644,0.918,0.342,1.172
1.9310638904571533,-0.644,0.918,0.342,1.172
1.9312398433685303,-0.644,0.918,0.342,1.172
1.9314210414886475,-0.644,0.918,0.342,1.172
1.931602954864502,-0.644,0.918,0.342,1.172
1.93178391456604,-0.644,0.918,0.342,1.172
1.9319660663604736,-0.644,0.918,0.342,1.172
1.9321448802947998,-0.644,0.918,0.342,1.172
1.9323270320892334,-0.644,0.918,0.342,1.172
1.9325110912322998,-0.644,0.918,0.342,1.172
1.9326889514923096,-0.644,0.918,0.342,1.172
1.9328649044036865,-0.644,0.918,0.342,1.172
1.9330430030822754,-0.644,0.918,0.342,1.172
1.9332239627838135,-0.644,0.918,0.342,1.172
1.9333980083465576,-0.644,0.918,0.342,1.172
1.933588981628418,-0.644,0.918,0.342,1.172
1.933769941329956,-0.644,0.918,0.342,1.172
1.9339439868927002,-0.644,0.918,0.342,1.172
1.9366559982299805,-0.448,0.935,0.157,1.049
1.936946153640747,-0.448,0.935,0.157,1.049
1.945281982421875,-0.334,0.97,-0.046,1.027
1.955415964126587,-0.107,1.271,0.159,1.285
1.9654648303985596,0.221,1.409,0.665,1.574
1.975538969039917,0.447,1.39,0.861,1.695
1.9856209754943848,0.34,1.451,0.781,1.683
1.9956719875335693,-0.044,1.484,0.892,1.732
2.0075371265411377,-0.377,1.395,0.916,1.711
2.0158510208129883,-0.535,1.365,0.826,1.683
2.0259110927581787,-0.775,1.253,0.991,1.776
2.036018133163452,-1.17,1.207,0.937,1.925
65.6753900051117,-0.628,0.68,-0.222,0.952
65.67553210258484,-0.628,0.68,-0.222,0.952
65.67560005187988,-0.628,0.68,-0.222,0.952
65.67566299438477,-0.628,0.68,-0.222,0.952
65.67572498321533,-0.605,0.608,-0.075,0.861
65.67594408988953,-0.426,0.863,0.002,0.962
65.6760950088501,-0.63,0.895,-0.064,1.096
65.67624115943909,-0.663,0.961,-0.076,1.17
65.67642092704773,-0.602,0.728,-0.063,0.947
65.67658495903015,-0.602,0.728,-0.063,0.947
65.67664790153503,-0.602,0.728,-0.063,0.947
65.67670893669128,-0.602,0.728,-0.063,0.947
65.67711400985718,-0.602,0.728,-0.063,0.947
65.67737889289856,-0.602,0.728,-0.063,0.947
65.67755699157715,-0.602,0.728,-0.063,0.947
65.67772889137268,-0.602,0.728,-0.063,0.947
65.67794108390808,-0.602,0.728,-0.063,0.947
65.67814993858337,-0.602,0.728,-0.063,0.947
65.67833113670349,-0.602,0.728,-0.063,0.947
65.67853999137878,-0.602,0.728,-0.063,0.947
65.67867398262024,-0.602,0.728,-0.063,0.947
65.67890191078186,-0.602,0.728,-0.063,0.947
65.67909216880798,-0.602,0.728,-0.063,0.947
65.67917609214783,-0.602,0.728,-0.063,0.947
65.67924284934998,-0.602,0.728,-0.063,0.947
65.67930698394775,-0.602,0.728,-0.063,0.947
65.67937016487122,-0.602,0.728,-0.063,0.947
65.67943215370178,-0.602,0.728,-0.063,0.947
65.67949295043945,-0.602,0.728,-0.063,0.947
65.67955303192139,-0.602,0.728,-0.063,0.947
65.67961502075195,-0.602,0.728,-0.063,0.947
65.67967700958252,-0.602,0.728,-0.063,0.947
65.67973685264587,-0.602,0.728,-0.063,0.947
65.67979788780212,-0.602,0.728,-0.063,0.947
65.67985796928406,-0.602,0.728,-0.063,0.947
65.67995715141296,-0.602,0.728,-0.063,0.947
65.68032813072205,-0.602,0.728,-0.063,0.947
65.68056297302246,-0.602,0.728,-0.063,0.947
65.68073296546936,-0.602,0.728,-0.063,0.947
65.68090200424194,-0.602,0.728,-0.063,0.947
65.68107104301453,-0.602,0.728,-0.063,0.947
65.68123984336853,-0.602,0.728,-0.063,0.947
65.68141484260559,-0.887,0.618,0.016,1.097
65.6821801662445,-0.602,0.676,-0.143,0.916
65.68254113197327,-0.602,0.676,-0.143,0.916
65.6827130317688,-0.602,0.676,-0.143,0.916
65.68288493156433,-0.602,0.676,-0.143,0.916
65.6830530166626,-0.602,0.676,-0.143,0.916
65.68322205543518,-0.602,0.676,-0.143,0.916
65.68338894844055,-0.602,0.676,-0.143,0.916
65.68355703353882,-0.602,0.676,-0.143,0.916
65.68372416496277,-0.602,0.676,-0.143,0.916
65.68389201164246,-0.602,0.676,-0.143,0.916
65.68406796455383,-0.602,0.676,-0.143,0.916
65.68424010276794,-0.602,0.676,-0.143,0.916
65.68441200256348,-0.962,1.008,-0.285,1.433
65.68498206138611,-1.041,0.947,-0.288,1.443
65.68546605110168,-0.894,0.602,-0.016,1.176
65.6858880519867,-0.524,0.671,-0.01,0.851
65.6861560344696,-0.524,0.671,-0.01,0.851
65.68632912635803,-0.516,0.519,-0.051,0.734
65.68680596351624,-1.051,0.676,-0.242,1.273
65.68700003623962,-1.051,0.676,-0.242,1.273
65.68706798553467,-1.051,0.676,-0.242,1.273
65.68713307380676,-1.051,0.676,-0.242,1.273
65.68719601631165,-1.051,0.676,-0.242,1.273
65.68726205825806,-1.051,0.676,-0.242,1.273
65.68732404708862,-1.051,0.676,-0.242,1.273
65.68738389015198,-1.051,0.676,-0.242,1.273
65.68744492530823,-0.796,0.546,-0.071,0.76
65.68760299682617,-0.727,0.57,-0.113,0.766
65.68775296211243,-0.718,0.793,-0.236,1.095
65.6878969669342,-0.718,0.793,-0.236,1.095
65.68795895576477,-0.718,0.793,-0.236,1.095
65.68803405761719,-0.718,0.793,-0.236,1.095
65.68809485435486,-0.718,0.793,-0.236,1.095
65.68815588951111,-0.718,0.793,-0.236,1.095
65.68821787834167,-0.718,0.793,-0.236,1.095
65.68827891349792,-0.718,0.793,-0.236,1.095
65.68833994865417,-0.718,0.793,-0.236,1.095
65.68840193748474,-0.718,0.793,-0.236,1.095
65.68846487998962,-0.718,0.793,-0.236,1.095
65.68852686882019,-0.718,0.793,-0.236,1.095
65.68858790397644,-0.718,0.793,-0.236,1.095
65.688649892807,-0.718,0.793,-0.236,1.095
65.68870997428894,-0.718,0.793,-0.236,1.095
65.6887719631195,-0.718,0.793,-0.236,1.095
65.68883204460144,-0.718,0.793,-0.236,1.095
65.68889307975769,-0.718,0.793,-0.236,1.095
65.68895411491394,-0.718,0.793,-0.236,1.095
65.68901515007019,-0.718,0.793,-0.236,1.095
65.68907618522644,-0.718,0.793,-0.236,1.095
65.6891360282898,-0.718,0.793,-0.236,1.095
65.68919706344604,-0.718,0.793,-0.236,1.095
65.68925905227661,-0.718,0.793,-0.236,1.095
65.68931984901428,-0.718,0.793,-0.236,1.095
65.68938183784485,-0.718,0.793,-0.236,1.095
65.68944191932678,-0.718,0.793,-0.236,1.095
65.68950295448303,-0.718,0.793,-0.236,1.095
65.68956398963928,-0.576,0.509,-0.203,0.795
65.68972706794739,-1.079,0.745,-0.299,1.239
65.68987107276917,-1.079,0.745,-0.299,1.345
65.68999791145325,-0.591,0.329,0.11,0.685
65.69014596939087,-0.609,0.326,-0.116,0.7
65.69024205207825,-0.851,0.609,-0.041,1.047
65.69038891792297,-1.607,0.885,-0.337,1.865
65.69055485725403,-0.623,0.527,-0.046,0.817
65.69072413444519,-1.008,0.648,-0.295,1.234
65.69089698791504,-0.793,0.546,-0.017,0.963
65.69107413291931,-1.167,0.662,-0.287,1.372
65.69124913215637,-0.484,0.387,-0.053,0.622
65.69140791893005,-0.985,0.537,-0.021,1.122
65.69156813621521,-0.985,0.537,-0.021,1.122
65.69164109230042,-0.886,0.7,-0.017,1.129
65.69178891181946,-0.764,0.4989776611328125,-0.141,0.79
65.69193196296692,-1.132,0.414,-0.193,1.221
65.69207882881165,0.295,-0.498,-0.734,0.935
65.69222903251648,0.295,-0.498,-0.734,0.935
65.69229197502136,0.295,-0.498,-0.734,0.935
65.69235396385193,0.295,-0.498,-0.734,0.935
65.69241499900818,0.295,-0.498,-0.734,0.935
65.69247603416443,0.295,-0.498,-0.734,0.935
65.692538022995,0.295,-0.498,-0.734,0.935
65.69260001182556,0.295,-0.498,-0.734,0.935
65.69266104698181,0.295,-0.498,-0.734,0.935
65.69272112846375,0.295,-0.498,-0.734,0.935
65.69278216362,0.295,-0.498,-0.734,0.935
65.69284296035767,0.295,-0.498,-0.734,0.935
65.69290494918823,0.295,-0.498,-0.734,0.935
65.69296598434448,0.295,-0.498,-0.734,0.935
65.69302701950073,0.295,-0.498,-0.734,0.935
65.69308805465698,0.295,-0.498,-0.734,0.935
65.69314789772034,0.295,-0.498,-0.734,0.935
65.69320893287659,0.295,-0.498,-0.734,0.935
65.69326996803284,0.295,-0.498,-0.734,0.935
65.69333100318909,0.295,-0.498,-0.734,0.935
65.69339108467102,0.295,-0.498,-0.734,0.935
65.69345211982727,0.295,-0.498,-0.734,0.935
65.69351315498352,0.295,-0.498,-0.734,0.935
65.69357395172119,0.295,-0.498,-0.734,0.935
65.69363498687744,0.295,-0.498,-0.734,0.935
65.69369602203369,0.295,-0.498,-0.734,0.935
65.69375586509705,0.295,-0.498,-0.734,0.935
65.6938169002533,0.295,-0.498,-0.734,0.935
65.69387793540955,0.295,-0.498,-0.734,0.935
65.6939389705658,0.295,-0.498,-0.734,0.935
65.69399905204773,0.295,-0.498,-0.734,0.935
65.69405913352966,0.295,-0.498,-0.734,0.935
65.69412016868591,0.295,-0.498,-0.734,0.935
65.69418096542358,0.295,-0.498,-0.734,0.935
65.69424200057983,0.295,-0.498,-0.734,0.935
65.69430303573608,0.295,-0.498,-0.734,0.935
65.69436383247375,0.295,-0.498,-0.734,0.935
65.69442486763,0.295,-0.498,-0.734,0.935
65.69448590278625,0.295,-0.498,-0.734,0.935
65.6945469379425,0.295,-0.498,-0.734,0.935
65.69460797309875,0.295,-0.498,-0.734,0.935
65.69466805458069,0.295,-0.498,-0.734,0.935
65.69472908973694,0.295,-0.498,-0.734,0.935
65.69479012489319,0.295,-0.498,-0.734,0.935
65.69484996795654,0.295,-0.498,-0.734,0.935
65.6949110031128,0.295,-0.498,-0.734,0.935
65.69497084617615,0.295,-0.498,-0.734,0.935
65.6950318813324,0.295,-0.498,-0.734,0.935
65.69509196281433,0.295,-0.498,-0.734,0.935
65.69515705108643,0.295,-0.498,-0.734,0.935
65.6952178478241,0.295,-0.498,-0.734,0.935
65.69527888298035,0.295,-0.498,-0.734,0.935
65.69533896446228,0.295,-0.498,-0.734,0.935
65.69539999961853,0.295,-0.498,-0.734,0.935
65.69546008110046,0.295,-0.498,-0.734,0.935
65.69552111625671,0.295,-0.498,-0.734,0.935
65.69558095932007,0.295,-0.498,-0.734,0.935
65.695641040802,0.295,-0.498,-0.734,0.935
65.69570302963257,0.295,-0.498,-0.734,0.935
65.69576287269592,0.295,-0.498,-0.734,0.935
65.69582486152649,0.295,-0.498,-0.734,0.935
65.69588589668274,0.295,-0.498,-0.734,0.935
65.69594597816467,0.295,-0.498,-0.734,0.935
65.69600701332092,0.295,-0.498,-0.734,0.935
65.69610595703125,0.295,-0.498,-0.734,0.935
65.69617009162903,0.295,-0.498,-0.734,0.935
65.6962320804596,0.295,-0.498,-0.734,0.935
65.69629216194153,0.295,-0.498,-0.734,0.935
65.69635200500488,0.295,-0.498,-0.734,0.935
65.69641304016113,0.295,-0.498,-0.734,0.935
65.6964738368988,0.295,-0.498,-0.734,0.935
65.69653391838074,0.295,-0.498,-0.734,0.935
65.69659805297852,0.295,-0.498,-0.734,0.935
65.69698905944824,0.295,-0.498,-0.734,0.935
65.6971800327301,0.295,-0.498,-0.734,0.935
65.69729399681091,0.295,-0.498,-0.734,0.935
65.6973659992218,0.295,-0.498,-0.734,0.935
65.697429895401,0.295,-0.498,-0.734,0.935
65.69758701324463,0.295,-0.498,-0.734,0.935
65.69765996932983,0.295,-0.498,-0.734,0.935
65.6977231502533,0.295,-0.498,-0.734,0.935
65.69790506362915,0.295,-0.498,-0.734,0.935
65.69838213920593,0.295,-0.498,-0.734,0.935
65.69865012168884,0.295,-0.498,-0.734,0.935
65.69896197319031,0.295,-0.498,-0.734,0.935
65.69921088218689,0.337,-0.46,-0.768,0.957
65.69939994812012,0.337,-0.46,-0.768,0.957
65.69946599006653,0.337,-0.46,-0.768,0.957
65.69952893257141,0.337,-0.46,-0.768,0.957
65.69958996772766,0.337,-0.46,-0.768,0.957
65.69965100288391,0.337,-0.46,-0.768,0.957
65.69971203804016,0.337,-0.46,-0.768,0.957
65.6997721195221,0.337,-0.46,-0.768,0.957
65.69983196258545,0.337,-0.46,-0.768,0.957
65.69992995262146,0.337,-0.46,-0.768,0.957
65.69999289512634,0.337,-0.46,-0.768,0.957
65.70009016990662,0.337,-0.46,-0.768,0.957
65.70023083686829,0.337,-0.46,-0.768,0.957
65.70033597946167,0.337,-0.46,-0.768,0.957
65.70039796829224,0.337,-0.46,-0.768,0.957
65.70049595832825,0.337,-0.46,-0.768,0.957
65.7005569934845,0.337,-0.46,-0.768,0.957
65.70061898231506,0.337,-0.46,-0.768,0.957
65.70068001747131,0.337,-0.46,-0.768,0.957
65.70074200630188,0.337,-0.46,-0.768,0.957
65.70080208778381,0.337,-0.46,-0.768,0.957
65.70086407661438,0.337,-0.46,-0.768,0.957
65.70092511177063,0.337,-0.46,-0.768,0.957
65.70098614692688,0.337,-0.46,-0.768,0.957
65.7010509967804,0.337,-0.46,-0.768,0.957
65.70111012458801,0.337,-0.46,-0.768,0.957
65.70117115974426,0.337,-0.46,-0.768,0.957
65.70123100280762,0.337,-0.46,-0.768,0.957
65.70129299163818,0.337,-0.46,-0.768,0.957
65.70135283470154,0.337,-0.46,-0.768,0.957
65.70141291618347,0.337,-0.46,-0.768,0.957
65.7014729976654,0.337,-0.46,-0.768,0.957
65.70153307914734,0.337,-0.46,-0.768,0.957
65.70159411430359,0.337,-0.46,-0.768,0.957
65.70165395736694,0.337,-0.46,-0.768,0.957
65.70171403884888,0.337,-0.46,-0.768,0.957
65.70186996459961,0.337,-0.46,-0.768,0.957
65.7019350528717,0.337,-0.46,-0.768,0.957
65.70199608802795,0.337,-0.46,-0.768,0.957
65.70205616950989,0.337,-0.46,-0.768,0.957
65.70211601257324,0.337,-0.46,-0.768,0.957
65.7021758556366,0.337,-0.46,-0.768,0.957
65.70223593711853,0.337,-0.46,-0.768,0.957
65.70265889167786,0.337,-0.46,-0.768,0.957
65.70272088050842,0.337,-0.46,-0.768,0.957
65.70278096199036,0.337,-0.46,-0.768,0.957
65.70284104347229,0.337,-0.46,-0.768,0.957
65.70290112495422,0.337,-0.46,-0.768,0.957
65.70296096801758,0.337,-0.46,-0.768,0.957
65.70302104949951,0.337,-0.46,-0.768,0.957
65.70307993888855,0.337,-0.46,-0.768,0.957
65.7031409740448,0.337,-0.46,-0.768,0.957
65.70325207710266,0.337,-0.46,-0.768,0.957
65.70333313941956,0.337,-0.46,-0.768,0.957
65.70339894294739,0.337,-0.46,-0.768,0.957
65.70346188545227,0.337,-0.46,-0.768,0.957
65.70352292060852,0.337,-0.46,-0.768,0.957
65.70358300209045,0.337,-0.46,-0.768,0.957
65.7036440372467,0.337,-0.46,-0.768,0.957
65.70370411872864,0.337,-0.46,-0.768,0.957
65.70376396179199,0.337,-0.46,-0.768,0.957
65.70382404327393,0.337,-0.46,-0.768,0.957
65.70388388633728,0.337,-0.46,-0.768,0.957
65.70394396781921,0.337,-0.46,-0.768,0.957
65.70400404930115,0.337,-0.46,-0.768,0.957
65.70406413078308,0.337,-0.46,-0.768,0.957
65.70412397384644,0.337,-0.46,-0.768,0.957
65.70418405532837,0.337,-0.46,-0.768,0.957
65.70424389839172,0.337,-0.46,-0.768,0.957
65.70430397987366,0.337,-0.46,-0.768,0.957
65.70436406135559,0.337,-0.46,-0.768,0.957
65.70442509651184,0.337,-0.46,-0.768,0.957
65.70448517799377,0.337,-0.46,-0.768,0.957
65.70454382896423,0.337,-0.46,-0.768,0.957
65.70460391044617,0.337,-0.46,-0.768,0.957
65.7046639919281,0.337,-0.46,-0.768,0.957
65.70472407341003,0.337,-0.46,-0.768,0.957
65.70478296279907,0.337,-0.46,-0.768,0.957
65.704843044281,0.337,-0.46,-0.768,0.957
65.70490288734436,0.337,-0.46,-0.768,0.957
65.7049629688263,0.337,-0.46,-0.768,0.957
65.70502305030823,0.337,-0.46,-0.768,0.957
65.70508313179016,0.337,-0.46,-0.768,0.957
65.70514297485352,0.337,-0.46,-0.768,0.957
65.70520305633545,0.337,-0.46,-0.768,0.957
65.7052628993988,0.337,-0.46,-0.768,0.957
65.70532298088074,0.337,-0.46,-0.768,0.957
65.70538306236267,0.337,-0.46,-0.768,0.957
65.7054431438446,0.337,-0.46,-0.768,0.957
65.70550608634949,0.337,-0.46,-0.768,0.957
65.70556807518005,0.337,-0.46,-0.768,0.957
65.70563101768494,0.337,-0.46,-0.768,0.957
65.70569396018982,0.337,-0.46,-0.768,0.957
65.70575594902039,0.337,-0.46,-0.768,0.957
65.70581889152527,0.337,-0.46,-0.768,0.957
65.70588183403015,0.337,-0.46,-0.768,0.957
65.7059440612793,0.337,-0.46,-0.768,0.957
65.70600700378418,0.337,-0.46,-0.768,0.957
65.70606684684753,0.337,-0.46,-0.768,0.957
65.70612788200378,0.337,-0.46,-0.768,0.957
65.70618796348572,0.337,-0.46,-0.768,0.957
65.70632004737854,0.337,-0.46,-0.768,0.957
65.70638585090637,0.337,-0.46,-0.768,0.957
65.70645904541016,0.337,-0.46,-0.768,0.957
65.70652103424072,0.337,-0.46,-0.768,0.957
65.70658087730408,0.337,-0.46,-0.768,0.957
65.70680117607117,0.337,-0.46,-0.768,0.957
65.70941805839539,0.289,-0.427,-0.785,0.939
65.70949816703796,0.289,-0.427,-0.785,0.939
65.7095639705658,0.289,-0.427,-0.785,0.939
65.70962595939636,0.289,-0.427,-0.785,0.939
65.70968699455261,0.289,-0.427,-0.785,0.939
65.70974802970886,0.289,-0.427,-0.785,0.939
65.7098081111908,0.289,-0.427,-0.785,0.939
65.70987200737,0.289,-0.427,-0.785,0.939
65.70993304252625,0.289,-0.427,-0.785,0.939
65.70999312400818,0.289,-0.427,-0.785,0.939
65.71005296707153,0.289,-0.427,-0.785,0.939
65.71011304855347,0.289,-0.427,-0.785,0.939
65.71017289161682,0.289,-0.427,-0.785,0.939
65.71023297309875,0.289,-0.427,-0.785,0.939
65.71029305458069,0.289,-0.427,-0.785,0.939
65.7103521823883,0.289,-0.427,-0.785,0.939
65.71041202545166,0.289,-0.427,-0.785,0.939
65.71047186851501,0.289,-0.427,-0.785,0.939
65.71053194999695,0.289,-0.427,-0.785,0.939
65.71059203147888,0.289,-0.427,-0.785,0.939
65.71065211296082,0.289,-0.427,-0.785,0.939
65.71071195602417,0.289,-0.427,-0.785,0.939
65.7107720375061,0.289,-0.427,-0.785,0.939
65.71083188056946,0.289,-0.427,-0.785,0.939
65.71089100837708,0.289,-0.427,-0.785,0.939
65.71095204353333,0.289,-0.427,-0.785,0.939
65.71101117134094,0.289,-0.427,-0.785,0.939
65.7110710144043,0.289,-0.427,-0.785,0.939
65.71113085746765,0.289,-0.427,-0.785,0.939
65.71118998527527,0.289,-0.427,-0.785,0.939
65.7112500667572,0.289,-0.427,-0.785,0.939
65.71131014823914,0.289,-0.427,-0.785,0.939
65.71136999130249,0.289,-0.427,-0.785,0.939
65.71142888069153,0.289,-0.427,-0.785,0.939
65.71148800849915,0.289,-0.427,-0.785,0.939
65.71154713630676,0.289,-0.427,-0.785,0.939
65.71160697937012,0.289,-0.427,-0.785,0.939
65.71166706085205,0.289,-0.427,-0.785,0.939
65.71172595024109,0.289,-0.427,-0.785,0.939
65.7117850780487,0.289,-0.427,-0.785,0.939
65.71184515953064,0.289,-0.427,-0.785,0.939
65.711905002594,0.289,-0.427,-0.785,0.939
65.71199703216553,0.289,-0.427,-0.785,0.939
65.7121000289917,0.289,-0.427,-0.785,0.939
65.71216988563538,0.289,-0.427,-0.785,0.939
65.71223402023315,0.289,-0.427,-0.785,0.939
65.71229815483093,0.289,-0.427,-0.785,0.939
65.71236896514893,0.289,-0.427,-0.785,0.939
65.71242904663086,0.289,-0.427,-0.785,0.939
65.71248984336853,0.289,-0.427,-0.785,0.939
65.71254992485046,0.289,-0.427,-0.785,0.939
65.7126100063324,0.289,-0.427,-0.785,0.939
65.71267008781433,0.289,-0.427,-0.785,0.939
65.71273016929626,0.289,-0.427,-0.785,0.939
65.71279001235962,0.289,-0.427,-0.785,0.939
65.71284985542297,0.289,-0.427,-0.785,0.939
65.71290993690491,0.289,-0.427,-0.785,0.939
65.71297097206116,0.289,-0.427,-0.785,0.939
65.71303105354309,0.289,-0.427,-0.785,0.939
65.71309113502502,0.289,-0.427,-0.785,0.939
65.71315097808838,0.289,-0.427,-0.785,0.939
65.71321105957031,0.289,-0.427,-0.785,0.939
65.71355509757996,0.289,-0.427,-0.785,0.939
65.713711977005,0.289,-0.427,-0.785,0.939
65.71378588676453,0.289,-0.427,-0.785,0.939
65.71387004852295,0.289,-0.427,-0.785,0.939
65.71393299102783,0.289,-0.427,-0.785,0.939
65.71399283409119,0.289,-0.427,-0.785,0.939
65.71405386924744,0.289,-0.427,-0.785,0.939
65.71411395072937,0.289,-0.427,-0.785,0.939
65.7141740322113,0.289,-0.427,-0.785,0.939
65.71423506736755,0.289,-0.427,-0.785,0.939
65.71429514884949,0.289,-0.427,-0.785,0.939
65.71435499191284,0.289,-0.427,-0.785,0.939
65.71441602706909,0.289,-0.427,-0.785,0.939
65.71447896957397,0.289,-0.427,-0.785,0.939
65.71453905105591,0.289,-0.427,-0.785,0.939
65.71459794044495,0.289,-0.427,-0.785,0.939
65.71466088294983,0.289,-0.427,-0.785,0.939
65.71472406387329,0.289,-0.427,-0.785,0.939
65.71478700637817,0.289,-0.427,-0.785,0.939
65.71484994888306,0.289,-0.427,-0.785,0.939
65.71532988548279,0.289,-0.427,-0.785,0.939
65.71555685997009,0.289,-0.427,-0.785,0.939
65.71562314033508,0.289,-0.427,-0.785,0.939
65.71568298339844,0.289,-0.427,-0.785,0.939
65.71574306488037,0.289,-0.427,-0.785,0.939
65.71580290794373,0.289,-0.427,-0.785,0.939
65.71586298942566,0.289,-0.427,-0.785,0.939
65.71592307090759,0.289,-0.427,-0.785,0.939
65.71614098548889,0.289,-0.427,-0.785,0.939
65.71621799468994,0.289,-0.427,-0.785,0.939
65.71627998352051,0.289,-0.427,-0.785,0.939
65.71634101867676,0.289,-0.427,-0.785,0.939
65.71640205383301,0.289,-0.427,-0.785,0.939
65.71646189689636,0.289,-0.427,-0.785,0.939
65.7165219783783,0.289,-0.427,-0.785,0.939
65.71658205986023,0.289,-0.427,-0.785,0.939
65.71664214134216,0.289,-0.427,-0.785,0.939
65.71670198440552,0.289,-0.427,-0.785,0.939
65.71676087379456,0.289,-0.427,-0.785,0.939
65.71682095527649,0.289,-0.427,-0.785,0.939
65.71688103675842,0.289,-0.427,-0.785,0.939
65.71694111824036,0.289,-0.427,-0.785,0.939
65.7170021533966,0.289,-0.427,-0.785,0.939
65.71706104278564,0.289,-0.427,-0.785,0.939
65.717120885849,0.289,-0.427,-0.785,0.939
65.71718096733093,0.289,-0.427,-0.785,0.939
65.71724104881287,0.289,-0.427,-0.785,0.939
65.71730494499207,0.289,-0.427,-0.785,0.939
65.717365026474,0.289,-0.427,-0.785,0.939
65.71742510795593,0.289,-0.427,-0.785,0.939
65.71748399734497,0.289,-0.427,-0.785,0.939
65.71754384040833,0.289,-0.427,-0.785,0.939
65.71760392189026,0.289,-0.427,-0.785,0.939
65.71766400337219,0.289,-0.427,-0.785,0.939
65.71772313117981,0.289,-0.427,-0.785,0.939
65.71778297424316,0.289,-0.427,-0.785,0.939
65.7178430557251,0.289,-0.427,-0.785,0.939
65.71790385246277,0.289,-0.427,-0.785,0.939
65.71796488761902,0.289,-0.427,-0.785,0.939
65.71802496910095,0.289,-0.427,-0.785,0.939
65.71808505058289,0.289,-0.427,-0.785,0.939
65.71815299987793,0.289,-0.427,-0.785,0.939
65.7182228565216,0.289,-0.427,-0.785,0.939
65.71829295158386,0.289,-0.427,-0.785,0.939
65.71836686134338,0.289,-0.427,-0.785,0.939
65.71843695640564,0.289,-0.427,-0.785,0.939
65.7185070514679,0.289,-0.427,-0.785,0.939
65.71857714653015,0.289,-0.427,-0.785,0.939
65.71864795684814,0.289,-0.427,-0.785,0.939
65.7187180519104,0.289,-0.427,-0.785,0.939
65.71878790855408,0.289,-0.427,-0.785,0.939
65.71885800361633,0.289,-0.427,-0.785,0.939
65.7189290523529,0.289,-0.427,-0.785,0.939
65.71899914741516,0.289,-0.427,-0.785,0.939
65.71906900405884,0.289,-0.427,-0.785,0.939
65.71913886070251,0.222,-0.416,-0.799,0.928
65.71942210197449,0.222,-0.416,-0.799,0.928
65.71949505805969,0.222,-0.416,-0.799,0.928
65.71956515312195,0.222,-0.416,-0.799,0.928
65.71963596343994,0.222,-0.416,-0.799,0.928
65.71971392631531,0.222,-0.416,-0.799,0.928
65.71978402137756,0.222,-0.416,-0.799,0.928
65.71985411643982,0.222,-0.416,-0.799,0.928
65.7199239730835,0.222,-0.416,-0.799,0.928
65.71999382972717,0.222,-0.416,-0.799,0.928
65.72006392478943,0.222,-0.416,-0.799,0.928
65.72013401985168,0.222,-0.416,-0.799,0.928
65.72020411491394,0.222,-0.416,-0.799,0.928
65.72027516365051,0.222,-0.416,-0.799,0.928
65.72034502029419,0.222,-0.416,-0.799,0.928
65.72041487693787,0.222,-0.416,-0.799,0.928
65.72048497200012,0.222,-0.416,-0.799,0.928
65.72055506706238,0.222,-0.416,-0.799,0.928
65.72062516212463,0.222,-0.416,-0.799,0.928
65.72069501876831,0.222,-0.416,-0.799,0.928
65.7207658290863,0.222,-0.416,-0.799,0.928
65.72083687782288,0.222,-0.416,-0.799,0.928
65.72090697288513,0.222,-0.416,-0.799,0.928
65.72097706794739,0.222,-0.416,-0.799,0.928
65.72104716300964,0.222,-0.416,-0.799,0.928
65.721116065979,0.222,-0.416,-0.799,0.928
65.721186876297,0.222,-0.416,-0.799,0.928
65.72125697135925,0.222,-0.416,-0.799,0.928
65.72132706642151,0.222,-0.416,-0.799,0.928
65.72139716148376,0.222,-0.416,-0.799,0.928
65.72146701812744,0.222,-0.416,-0.799,0.928
65.72153687477112,0.222,-0.416,-0.799,0.928
65.72160792350769,0.222,-0.416,-0.799,0.928
65.72167801856995,0.222,-0.416,-0.799,0.928
65.72178196907043,0.222,-0.416,-0.799,0.928
65.72189784049988,0.222,-0.416,-0.799,0.928
65.72198104858398,0.222,-0.416,-0.799,0.928
65.7220561504364,0.222,-0.416,-0.799,0.928
65.72212815284729,0.222,-0.416,-0.799,0.928
65.72219896316528,0.222,-0.416,-0.799,0.928
65.72227001190186,0.222,-0.416,-0.799,0.928
65.72234106063843,0.222,-0.416,-0.799,0.928
65.7224109172821,0.222,-0.416,-0.799,0.928
65.72248101234436,0.222,-0.416,-0.799,0.928
65.72255110740662,0.222,-0.416,-0.799,0.928
65.72262215614319,0.222,-0.416,-0.799,0.928
65.72269296646118,0.222,-0.416,-0.799,0.928
65.72276496887207,0.222,-0.416,-0.799,0.928
65.72283506393433,0.222,-0.416,-0.799,0.928
65.72291016578674,0.222,-0.416,-0.799,0.928
65.72298002243042,0.222,-0.416,-0.799,0.928
65.72305083274841,0.222,-0.416,-0.799,0.928
65.72312092781067,0.222,-0.416,-0.799,0.928
65.72319197654724,0.222,-0.416,-0.799,0.928
65.72326302528381,0.222,-0.416,-0.799,0.928
65.72333312034607,0.222,-0.416,-0.799,0.928
65.72340416908264,0.222,-0.416,-0.799,0.928
65.72347402572632,0.222,-0.416,-0.799,0.928
65.72354483604431,0.222,-0.416,-0.799,0.928
65.72361493110657,0.222,-0.416,-0.799,0.928
65.72368502616882,0.222,-0.416,-0.799,0.928
65.72375512123108,0.222,-0.416,-0.799,0.928
65.72382616996765,0.222,-0.416,-0.799,0.928
65.72389602661133,0.222,-0.416,-0.799,0.928
65.723965883255,0.222,-0.416,-0.799,0.928
65.72403693199158,0.222,-0.416,-0.799,0.928
65.72410702705383,0.222,-0.416,-0.799,0.928
65.72417712211609,0.222,-0.416,-0.799,0.928
65.72424697875977,0.222,-0.416,-0.799,0.928
65.72431683540344,0.222,-0.416,-0.799,0.928
65.7243869304657,0.222,-0.416,-0.799,0.928
65.72445607185364,0.222,-0.416,-0.799,0.928
65.72452712059021,0.222,-0.416,-0.799,0.928
65.72459602355957,0.222,-0.416,-0.799,0.928
65.72466588020325,0.222,-0.416,-0.799,0.928
65.7247359752655,0.222,-0.416,-0.799,0.928
65.72480511665344,0.222,-0.416,-0.799,0.928
65.72487497329712,0.222,-0.416,-0.799,0.928
65.7249448299408,0.222,-0.416,-0.799,0.928
65.72501492500305,0.222,-0.416,-0.799,0.928
65.72508502006531,0.222,-0.416,-0.799,0.928
65.72515511512756,0.222,-0.416,-0.799,0.928
65.72522497177124,0.222,-0.416,-0.799,0.928
65.7252938747406,0.222,-0.416,-0.799,0.928
65.72536492347717,0.222,-0.416,-0.799,0.928
65.72543501853943,0.222,-0.416,-0.799,0.928
65.72550511360168,0.222,-0.416,-0.799,0.928
65.72557497024536,0.222,-0.416,-0.799,0.928
65.72564601898193,0.222,-0.416,-0.799,0.928
65.72571587562561,0.222,-0.416,-0.799,0.928
65.72578692436218,0.222,-0.416,-0.799,0.928
65.72585606575012,0.222,-0.416,-0.799,0.928
65.7259271144867,0.222,-0.416,-0.799,0.928
65.72599697113037,0.222,-0.416,-0.799,0.928
65.72606706619263,0.222,-0.416,-0.799,0.928
65.7261369228363,0.222,-0.416,-0.799,0.928
65.72620797157288,0.222,-0.416,-0.799,0.928
65.72627806663513,0.222,-0.416,-0.799,0.928
65.7263491153717,0.222,-0.416,-0.799,0.928
65.72644805908203,0.222,-0.416,-0.799,0.928
65.72651791572571,0.222,-0.416,-0.799,0.928
65.72658801078796,0.222,-0.416,-0.799,0.928
65.72665905952454,0.222,-0.416,-0.799,0.928
65.7267279624939,0.222,-0.416,-0.799,0.928
65.72679805755615,0.222,-0.416,-0.799,0.928
65.72687005996704,0.222,-0.416,-0.799,0.928
65.72694087028503,0.222,-0.416,-0.799,0.928
65.72701001167297,0.222,-0.416,-0.799,0.928
65.72708106040955,0.222,-0.416,-0.799,0.928
65.72715306282043,0.222,-0.416,-0.799,0.928
65.72722315788269,0.222,-0.416,-0.799,0.928
65.72729301452637,0.222,-0.416,-0.799,0.928
65.72736287117004,0.222,-0.416,-0.799,0.928
65.7274329662323,0.222,-0.416,-0.799,0.928
65.72750496864319,0.222,-0.416,-0.799,0.928
65.72757506370544,0.222,-0.416,-0.799,0.928
65.72765398025513,0.222,-0.416,-0.799,0.928
65.7277238368988,0.222,-0.416,-0.799,0.928
65.72779393196106,0.222,-0.416,-0.799,0.928
65.72786688804626,0.222,-0.416,-0.799,0.928
65.7279360294342,0.222,-0.416,-0.799,0.928
65.72800612449646,0.222,-0.416,-0.799,0.928
65.72807598114014,0.222,-0.416,-0.799,0.928
65.72814583778381,0.222,-0.416,-0.799,0.928
65.72821593284607,0.222,-0.416,-0.799,0.928
65.72828602790833,0.222,-0.416,-0.799,0.928
65.72835612297058,0.222,-0.416,-0.799,0.928
65.72842597961426,0.222,-0.416,-0.799,0.928
65.72849583625793,0.222,-0.416,-0.799,0.928
65.72856497764587,0.222,-0.416,-0.799,0.928
65.72863507270813,0.222,-0.416,-0.799,0.928
65.72870516777039,0.222,-0.416,-0.799,0.928
65.72877502441406,0.222,-0.416,-0.799,0.928
65.72885394096375,0.222,-0.416,-0.799,0.928
65.728924036026,0.222,-0.416,-0.799,0.928
65.7290050983429,0.222,-0.416,-0.799,0.928
65.72907495498657,0.222,-0.416,-0.799,0.928
65.72914385795593,0.222,-0.416,-0.799,0.928
65.72930407524109,0.193,-0.401,-0.849,0.959
65.72945189476013,0.193,-0.401,-0.849,0.959
65.7295229434967,0.193,-0.401,-0.849,0.959
65.72959303855896,0.193,-0.401,-0.849,0.959
65.72967195510864,0.193,-0.401,-0.849,0.959
65.72974300384521,0.193,-0.401,-0.849,0.959
65.72981190681458,0.193,-0.401,-0.849,0.959
65.72988200187683,0.193,-0.401,-0.849,0.959
65.72999215126038,0.193,-0.401,-0.849,0.959
65.73006200790405,0.193,-0.401,-0.849,0.959
65.73013186454773,0.193,-0.401,-0.849,0.959
65.73020100593567,0.193,-0.401,-0.849,0.959
65.73027110099792,0.193,-0.401,-0.849,0.959
65.7303409576416,0.193,-0.401,-0.849,0.959
65.73041200637817,0.193,-0.401,-0.849,0.959
65.73048090934753,0.193,-0.401,-0.849,0.959
65.73055100440979,0.193,-0.401,-0.849,0.959
65.73062205314636,0.193,-0.401,-0.849,0.959
65.73069310188293,0.193,-0.401,-0.849,0.959
65.7307960987091,0.193,-0.401,-0.849,0.959
65.73090815544128,0.193,-0.401,-0.849,0.959
65.73098015785217,0.193,-0.401,-0.849,0.959
65.73105001449585,0.193,-0.401,-0.849,0.959
65.73112201690674,0.193,-0.401,-0.849,0.959
65.73119187355042,0.193,-0.401,-0.849,0.959
65.73126196861267,0.193,-0.401,-0.849,0.959
65.73133206367493,0.193,-0.401,-0.849,0.959
65.73140215873718,0.193,-0.401,-0.849,0.959
65.73147201538086,0.193,-0.401,-0.849,0.959
65.73154187202454,0.193,-0.401,-0.849,0.959
65.73161101341248,0.193,-0.401,-0.849,0.959
65.73168110847473,0.193,-0.401,-0.849,0.959
65.73175096511841,0.193,-0.401,-0.849,0.959
65.73182415962219,0.193,-0.401,-0.849,0.959
65.73189401626587,0.193,-0.401,-0.849,0.959
65.73196291923523,0.193,-0.401,-0.849,0.959
65.7320921421051,0.193,-0.401,-0.849,0.959
65.73220801353455,0.193,-0.401,-0.849,0.959
65.73229002952576,0.193,-0.401,-0.849,0.959
65.73236393928528,0.193,-0.401,-0.849,0.959
65.73243594169617,0.193,-0.401,-0.849,0.959
65.73250985145569,0.193,-0.401,-0.849,0.959
65.73258090019226,0.193,-0.401,-0.849,0.959
65.73265194892883,0.193,-0.401,-0.849,0.959
65.7327229976654,0.193,-0.401,-0.849,0.959
65.73279309272766,0.193,-0.401,-0.849,0.959
65.73286294937134,0.193,-0.401,-0.849,0.959
65.73293495178223,0.193,-0.401,-0.849,0.959
65.73300695419312,0.193,-0.401,-0.849,0.959
65.7330801486969,0.193,-0.401,-0.849,0.959
65.7331531047821,0.193,-0.401,-0.849,0.959
65.73322892189026,0.193,-0.401,-0.849,0.959
65.73330187797546,0.193,-0.401,-0.849,0.959
65.73337197303772,0.193,-0.401,-0.849,0.959
65.73344206809998,0.193,-0.401,-0.849,0.959
65.73351311683655,0.193,-0.401,-0.849,0.959
65.73358297348022,0.193,-0.401,-0.849,0.959
65.7336540222168,0.193,-0.401,-0.849,0.959
65.73372387886047,0.193,-0.401,-0.849,0.959
65.73379397392273,0.193,-0.401,-0.849,0.959
65.73386406898499,0.193,-0.401,-0.849,0.959
65.73393511772156,0.193,-0.401,-0.849,0.959
65.73400497436523,0.193,-0.401,-0.849,0.959
65.7340760231018,0.193,-0.401,-0.849,0.959
65.73414587974548,0.193,-0.401,-0.849,0.959
65.73421597480774,0.193,-0.401,-0.849,0.959
65.73428606987,0.193,-0.401,-0.849,0.959
65.73435616493225,0.193,-0.401,-0.849,0.959
65.73442697525024,0.193,-0.401,-0.849,0.959
65.73449683189392,0.193,-0.401,-0.849,0.959
65.73456692695618,0.193,-0.401,-0.849,0.959
65.73465394973755,0.193,-0.401,-0.849,0.959
65.7347240447998,0.193,-0.401,-0.849,0.959
65.73480105400085,0.193,-0.401,-0.849,0.959
65.73487210273743,0.193,-0.401,-0.849,0.959
65.7349419593811,0.193,-0.401,-0.849,0.959
65.73501515388489,0.193,-0.401,-0.849,0.959
65.73508501052856,0.193,-0.401,-0.849,0.959
65.73515486717224,0.193,-0.401,-0.849,0.959
65.7352340221405,0.193,-0.401,-0.849,0.959
65.73530888557434,0.193,-0.401,-0.849,0.959
65.7353789806366,0.193,-0.401,-0.849,0.959
65.73545002937317,0.193,-0.401,-0.849,0.959
65.73552107810974,0.193,-0.401,-0.849,0.959
65.735591173172,0.193,-0.401,-0.849,0.959
65.73566102981567,0.193,-0.401,-0.849,0.959
65.73573184013367,0.193,-0.401,-0.849,0.959
65.73580193519592,0.193,-0.401,-0.849,0.959
65.73586201667786,0.193,-0.401,-0.849,0.959
65.7359230518341,0.193,-0.401,-0.849,0.959
65.73598313331604,0.193,-0.401,-0.849,0.959
65.73604893684387,0.193,-0.401,-0.849,0.959
65.7361090183258,0.193,-0.401,-0.849,0.959
65.73616814613342,0.193,-0.401,-0.849,0.959
65.73622798919678,0.193,-0.401,-0.849,0.959
65.73628902435303,0.193,-0.401,-0.849,0.959
65.73634791374207,0.193,-0.401,-0.849,0.959
65.73641395568848,0.193,-0.401,-0.849,0.959
65.73647904396057,0.193,-0.401,-0.849,0.959
65.73654198646545,0.193,-0.401,-0.849,0.959
65.73660111427307,0.193,-0.401,-0.849,0.959
65.73666095733643,0.193,-0.401,-0.849,0.959
65.73672103881836,0.193,-0.401,-0.849,0.959
65.73678088188171,0.193,-0.401,-0.849,0.959
65.73684000968933,0.193,-0.401,-0.849,0.959
65.73690009117126,0.193,-0.401,-0.849,0.959
65.73696112632751,0.193,-0.401,-0.849,0.959
65.73702597618103,0.193,-0.401,-0.849,0.959
65.73708605766296,0.193,-0.401,-0.849,0.959
65.73715090751648,0.193,-0.401,-0.849,0.959
65.73721194267273,0.193,-0.401,-0.849,0.959
65.73727202415466,0.193,-0.401,-0.849,0.959
65.73733901977539,0.193,-0.401,-0.849,0.959
65.73739886283875,0.193,-0.401,-0.849,0.959
65.73745894432068,0.193,-0.401,-0.849,0.959
65.73751902580261,0.193,-0.401,-0.849,0.959
65.73757910728455,0.193,-0.401,-0.849,0.959
65.7376389503479,0.193,-0.401,-0.849,0.959
65.73769903182983,0.193,-0.401,-0.849,0.959
65.73775887489319,0.193,-0.401,-0.849,0.959
65.7378180027008,0.193,-0.401,-0.849,0.959
65.73787808418274,0.193,-0.401,-0.849,0.959
65.73793816566467,0.193,-0.401,-0.849,0.959
65.73802304267883,0.193,-0.401,-0.849,0.959
65.73808312416077,0.193,-0.401,-0.849,0.959
65.73814415931702,0.193,-0.401,-0.849,0.959
65.73820400238037,0.193,-0.401,-0.849,0.959
65.73826384544373,0.193,-0.401,-0.849,0.959
65.73832488059998,0.193,-0.401,-0.849,0.959
65.73838496208191,0.193,-0.401,-0.849,0.959
65.73844408988953,0.193,-0.401,-0.849,0.959
65.73850417137146,0.193,-0.401,-0.849,0.959
65.7385630607605,0.193,-0.401,-0.849,0.959
65.73862290382385,0.193,-0.401,-0.849,0.959
65.73868298530579,0.193,-0.401,-0.849,0.959
65.7387421131134,0.193,-0.401,-0.849,0.959
65.73880195617676,0.193,-0.401,-0.849,0.959
65.73886203765869,0.193,-0.401,-0.849,0.959
65.73892092704773,0.193,-0.401,-0.849,0.959
65.73898100852966,0.193,-0.401,-0.849,0.959
65.7390410900116,0.193,-0.401,-0.849,0.959
65.73909997940063,0.193,-0.401,-0.849,0.959
65.73916006088257,0.193,-0.401,-0.849,0.959
65.73922085762024,0.193,-0.401,-0.849,0.959
65.73928189277649,0.154,-0.382,-0.889,0.98
65.73950409889221,0.154,-0.382,-0.889,0.98
65.7395670413971,0.154,-0.382,-0.889,0.98
65.73962807655334,0.154,-0.382,-0.889,0.98
65.7396891117096,0.154,-0.382,-0.889,0.98
65.73975110054016,0.154,-0.382,-0.889,0.98
65.7398111820221,0.154,-0.382,-0.889,0.98
65.73987102508545,0.154,-0.382,-0.889,0.98
65.7399320602417,0.154,-0.382,-0.889,0.98
65.73999190330505,0.154,-0.382,-0.889,0.98
65.74005198478699,0.154,-0.382,-0.889,0.98
65.74011397361755,0.154,-0.382,-0.889,0.98
65.74017405509949,0.154,-0.382,-0.889,0.98
65.74023509025574,0.154,-0.382,-0.889,0.98
65.74029517173767,0.154,-0.382,-0.889,0.98
65.74035596847534,0.154,-0.382,-0.889,0.98
65.74042701721191,0.154,-0.382,-0.889,0.98
65.74048805236816,0.154,-0.382,-0.889,0.98
65.74055504798889,0.154,-0.382,-0.889,0.98
65.74061512947083,0.154,-0.382,-0.889,0.98
65.74067497253418,0.154,-0.382,-0.889,0.98
65.74073505401611,0.154,-0.382,-0.889,0.98
65.74079489707947,0.154,-0.382,-0.889,0.98
65.74086308479309,0.154,-0.382,-0.889,0.98
65.74092316627502,0.154,-0.382,-0.889,0.98
65.74098515510559,0.154,-0.382,-0.889,0.98
65.74104499816895,0.154,-0.382,-0.889,0.98
65.7411048412323,0.154,-0.382,-0.889,0.98
65.74116396903992,0.154,-0.382,-0.889,0.98
65.74122405052185,0.154,-0.382,-0.889,0.98
65.74128413200378,0.154,-0.382,-0.889,0.98
65.74134397506714,0.154,-0.382,-0.889,0.98
65.74140405654907,0.154,-0.382,-0.889,0.98
65.74146389961243,0.154,-0.382,-0.889,0.98
65.74152398109436,0.154,-0.382,-0.889,0.98
65.7415840625763,0.154,-0.382,-0.889,0.98
65.74164414405823,0.154,-0.382,-0.889,0.98
65.74170517921448,0.154,-0.382,-0.889,0.98
65.74176502227783,0.154,-0.382,-0.889,0.98
65.74182486534119,0.154,-0.382,-0.889,0.98
65.74191904067993,0.154,-0.382,-0.889,0.98
65.7419810295105,0.154,-0.382,-0.889,0.98
65.74204087257385,0.154,-0.382,-0.889,0.98
65.74210095405579,0.154,-0.382,-0.889,0.98
65.74216198921204,0.154,-0.382,-0.889,0.98
65.74222803115845,0.154,-0.382,-0.889,0.98
65.74228692054749,0.154,-0.382,-0.889,0.98
65.74234700202942,0.154,-0.382,-0.889,0.98
65.74240612983704,0.154,-0.382,-0.889,0.98
65.74246597290039,0.154,-0.382,-0.889,0.98
65.74252605438232,0.154,-0.382,-0.889,0.98
65.74258494377136,0.154,-0.382,-0.889,0.98
65.74264597892761,0.154,-0.382,-0.889,0.98
65.74271082878113,0.154,-0.382,-0.889,0.98
65.74277186393738,0.154,-0.382,-0.889,0.98
65.74283194541931,0.154,-0.382,-0.889,0.98
65.74289202690125,0.154,-0.382,-0.889,0.98
65.74295783042908,0.154,-0.382,-0.889,0.98
65.74301886558533,0.154,-0.382,-0.889,0.98
65.74307799339294,0.154,-0.382,-0.889,0.98
65.74314403533936,0.154,-0.382,-0.889,0.98
65.7432029247284,0.154,-0.382,-0.889,0.98
65.74326300621033,0.154,-0.382,-0.889,0.98
65.74332308769226,0.154,-0.382,-0.889,0.98
65.7433819770813,0.154,-0.382,-0.889,0.98
65.74344205856323,0.154,-0.382,-0.889,0.98
65.74350094795227,0.154,-0.382,-0.889,0.98
65.7435610294342,0.154,-0.382,-0.889,0.98
65.74362111091614,0.154,-0.382,-0.889,0.98
65.74368095397949,0.154,-0.382,-0.889,0.98
65.74374103546143,0.154,-0.382,-0.889,0.98
65.74380087852478,0.154,-0.382,-0.889,0.98
65.74386286735535,0.154,-0.382,-0.889,0.98
65.74392199516296,0.154,-0.382,-0.889,0.98
65.74398803710938,0.154,-0.382,-0.889,0.98
65.74404788017273,0.154,-0.382,-0.889,0.98
65.74410796165466,0.154,-0.382,-0.889,0.98
65.7441680431366,0.154,-0.382,-0.889,0.98
65.74422717094421,0.154,-0.382,-0.889,0.98
65.74428701400757,0.154,-0.382,-0.889,0.98
65.74435305595398,0.154,-0.382,-0.889,0.98
65.74441313743591,0.154,-0.382,-0.889,0.98
65.74447298049927,0.154,-0.382,-0.889,0.98
65.7445330619812,0.154,-0.382,-0.889,0.98
65.74459910392761,0.154,-0.382,-0.889,0.98
65.74465918540955,0.154,-0.382,-0.889,0.98
65.7447190284729,0.154,-0.382,-0.889,0.98
65.74477791786194,0.154,-0.382,-0.889,0.98
65.74484610557556,0.154,-0.382,-0.889,0.98
65.74491095542908,0.154,-0.382,-0.889,0.98
65.74497103691101,0.154,-0.382,-0.889,0.98
65.74503684043884,0.154,-0.382,-0.889,0.98
65.74509692192078,0.154,-0.382,-0.889,0.98
65.74515700340271,0.154,-0.382,-0.889,0.98
65.74521708488464,0.154,-0.382,-0.889,0.98
65.74527716636658,0.154,-0.382,-0.889,0.98
65.74534201622009,0.154,-0.382,-0.889,0.98
65.74540209770203,0.154,-0.382,-0.889,0.98
65.74547791481018,0.154,-0.382,-0.889,0.98
65.74553799629211,0.154,-0.382,-0.889,0.98
65.74560403823853,0.154,-0.382,-0.889,0.98
65.74566388130188,0.154,-0.382,-0.889,0.98
65.74572491645813,0.154,-0.382,-0.889,0.98
65.74577903747559,0.154,-0.382,-0.889,0.98
65.74583411216736,0.154,-0.382,-0.889,0.98
65.74588799476624,0.154,-0.382,-0.889,0.98
65.74594283103943,0.154,-0.382,-0.889,0.98
65.74599695205688,0.154,-0.382,-0.889,0.98
65.74605202674866,0.154,-0.382,-0.889,0.98
65.74610590934753,0.154,-0.382,-0.889,0.98
65.74616003036499,0.154,-0.382,-0.889,0.98
65.74621510505676,0.154,-0.382,-0.889,0.98
65.74627184867859,0.154,-0.382,-0.889,0.98
65.74633598327637,0.154,-0.382,-0.889,0.98
65.74639105796814,0.154,-0.382,-0.889,0.98
65.74644494056702,0.154,-0.382,-0.889,0.98
65.74650502204895,0.154,-0.382,-0.889,0.98
65.74655985832214,0.154,-0.382,-0.889,0.98
65.74666595458984,0.154,-0.382,-0.889,0.98
65.74674606323242,0.154,-0.382,-0.889,0.98
65.74680685997009,0.154,-0.382,-0.889,0.98
65.74686408042908,0.154,-0.382,-0.889,0.98
65.74691891670227,0.154,-0.382,-0.889,0.98
65.74697399139404,0.154,-0.382,-0.889,0.98
65.74706482887268,0.154,-0.382,-0.889,0.98
65.74714398384094,0.154,-0.382,-0.889,0.98
65.74720311164856,0.154,-0.382,-0.889,0.98
65.74725794792175,0.154,-0.382,-0.889,0.98
65.74742698669434,0.154,-0.382,-0.889,0.98
65.74751305580139,0.154,-0.382,-0.889,0.98
65.74758315086365,0.154,-0.382,-0.889,0.98
65.74763894081116,0.154,-0.382,-0.889,0.98
65.74769306182861,0.154,-0.382,-0.889,0.98
65.74774718284607,0.154,-0.382,-0.889,0.98
65.74780106544495,0.154,-0.382,-0.889,0.98
65.74785590171814,0.154,-0.382,-0.889,0.98
65.7479100227356,0.154,-0.382,-0.889,0.98
65.74796414375305,0.154,-0.382,-0.889,0.98
65.74801802635193,0.154,-0.382,-0.889,0.98
65.7480719089508,0.154,-0.382,-0.889,0.98
65.74812602996826,0.154,-0.382,-0.889,0.98
65.74818015098572,0.154,-0.382,-0.889,0.98
65.7482340335846,0.154,-0.382,-0.889,0.98
65.74828791618347,0.154,-0.382,-0.889,0.98
65.74834203720093,0.154,-0.382,-0.889,0.98
65.74839615821838,0.154,-0.382,-0.889,0.98
65.74845099449158,0.154,-0.382,-0.889,0.98
65.74850487709045,0.154,-0.382,-0.889,0.98
65.74855995178223,0.154,-0.382,-0.889,0.98
65.74861407279968,0.154,-0.382,-0.889,0.98
65.74866795539856,0.154,-0.382,-0.889,0.98
65.74872183799744,0.154,-0.382,-0.889,0.98
65.74877595901489,0.154,-0.382,-0.889,0.98
65.74883103370667,0.154,-0.382,-0.889,0.98
65.74888396263123,0.154,-0.382,-0.889,0.98
65.7489378452301,0.154,-0.382,-0.889,0.98
65.74899315834045,0.154,-0.382,-0.889,0.98
65.74904704093933,0.154,-0.382,-0.889,0.98
65.74910187721252,0.154,-0.382,-0.889,0.98
65.74915814399719,0.154,-0.382,-0.889,0.98
65.74921202659607,0.116,-0.371,-0.903,0.983
65.7494170665741,0.116,-0.371,-0.903,0.983
65.74948191642761,0.116,-0.371,-0.903,0.983
65.74954390525818,0.116,-0.371,-0.903,0.983
65.7496030330658,0.116,-0.371,-0.903,0.983
65.74966216087341,0.116,-0.371,-0.903,0.983
65.74972105026245,0.116,-0.371,-0.903,0.983
65.74977898597717,0.116,-0.371,-0.903,0.983
65.74983716011047,0.116,-0.371,-0.903,0.983
65.74989914894104,0.116,-0.371,-0.903,0.983
65.74995684623718,0.116,-0.371,-0.903,0.983
65.75001502037048,0.116,-0.371,-0.903,0.983
65.7500741481781,0.116,-0.371,-0.903,0.983
65.75013709068298,0.116,-0.371,-0.903,0.983
65.75019598007202,0.116,-0.371,-0.903,0.983
65.75025486946106,0.116,-0.371,-0.903,0.983
65.75031590461731,0.116,-0.371,-0.903,0.983
65.75037407875061,0.116,-0.371,-0.903,0.983
65.75044083595276,0.116,-0.371,-0.903,0.983
65.75049996376038,0.116,-0.371,-0.903,0.983
65.750559091568,0.116,-0.371,-0.903,0.983
65.75061798095703,0.116,-0.371,-0.903,0.983
65.7506811618805,0.116,-0.371,-0.903,0.983
65.75073885917664,0.116,-0.371,-0.903,0.983
65.75079607963562,0.116,-0.371,-0.903,0.983
65.75085401535034,0.116,-0.371,-0.903,0.983
65.75091195106506,0.116,-0.371,-0.903,0.983
65.75097107887268,0.116,-0.371,-0.903,0.983
65.75102806091309,0.116,-0.371,-0.903,0.983
65.75108599662781,0.116,-0.371,-0.903,0.983
65.75114417076111,0.116,-0.371,-0.903,0.983
65.75120186805725,0.116,-0.371,-0.903,0.983
65.75126099586487,0.116,-0.371,-0.903,0.983
65.75131916999817,0.116,-0.371,-0.903,0.983
65.75137686729431,0.116,-0.371,-0.903,0.983
65.75143504142761,0.116,-0.371,-0.903,0.983
65.75149297714233,0.116,-0.371,-0.903,0.983
65.75155091285706,0.116,-0.371,-0.903,0.983
65.75160908699036,0.116,-0.371,-0.903,0.983
65.75166583061218,0.116,-0.371,-0.903,0.983
65.7517249584198,0.116,-0.371,-0.903,0.983
65.7517831325531,0.116,-0.371,-0.903,0.983
65.75183987617493,0.116,-0.371,-0.903,0.983
65.75189805030823,0.116,-0.371,-0.903,0.983
65.75195598602295,0.116,-0.371,-0.903,0.983
65.75201392173767,0.116,-0.371,-0.903,0.983
65.75207209587097,0.116,-0.371,-0.903,0.983
65.75213313102722,0.116,-0.371,-0.903,0.983
65.75219082832336,0.116,-0.371,-0.903,0.983
65.75224804878235,0.116,-0.371,-0.903,0.983
65.75231099128723,0.116,-0.371,-0.903,0.983
65.75236916542053,0.116,-0.371,-0.903,0.983
65.75242900848389,0.116,-0.371,-0.903,0.983
65.75248694419861,0.116,-0.371,-0.903,0.983
65.75254511833191,0.116,-0.371,-0.903,0.983
65.75260186195374,0.116,-0.371,-0.903,0.983
65.75266003608704,0.116,-0.371,-0.903,0.983
65.75272703170776,0.116,-0.371,-0.903,0.983
65.75278496742249,0.116,-0.371,-0.903,0.983
65.7528440952301,0.116,-0.371,-0.903,0.983
65.75290298461914,0.116,-0.371,-0.903,0.983
65.75296092033386,0.116,-0.371,-0.903,0.983
65.75302290916443,0.116,-0.371,-0.903,0.983
65.75308108329773,0.116,-0.371,-0.903,0.983
65.75313901901245,0.116,-0.371,-0.903,0.983
65.75319600105286,0.116,-0.371,-0.903,0.983
65.75325417518616,0.116,-0.371,-0.903,0.983
65.7533118724823,0.116,-0.371,-0.903,0.983
65.75336909294128,0.116,-0.371,-0.903,0.983
65.753427028656,0.116,-0.371,-0.903,0.983
65.75348496437073,0.116,-0.371,-0.903,0.983
65.75354218482971,0.116,-0.371,-0.903,0.983
65.75359988212585,0.116,-0.371,-0.903,0.983
65.75365614891052,0.116,-0.371,-0.903,0.983
65.7537100315094,0.116,-0.371,-0.903,0.983
65.75376391410828,0.116,-0.371,-0.903,0.983
65.75381684303284,0.116,-0.371,-0.903,0.983
65.7538709640503,0.116,-0.371,-0.903,0.983
65.75392413139343,0.116,-0.371,-0.903,0.983
65.753977060318,0.116,-0.371,-0.903,0.983
65.75403094291687,0.116,-0.371,-0.903,0.983
65.75408601760864,0.116,-0.371,-0.903,0.983
65.7541401386261,0.116,-0.371,-0.903,0.983
65.75419402122498,0.116,-0.371,-0.903,0.983
65.75425004959106,0.116,-0.371,-0.903,0.983
65.75430607795715,0.116,-0.371,-0.903,0.983
65.75435996055603,0.116,-0.371,-0.903,0.983
65.75441288948059,0.116,-0.371,-0.903,0.983
65.75446915626526,0.116,-0.371,-0.903,0.983
65.75452208518982,0.116,-0.371,-0.903,0.983
65.7545759677887,0.116,-0.371,-0.903,0.983
65.75464415550232,0.116,-0.371,-0.903,0.983
65.7546980381012,0.116,-0.371,-0.903,0.983
65.75475192070007,0.116,-0.371,-0.903,0.983
65.75480604171753,0.116,-0.371,-0.903,0.983
65.75486016273499,0.116,-0.371,-0.903,0.983
65.75491404533386,0.116,-0.371,-0.903,0.983
65.75496792793274,0.116,-0.371,-0.903,0.983
65.7550208568573,0.116,-0.371,-0.903,0.983
65.75507497787476,0.116,-0.371,-0.903,0.983
65.75512909889221,0.116,-0.371,-0.903,0.983
65.75518298149109,0.116,-0.371,-0.903,0.983
65.75523686408997,0.116,-0.371,-0.903,0.983
65.75529098510742,0.116,-0.371,-0.903,0.983
65.75534415245056,0.116,-0.371,-0.903,0.983
65.75539803504944,0.116,-0.371,-0.903,0.983
65.755450963974,0.116,-0.371,-0.903,0.983
65.75550484657288,0.116,-0.371,-0.903,0.983
65.75556015968323,0.116,-0.371,-0.903,0.983
65.7556140422821,0.116,-0.371,-0.903,0.983
65.75566792488098,0.116,-0.371,-0.903,0.983
65.75572204589844,0.116,-0.371,-0.903,0.983
65.7557761669159,0.116,-0.371,-0.903,0.983
65.75583100318909,0.116,-0.371,-0.903,0.983
65.75588703155518,0.116,-0.371,-0.903,0.983
65.75594401359558,0.116,-0.371,-0.903,0.983
65.75600099563599,0.116,-0.371,-0.903,0.983
65.75605988502502,0.116,-0.371,-0.903,0.983
65.7561149597168,0.116,-0.371,-0.903,0.983
65.7561719417572,0.116,-0.371,-0.903,0.983
65.75622701644897,0.116,-0.371,-0.903,0.983
65.75628113746643,0.116,-0.371,-0.903,0.983
65.75633502006531,0.116,-0.371,-0.903,0.983
65.75638890266418,0.116,-0.371,-0.903,0.983
65.75644397735596,0.116,-0.371,-0.903,0.983
65.75649809837341,0.116,-0.371,-0.903,0.983
65.75655388832092,0.116,-0.371,-0.903,0.983
65.7566089630127,0.116,-0.371,-0.903,0.983
65.75666403770447,0.116,-0.371,-0.903,0.983
65.75671792030334,0.116,-0.371,-0.903,0.983
65.7567720413208,0.116,-0.371,-0.903,0.983
65.75682616233826,0.116,-0.371,-0.903,0.983
65.75688099861145,0.116,-0.371,-0.903,0.983
65.75693583488464,0.116,-0.371,-0.903,0.983
65.756991147995,0.116,-0.371,-0.903,0.983
65.75704503059387,0.116,-0.371,-0.903,0.983
65.75709891319275,0.116,-0.371,-0.903,0.983
65.7571530342102,0.116,-0.371,-0.903,0.983
65.75720810890198,0.116,-0.371,-0.903,0.983
65.75726294517517,0.116,-0.371,-0.903,0.983
65.75731706619263,0.116,-0.371,-0.903,0.983
65.7573721408844,0.116,-0.371,-0.903,0.983
65.75742602348328,0.116,-0.371,-0.903,0.983
65.75747990608215,0.116,-0.371,-0.903,0.983
65.75753402709961,0.116,-0.371,-0.903,0.983
65.75759100914001,0.116,-0.371,-0.903,0.983
65.75764393806458,0.116,-0.371,-0.903,0.983
65.75769686698914,0.116,-0.371,-0.903,0.983
65.75775003433228,0.116,-0.371,-0.903,0.983
65.75780296325684,0.116,-0.371,-0.903,0.983
65.75785994529724,0.116,-0.371,-0.903,0.983
65.75791597366333,0.116,-0.371,-0.903,0.983
65.75797200202942,0.116,-0.371,-0.903,0.983
65.75803017616272,0.116,-0.371,-0.903,0.983
65.75808596611023,0.116,-0.371,-0.903,0.983
65.75814199447632,0.116,-0.371,-0.903,0.983
65.75819993019104,0.116,-0.371,-0.903,0.983
65.75825595855713,0.116,-0.371,-0.903,0.983
65.7583110332489,0.116,-0.371,-0.903,0.983
65.7583658695221,0.116,-0.371,-0.903,0.983
65.75842499732971,0.116,-0.371,-0.903,0.983
65.75847887992859,0.116,-0.371,-0.903,0.983
65.75853514671326,0.116,-0.371,-0.903,0.983
65.75859189033508,0.116,-0.371,-0.903,0.983
65.75864696502686,0.116,-0.371,-0.903,0.983
65.75870108604431,0.116,-0.371,-0.903,0.983
65.75875496864319,0.116,-0.371,-0.903,0.983
65.75880885124207,0.116,-0.371,-0.903,0.983
65.75886511802673,0.116,-0.371,-0.903,0.983
65.75908303260803,0.116,-0.371,-0.903,0.983
65.75914216041565,0.116,-0.371,-0.903,0.983
65.75919699668884,0.116,-0.371,-0.903,0.983
65.75925183296204,0.116,-0.371,-0.903,0.983
65.7593400478363,0.085,-0.38,-0.927,1.005
65.75948309898376,0.085,-0.38,-0.927,1.005
65.75953888893127,0.085,-0.38,-0.927,1.005
65.7602870464325,0.085,-0.38,-0.927,1.005
65.7603509426117,0.085,-0.38,-0.927,1.005
65.76040697097778,0.085,-0.38,-0.927,1.005
65.76046395301819,0.085,-0.38,-0.927,1.005
65.76051902770996,0.085,-0.38,-0.927,1.005
65.76057410240173,0.085,-0.38,-0.927,1.005
65.76062893867493,0.085,-0.38,-0.927,1.005
65.7606840133667,0.085,-0.38,-0.927,1.005
65.76073908805847,0.085,-0.38,-0.927,1.005
65.76079392433167,0.085,-0.38,-0.927,1.005
65.76084899902344,0.085,-0.38,-0.927,1.005
65.76090407371521,0.085,-0.38,-0.927,1.005
65.76095795631409,0.085,-0.38,-0.927,1.005
65.76101303100586,0.085,-0.38,-0.927,1.005
65.76106715202332,0.085,-0.38,-0.927,1.005
65.76112103462219,0.085,-0.38,-0.927,1.005
65.76117491722107,0.085,-0.38,-0.927,1.005
65.76122903823853,0.085,-0.38,-0.927,1.005
65.76128315925598,0.085,-0.38,-0.927,1.005
65.76133704185486,0.085,-0.38,-0.927,1.005
65.76139092445374,0.085,-0.38,-0.927,1.005
65.7614438533783,0.085,-0.38,-0.927,1.005
65.76149797439575,0.085,-0.38,-0.927,1.005
65.76155304908752,0.085,-0.38,-0.927,1.005
65.7616069316864,0.085,-0.38,-0.927,1.005
65.76165986061096,0.085,-0.38,-0.927,1.005
65.76171398162842,0.085,-0.38,-0.927,1.005
65.76176810264587,0.085,-0.38,-0.927,1.005
65.76182198524475,0.085,-0.38,-0.927,1.005
65.76187705993652,0.085,-0.38,-0.927,1.005
65.76192998886108,0.085,-0.38,-0.927,1.005
65.76198410987854,0.085,-0.38,-0.927,1.005
65.76203799247742,0.085,-0.38,-0.927,1.005
65.7620918750763,0.085,-0.38,-0.927,1.005
65.76214504241943,0.085,-0.38,-0.927,1.005
65.76219916343689,0.085,-0.38,-0.927,1.005
65.76225399971008,0.085,-0.38,-0.927,1.005
65.76230788230896,0.085,-0.38,-0.927,1.005
65.7623610496521,0.085,-0.38,-0.927,1.005
65.76241612434387,0.085,-0.38,-0.927,1.005
65.76247000694275,0.085,-0.38,-0.927,1.005
65.76252388954163,0.085,-0.38,-0.927,1.005
65.7625789642334,0.085,-0.38,-0.927,1.005
65.76263308525085,0.085,-0.38,-0.927,1.005
65.76268696784973,0.085,-0.38,-0.927,1.005
65.76273989677429,0.085,-0.38,-0.927,1.005
65.76279401779175,0.085,-0.38,-0.927,1.005
65.76284718513489,0.085,-0.38,-0.927,1.005
65.76290106773376,0.085,-0.38,-0.927,1.005
65.76295495033264,0.085,-0.38,-0.927,1.005
65.7630078792572,0.085,-0.38,-0.927,1.005
65.76306200027466,0.085,-0.38,-0.927,1.005
65.76312518119812,0.085,-0.38,-0.927,1.005
65.76321506500244,0.085,-0.38,-0.927,1.005
65.76378083229065,0.085,-0.38,-0.927,1.005
65.7639729976654,0.085,-0.38,-0.927,1.005
65.7642560005188,0.085,-0.38,-0.927,1.005
65.7650990486145,0.085,-0.38,-0.927,1.005
65.7652039527893,0.085,-0.38,-0.927,1.005
65.7652599811554,0.085,-0.38,-0.927,1.005
65.76689887046814,0.085,-0.38,-0.927,1.005
65.76734709739685,0.085,-0.38,-0.927,1.005
65.76786589622498,0.085,-0.38,-0.927,1.005
65.76801300048828,0.085,-0.38,-0.927,1.005
65.76824402809143,0.085,-0.38,-0.927,1.005
65.76838707923889,0.085,-0.38,-0.927,1.005
65.76844501495361,0.085,-0.38,-0.927,1.005
65.7685010433197,0.085,-0.38,-0.927,1.005
65.76864314079285,0.085,-0.38,-0.927,1.005
65.76877093315125,0.085,-0.38,-0.927,1.005
65.76885485649109,0.085,-0.38,-0.927,1.005
65.7689368724823,0.085,-0.38,-0.927,1.005
65.76899409294128,0.085,-0.38,-0.927,1.005
65.76904797554016,0.085,-0.38,-0.927,1.005
65.76910185813904,0.085,-0.38,-0.927,1.005
65.76929497718811,0.085,-0.38,-0.927,1.005
65.7699601650238,0.066,-0.364,-0.94,1.01
65.77002596855164,0.066,-0.364,-0.94,1.01
65.7700788974762,0.066,-0.364,-0.94,1.01
65.77013087272644,0.066,-0.364,-0.94,1.01
65.77018189430237,0.066,-0.364,-0.94,1.01
65.77023386955261,0.066,-0.364,-0.94,1.01
65.77028584480286,0.066,-0.364,-0.94,1.01
65.77033591270447,0.066,-0.364,-0.94,1.01
65.77038598060608,0.066,-0.364,-0.94,1.01
65.77043795585632,0.066,-0.364,-0.94,1.01
65.77048993110657,0.066,-0.364,-0.94,1.01
65.77054190635681,0.066,-0.364,-0.94,1.01
65.77059388160706,0.066,-0.364,-0.94,1.01
65.77069902420044,0.066,-0.364,-0.94,1.01
65.77075600624084,0.066,-0.364,-0.94,1.01
65.77080512046814,0.066,-0.364,-0.94,1.01
65.77085494995117,0.066,-0.364,-0.94,1.01
65.77090501785278,0.066,-0.364,-0.94,1.01
65.77095603942871,0.066,-0.364,-0.94,1.01
65.77100706100464,0.066,-0.364,-0.94,1.01
65.7710599899292,0.066,-0.364,-0.94,1.01
65.77110886573792,0.066,-0.364,-0.94,1.01
65.77115893363953,0.066,-0.364,-0.94,1.01
65.77120900154114,0.066,-0.364,-0.94,1.01
65.77125906944275,0.066,-0.364,-0.94,1.01
65.7713520526886,0.066,-0.364,-0.94,1.01
65.7714331150055,0.066,-0.364,-0.94,1.01
65.77161598205566,0.066,-0.364,-0.94,1.01
65.77167201042175,0.066,-0.364,-0.94,1.01
65.77172684669495,0.066,-0.364,-0.94,1.01
65.77178692817688,0.066,-0.364,-0.94,1.01
65.7718780040741,0.066,-0.364,-0.94,1.01
65.77194094657898,0.066,-0.364,-0.94,1.01
65.77199816703796,0.066,-0.364,-0.94,1.01
65.7720890045166,0.066,-0.364,-0.94,1.01
65.77214097976685,0.066,-0.364,-0.94,1.01
65.77219104766846,0.066,-0.364,-0.94,1.01
65.77223992347717,0.066,-0.364,-0.94,1.01
65.77228808403015,0.066,-0.364,-0.94,1.01
65.77233695983887,0.066,-0.364,-0.94,1.01
65.77238583564758,0.066,-0.364,-0.94,1.01
65.77243494987488,0.066,-0.364,-0.94,1.01
65.77248406410217,0.066,-0.364,-0.94,1.01
65.77253317832947,0.066,-0.364,-0.94,1.01
65.77258205413818,0.066,-0.364,-0.94,1.01
65.7726309299469,0.066,-0.364,-0.94,1.01
65.77268099784851,0.066,-0.364,-0.94,1.01
65.77272915840149,0.066,-0.364,-0.94,1.01
65.77277898788452,0.066,-0.364,-0.94,1.01
65.77282905578613,0.066,-0.364,-0.94,1.01
65.77287793159485,0.066,-0.364,-0.94,1.01
65.77292704582214,0.066,-0.364,-0.94,1.01
65.77297616004944,0.066,-0.364,-0.94,1.01
65.77302503585815,0.066,-0.364,-0.94,1.01
65.77307295799255,0.066,-0.364,-0.94,1.01
65.77312207221985,0.066,-0.364,-0.94,1.01
65.77317094802856,0.066,-0.364,-0.94,1.01
65.77322006225586,0.066,-0.364,-0.94,1.01
65.77326893806458,0.066,-0.364,-0.94,1.01
65.77331805229187,0.066,-0.364,-0.94,1.01
65.77336716651917,0.066,-0.364,-0.94,1.01
65.77341485023499,0.066,-0.364,-0.94,1.01
65.77346706390381,0.066,-0.364,-0.94,1.01
65.77351689338684,0.066,-0.364,-0.94,1.01
65.77356791496277,0.066,-0.364,-0.94,1.01
65.77361702919006,0.066,-0.364,-0.94,1.01
65.77366614341736,0.066,-0.364,-0.94,1.01
65.77371501922607,0.066,-0.364,-0.94,1.01
65.77376294136047,0.066,-0.364,-0.94,1.01
65.77381205558777,0.066,-0.364,-0.94,1.01
65.77386116981506,0.066,-0.364,-0.94,1.01
65.77391004562378,0.066,-0.364,-0.94,1.01
65.7739589214325,0.066,-0.364,-0.94,1.01
65.77400803565979,0.066,-0.364,-0.94,1.01
65.77405595779419,0.066,-0.364,-0.94,1.01
65.77410387992859,0.066,-0.364,-0.94,1.01
65.77415299415588,0.066,-0.364,-0.94,1.01
65.77420210838318,0.066,-0.364,-0.94,1.01
65.7742509841919,0.066,-0.364,-0.94,1.01
65.77429986000061,0.066,-0.364,-0.94,1.01
65.7743489742279,0.066,-0.364,-0.94,1.01
65.77439713478088,0.066,-0.364,-0.94,1.01
65.7744460105896,0.066,-0.364,-0.94,1.01
65.77449488639832,0.066,-0.364,-0.94,1.01
65.77454400062561,0.066,-0.364,-0.94,1.01
65.77459216117859,0.066,-0.364,-0.94,1.01
65.7746410369873,0.066,-0.364,-0.94,1.01
65.7746889591217,0.066,-0.364,-0.94,1.01
65.774738073349,0.066,-0.364,-0.94,1.01
65.77478694915771,0.066,-0.364,-0.94,1.01
65.77483606338501,0.066,-0.364,-0.94,1.01
65.77488684654236,0.066,-0.364,-0.94,1.01
65.77493596076965,0.066,-0.364,-0.94,1.01
65.77498507499695,0.066,-0.364,-0.94,1.01
65.77503299713135,0.066,-0.364,-0.94,1.01
65.77508187294006,0.066,-0.364,-0.94,1.01
65.77513098716736,0.066,-0.364,-0.94,1.01
65.77518010139465,0.066,-0.364,-0.94,1.01
65.77522897720337,0.066,-0.364,-0.94,1.01
65.77527689933777,0.066,-0.364,-0.94,1.01
65.77532601356506,0.066,-0.364,-0.94,1.01
65.77537417411804,0.066,-0.364,-0.94,1.01
65.77542304992676,0.066,-0.364,-0.94,1.01
65.77547192573547,0.066,-0.364,-0.94,1.01
65.77552103996277,0.066,-0.364,-0.94,1.01
65.77556896209717,0.066,-0.364,-0.94,1.01
65.77561783790588,0.066,-0.364,-0.94,1.01
65.77566599845886,0.066,-0.364,-0.94,1.01
65.77571415901184,0.066,-0.364,-0.94,1.01
65.77576303482056,0.066,-0.364,-0.94,1.01
65.77581191062927,0.066,-0.364,-0.94,1.01
65.77586102485657,0.066,-0.364,-0.94,1.01
65.77591013908386,0.066,-0.364,-0.94,1.01
65.77595901489258,0.066,-0.364,-0.94,1.01
65.77600693702698,0.066,-0.364,-0.94,1.01
65.77605509757996,0.066,-0.364,-0.94,1.01
65.7761070728302,0.066,-0.364,-0.94,1.01
65.7761549949646,0.066,-0.364,-0.94,1.01
65.77620387077332,0.066,-0.364,-0.94,1.01
65.7762520313263,0.066,-0.364,-0.94,1.01
65.77630114555359,0.066,-0.364,-0.94,1.01
65.7763500213623,0.066,-0.364,-0.94,1.01
65.7763979434967,0.066,-0.364,-0.94,1.01
65.776447057724,0.066,-0.364,-0.94,1.01
65.7764961719513,0.066,-0.364,-0.94,1.01
65.77654504776001,0.066,-0.364,-0.94,1.01
65.77659296989441,0.066,-0.364,-0.94,1.01
65.7766420841217,0.066,-0.364,-0.94,1.01
65.7766900062561,0.066,-0.364,-0.94,1.01
65.77673888206482,0.066,-0.364,-0.94,1.01
65.77679800987244,0.066,-0.364,-0.94,1.01
65.77684712409973,0.066,-0.364,-0.94,1.01
65.77689504623413,0.066,-0.364,-0.94,1.01
65.77694916725159,0.066,-0.364,-0.94,1.01
65.77700114250183,0.066,-0.364,-0.94,1.01
65.77704906463623,0.066,-0.364,-0.94,1.01
65.77709794044495,0.066,-0.364,-0.94,1.01
65.77714705467224,0.066,-0.364,-0.94,1.01
65.77719497680664,0.066,-0.364,-0.94,1.01
65.77724289894104,0.066,-0.364,-0.94,1.01
65.77729201316833,0.066,-0.364,-0.94,1.01
65.77734017372131,0.066,-0.364,-0.94,1.01
65.77738904953003,0.066,-0.364,-0.94,1.01
65.77743697166443,0.066,-0.364,-0.94,1.01
65.77748608589172,0.066,-0.364,-0.94,1.01
65.77753496170044,0.066,-0.364,-0.94,1.01
65.77758383750916,0.066,-0.364,-0.94,1.01
65.77763295173645,0.066,-0.364,-0.94,1.01
65.77768206596375,0.066,-0.364,-0.94,1.01
65.77773118019104,0.066,-0.364,-0.94,1.01
65.77778005599976,0.066,-0.364,-0.94,1.01
65.77782893180847,0.066,-0.364,-0.94,1.01
65.77787804603577,0.066,-0.364,-0.94,1.01
65.77792716026306,0.066,-0.364,-0.94,1.01
65.77797603607178,0.066,-0.364,-0.94,1.01
65.7780249118805,0.066,-0.364,-0.94,1.01
65.77807688713074,0.066,-0.364,-0.94,1.01
65.77812600135803,0.066,-0.364,-0.94,1.01
65.77817416191101,0.066,-0.364,-0.94,1.01
65.77822303771973,0.066,-0.364,-0.94,1.01
65.77827191352844,0.066,-0.364,-0.94,1.01
65.77832102775574,0.066,-0.364,-0.94,1.01
65.77837014198303,0.066,-0.364,-0.94,1.01
65.77841901779175,0.066,-0.364,-0.94,1.01
65.77846789360046,0.066,-0.364,-0.94,1.01
65.77851700782776,0.066,-0.364,-0.94,1.01
65.77859711647034,0.066,-0.364,-0.94,1.01
65.77864503860474,0.066,-0.364,-0.94,1.01
65.77869391441345,0.066,-0.364,-0.94,1.01
65.77874207496643,0.066,-0.364,-0.94,1.01
65.77880096435547,0.066,-0.364,-0.94,1.01
65.77885103225708,0.066,-0.364,-0.94,1.01
65.77889895439148,0.066,-0.364,-0.94,1.01
65.77894711494446,0.066,-0.364,-0.94,1.01
65.77899599075317,0.066,-0.364,-0.94,1.01
65.77904486656189,0.066,-0.364,-0.94,1.01
65.77909302711487,0.066,-0.364,-0.94,1.01
65.7791440486908,0.066,-0.364,-0.94,1.01
65.77919316291809,0.066,-0.364,-0.94,1.01
65.77925395965576,0.066,-0.364,-0.94,1.01
65.77930283546448,0.066,-0.364,-0.94,1.01
65.77935194969177,0.066,-0.364,-0.94,1.01
65.77940011024475,0.066,-0.364,-0.94,1.01
65.77944803237915,0.066,-0.364,-0.94,1.01
65.7795000076294,0.066,-0.364,-0.94,1.01
65.77955317497253,0.066,-0.364,-0.94,1.01
65.77963900566101,0.044,-0.359,-0.9,0.97
65.7798399925232,0.044,-0.359,-0.9,0.97
65.7799608707428,0.044,-0.359,-0.9,0.97
65.78001999855042,0.044,-0.359,-0.9,0.97
65.78007292747498,0.044,-0.359,-0.9,0.97
65.78012490272522,0.044,-0.359,-0.9,0.97
65.78017687797546,0.044,-0.359,-0.9,0.97
65.78022789955139,0.044,-0.359,-0.9,0.97
65.78027987480164,0.044,-0.359,-0.9,0.97
65.78033185005188,0.044,-0.359,-0.9,0.97
65.7803840637207,0.044,-0.359,-0.9,0.97
65.78043484687805,0.044,-0.359,-0.9,0.97
65.78048586845398,0.044,-0.359,-0.9,0.97
65.78053689002991,0.044,-0.359,-0.9,0.97
65.78058791160583,0.044,-0.359,-0.9,0.97
65.7807080745697,0.044,-0.359,-0.9,0.97
65.78076195716858,0.044,-0.359,-0.9,0.97
65.78081393241882,0.044,-0.359,-0.9,0.97
65.78086495399475,0.044,-0.359,-0.9,0.97
65.78096795082092,0.044,-0.359,-0.9,0.97
65.78101992607117,0.044,-0.359,-0.9,0.97
65.7810709476471,0.044,-0.359,-0.9,0.97
65.78113102912903,0.044,-0.359,-0.9,0.97
65.78118300437927,0.044,-0.359,-0.9,0.97
65.78123307228088,0.044,-0.359,-0.9,0.97
65.7812819480896,0.044,-0.359,-0.9,0.97
65.78133201599121,0.044,-0.359,-0.9,0.97
65.78138089179993,0.044,-0.359,-0.9,0.97
65.78143095970154,0.044,-0.359,-0.9,0.97
65.78148007392883,0.044,-0.359,-0.9,0.97
65.78153014183044,0.044,-0.359,-0.9,0.97
65.78157997131348,0.044,-0.359,-0.9,0.97
65.78163003921509,0.044,-0.359,-0.9,0.97
65.7816789150238,0.044,-0.359,-0.9,0.97
65.78172898292542,0.044,-0.359,-0.9,0.97
65.78177809715271,0.044,-0.359,-0.9,0.97
65.78183007240295,0.044,-0.359,-0.9,0.97
65.78190398216248,0.044,-0.359,-0.9,0.97
65.78198504447937,0.044,-0.359,-0.9,0.97
65.78204298019409,0.044,-0.359,-0.9,0.97
65.78209614753723,0.044,-0.359,-0.9,0.97
65.78214716911316,0.044,-0.359,-0.9,0.97
65.78219795227051,0.044,-0.359,-0.9,0.97
65.78224802017212,0.044,-0.359,-0.9,0.97
65.78230786323547,0.044,-0.359,-0.9,0.97
65.78243708610535,0.044,-0.359,-0.9,0.97
65.78248715400696,0.044,-0.359,-0.9,0.97
65.78253817558289,0.044,-0.359,-0.9,0.97
65.78261113166809,0.044,-0.359,-0.9,0.97
65.78266406059265,0.044,-0.359,-0.9,0.97
65.78271508216858,0.044,-0.359,-0.9,0.97
65.78276515007019,0.044,-0.359,-0.9,0.97
65.7828299999237,0.044,-0.359,-0.9,0.97
65.78288197517395,0.044,-0.359,-0.9,0.97
65.78293204307556,0.044,-0.359,-0.9,0.97
65.78298115730286,0.044,-0.359,-0.9,0.97
65.78303098678589,0.044,-0.359,-0.9,0.97
65.7830810546875,0.044,-0.359,-0.9,0.97
65.78313088417053,0.044,-0.359,-0.9,0.97
65.78318285942078,0.044,-0.359,-0.9,0.97
65.78323292732239,0.044,-0.359,-0.9,0.97
65.783282995224,0.044,-0.359,-0.9,0.97
65.78344202041626,0.044,-0.359,-0.9,0.97
65.78350806236267,0.044,-0.359,-0.9,0.97
65.78355813026428,0.044,-0.359,-0.9,0.97
65.78360795974731,0.044,-0.359,-0.9,0.97
65.78365802764893,0.044,-0.359,-0.9,0.97
65.78370785713196,0.044,-0.359,-0.9,0.97
65.78375792503357,0.044,-0.359,-0.9,0.97
65.78382992744446,0.044,-0.359,-0.9,0.97
65.7838819026947,0.044,-0.359,-0.9,0.97
65.78394103050232,0.044,-0.359,-0.9,0.97
65.78399205207825,0.044,-0.359,-0.9,0.97
65.78404116630554,0.044,-0.359,-0.9,0.97
65.78408885002136,0.044,-0.359,-0.9,0.97
65.78413796424866,0.044,-0.359,-0.9,0.97
65.78418612480164,0.044,-0.359,-0.9,0.97
65.78423500061035,0.044,-0.359,-0.9,0.97
65.78428292274475,0.044,-0.359,-0.9,0.97
65.78433203697205,0.044,-0.359,-0.9,0.97
65.78437995910645,0.044,-0.359,-0.9,0.97
65.78442883491516,0.044,-0.359,-0.9,0.97
65.78447699546814,0.044,-0.359,-0.9,0.97
65.78452610969543,0.044,-0.359,-0.9,0.97
65.78457403182983,0.044,-0.359,-0.9,0.97
65.78462505340576,0.044,-0.359,-0.9,0.97
65.78467392921448,0.044,-0.359,-0.9,0.97
65.78472208976746,0.044,-0.359,-0.9,0.97
65.78477001190186,0.044,-0.359,-0.9,0.97
65.78481888771057,0.044,-0.359,-0.9,0.97
65.78486704826355,0.044,-0.359,-0.9,0.97
65.78492188453674,0.044,-0.359,-0.9,0.97
65.78497004508972,0.044,-0.359,-0.9,0.97
65.78501915931702,0.044,-0.359,-0.9,0.97
65.78506684303284,0.044,-0.359,-0.9,0.97
65.78511595726013,0.044,-0.359,-0.9,0.97
65.78516411781311,0.044,-0.359,-0.9,0.97
65.78521299362183,0.044,-0.359,-0.9,0.97
65.78526186943054,0.044,-0.359,-0.9,0.97
65.78531002998352,0.044,-0.359,-0.9,0.97
65.78535795211792,0.044,-0.359,-0.9,0.97
65.78540682792664,0.044,-0.359,-0.9,0.97
65.78545594215393,0.044,-0.359,-0.9,0.97
65.78550410270691,0.044,-0.359,-0.9,0.97
65.78555202484131,0.044,-0.359,-0.9,0.97
65.78560304641724,0.044,-0.359,-0.9,0.97
65.78565096855164,0.044,-0.359,-0.9,0.97
65.78570699691772,0.044,-0.359,-0.9,0.97
65.78575587272644,0.044,-0.359,-0.9,0.97
65.78580403327942,0.044,-0.359,-0.9,0.97
65.78585314750671,0.044,-0.359,-0.9,0.97
65.78590416908264,0.044,-0.359,-0.9,0.97
65.78595185279846,0.044,-0.359,-0.9,0.97
65.78600096702576,0.044,-0.359,-0.9,0.97
65.78604912757874,0.044,-0.359,-0.9,0.97
65.78609704971313,0.044,-0.359,-0.9,0.97
65.78614497184753,0.044,-0.359,-0.9,0.97
65.78619408607483,0.044,-0.359,-0.9,0.97
65.78624200820923,0.044,-0.359,-0.9,0.97
65.78628993034363,0.044,-0.359,-0.9,0.97
65.78633904457092,0.044,-0.359,-0.9,0.97
65.78638815879822,0.044,-0.359,-0.9,0.97
65.78643584251404,0.044,-0.359,-0.9,0.97
65.78648400306702,0.044,-0.359,-0.9,0.97
65.78653311729431,0.044,-0.359,-0.9,0.97
65.78658103942871,0.044,-0.359,-0.9,0.97
65.78662896156311,0.044,-0.359,-0.9,0.97
65.7866780757904,0.044,-0.359,-0.9,0.97
65.7867259979248,0.044,-0.359,-0.9,0.97
65.78677487373352,0.044,-0.359,-0.9,0.97
65.7868230342865,0.044,-0.359,-0.9,0.97
65.7868721485138,0.044,-0.359,-0.9,0.97
65.78691983222961,0.044,-0.359,-0.9,0.97
65.78696799278259,0.044,-0.359,-0.9,0.97
65.78701615333557,0.044,-0.359,-0.9,0.97
65.78706502914429,0.044,-0.359,-0.9,0.97
65.7871310710907,0.044,-0.359,-0.9,0.97
65.787180185318,0.044,-0.359,-0.9,0.97
65.78722906112671,0.044,-0.359,-0.9,0.97
65.78727698326111,0.044,-0.359,-0.9,0.97
65.78732800483704,0.044,-0.359,-0.9,0.97
65.78738713264465,0.044,-0.359,-0.9,0.97
65.78744101524353,0.044,-0.359,-0.9,0.97
65.78748917579651,0.044,-0.359,-0.9,0.97
65.78753805160522,0.044,-0.359,-0.9,0.97
65.78758597373962,0.044,-0.359,-0.9,0.97
65.78763699531555,0.044,-0.359,-0.9,0.97
65.78769087791443,0.044,-0.359,-0.9,0.97
65.78773999214172,0.044,-0.359,-0.9,0.97
65.7877881526947,0.044,-0.359,-0.9,0.97
65.78783702850342,0.044,-0.359,-0.9,0.97
65.78788495063782,0.044,-0.359,-0.9,0.97
65.78793406486511,0.044,-0.359,-0.9,0.97
65.78798198699951,0.044,-0.359,-0.9,0.97
65.78803086280823,0.044,-0.359,-0.9,0.97
65.7880790233612,0.044,-0.359,-0.9,0.97
65.7881281375885,0.044,-0.359,-0.9,0.97
65.7881760597229,0.044,-0.359,-0.9,0.97
65.78822493553162,0.044,-0.359,-0.9,0.97
65.78827404975891,0.044,-0.359,-0.9,0.97
65.78832197189331,0.044,-0.359,-0.9,0.97
65.78837084770203,0.044,-0.359,-0.9,0.97
65.788419008255,0.044,-0.359,-0.9,0.97
65.78846716880798,0.044,-0.359,-0.9,0.97
65.7885148525238,0.044,-0.359,-0.9,0.97
65.78856301307678,0.044,-0.359,-0.9,0.97
65.78861403465271,0.044,-0.359,-0.9,0.97
65.78866410255432,0.044,-0.359,-0.9,0.97
65.78871417045593,0.044,-0.359,-0.9,0.97
65.78876495361328,0.044,-0.359,-0.9,0.97
65.78881287574768,0.044,-0.359,-0.9,0.97
65.78886103630066,0.044,-0.359,-0.9,0.97
65.78890895843506,0.044,-0.359,-0.9,0.97
65.78895688056946,0.044,-0.359,-0.9,0.97
65.78900599479675,0.044,-0.359,-0.9,0.97
65.78905606269836,0.044,-0.359,-0.9,0.97
65.78910613059998,0.044,-0.359,-0.9,0.97
65.78915596008301,0.044,-0.359,-0.9,0.97
65.78934693336487,0.044,-0.359,-0.9,0.97
65.78943991661072,0.044,-0.359,-0.9,0.97
65.7895028591156,0.044,-0.359,-0.9,0.97
65.78955817222595,0.044,-0.359,-0.9,0.97
65.78961300849915,0.044,-0.359,-0.9,0.97
65.78966498374939,0.044,-0.359,-0.9,0.97
65.78978300094604,0.049,-0.43,-0.867,0.969
65.79016089439392,0.049,-0.43,-0.867,0.969
65.79022812843323,0.049,-0.43,-0.867,0.969
65.79032588005066,0.049,-0.43,-0.867,0.969
65.79038000106812,0.049,-0.43,-0.867,0.969
65.79043197631836,0.049,-0.43,-0.867,0.969
65.79048299789429,0.049,-0.43,-0.867,0.969
65.79093503952026,0.049,-0.43,-0.867,0.969
65.7910521030426,0.049,-0.43,-0.867,0.969
65.79111504554749,0.049,-0.43,-0.867,0.969
65.79116702079773,0.049,-0.43,-0.867,0.969
65.79121899604797,0.049,-0.43,-0.867,0.969
65.79127287864685,0.049,-0.43,-0.867,0.969
65.7913248538971,0.049,-0.43,-0.867,0.969
65.79137802124023,0.049,-0.43,-0.867,0.969
65.79142999649048,0.049,-0.43,-0.867,0.969
65.79148316383362,0.049,-0.43,-0.867,0.969
65.7915370464325,0.049,-0.43,-0.867,0.969
65.79158997535706,0.049,-0.43,-0.867,0.969
65.7916419506073,0.049,-0.43,-0.867,0.969
65.79169392585754,0.049,-0.43,-0.867,0.969
65.79174590110779,0.049,-0.43,-0.867,0.969
65.79179883003235,0.049,-0.43,-0.867,0.969
65.79184889793396,0.049,-0.43,-0.867,0.969
65.79189991950989,0.049,-0.43,-0.867,0.969
65.7919499874115,0.049,-0.43,-0.867,0.969
65.79200005531311,0.049,-0.43,-0.867,0.969
65.79205012321472,0.049,-0.43,-0.867,0.969
65.79209995269775,0.049,-0.43,-0.867,0.969
65.79215002059937,0.049,-0.43,-0.867,0.969
65.7922010421753,0.049,-0.43,-0.867,0.969
65.79225087165833,0.049,-0.43,-0.867,0.969
65.79230093955994,0.049,-0.43,-0.867,0.969
65.79235100746155,0.049,-0.43,-0.867,0.969
65.79240107536316,0.049,-0.43,-0.867,0.969
65.79245114326477,0.049,-0.43,-0.867,0.969
65.7925009727478,0.049,-0.43,-0.867,0.969
65.79255104064941,0.049,-0.43,-0.867,0.969
65.79260206222534,0.049,-0.43,-0.867,0.969
65.79265189170837,0.049,-0.43,-0.867,0.969
65.79270195960999,0.049,-0.43,-0.867,0.969
65.7927520275116,0.049,-0.43,-0.867,0.969
65.79280209541321,0.049,-0.43,-0.867,0.969
65.79285216331482,0.049,-0.43,-0.867,0.969
65.79290199279785,0.049,-0.43,-0.867,0.969
65.79295206069946,0.049,-0.43,-0.867,0.969
65.7930018901825,0.049,-0.43,-0.867,0.969
65.7930519580841,0.049,-0.43,-0.867,0.969
65.79310297966003,0.049,-0.43,-0.867,0.969
65.79315304756165,0.049,-0.43,-0.867,0.969
65.79320216178894,0.049,-0.43,-0.867,0.969
65.7932550907135,0.049,-0.43,-0.867,0.969
65.79330706596375,0.049,-0.43,-0.867,0.969
65.7933599948883,0.049,-0.43,-0.867,0.969
65.7934091091156,0.049,-0.43,-0.867,0.969
65.79345917701721,0.049,-0.43,-0.867,0.969
65.79350900650024,0.049,-0.43,-0.867,0.969
65.79355883598328,0.049,-0.43,-0.867,0.969
65.79360890388489,0.049,-0.43,-0.867,0.969
65.79365992546082,0.049,-0.43,-0.867,0.969
65.79370903968811,0.049,-0.43,-0.867,0.969
65.79375910758972,0.049,-0.43,-0.867,0.969
65.79380917549133,0.049,-0.43,-0.867,0.969
65.79385900497437,0.049,-0.43,-0.867,0.969
65.7939088344574,0.049,-0.43,-0.867,0.969
65.79395890235901,0.049,-0.43,-0.867,0.969
65.79400897026062,0.049,-0.43,-0.867,0.969
65.79405903816223,0.049,-0.43,-0.867,0.969
65.79410910606384,0.049,-0.43,-0.867,0.969
65.79415798187256,0.049,-0.43,-0.867,0.969
65.79420804977417,0.049,-0.43,-0.867,0.969
65.7942578792572,0.049,-0.43,-0.867,0.969
65.79430794715881,0.049,-0.43,-0.867,0.969
65.79435801506042,0.049,-0.43,-0.867,0.969
65.79440903663635,0.049,-0.43,-0.867,0.969
65.79445910453796,0.049,-0.43,-0.867,0.969
65.79450917243958,0.049,-0.43,-0.867,0.969
65.79455900192261,0.049,-0.43,-0.867,0.969
65.79460883140564,0.049,-0.43,-0.867,0.969
65.79465889930725,0.049,-0.43,-0.867,0.969
65.79470896720886,0.049,-0.43,-0.867,0.969
65.79475903511047,0.049,-0.43,-0.867,0.969
65.79480814933777,0.049,-0.43,-0.867,0.969
65.7948579788208,0.049,-0.43,-0.867,0.969
65.79490804672241,0.049,-0.43,-0.867,0.969
65.79495787620544,0.049,-0.43,-0.867,0.969
65.79500794410706,0.049,-0.43,-0.867,0.969
65.79505801200867,0.049,-0.43,-0.867,0.969
65.79510807991028,0.049,-0.43,-0.867,0.969
65.79515814781189,0.049,-0.43,-0.867,0.969
65.79520797729492,0.049,-0.43,-0.867,0.969
65.79525804519653,0.049,-0.43,-0.867,0.969
65.79530787467957,0.049,-0.43,-0.867,0.969
65.79535794258118,0.049,-0.43,-0.867,0.969
65.79540801048279,0.049,-0.43,-0.867,0.969
65.7954580783844,0.049,-0.43,-0.867,0.969
65.79550814628601,0.049,-0.43,-0.867,0.969
65.79555797576904,0.049,-0.43,-0.867,0.969
65.79560804367065,0.049,-0.43,-0.867,0.969
65.79565787315369,0.049,-0.43,-0.867,0.969
65.7957079410553,0.049,-0.43,-0.867,0.969
65.79575705528259,0.049,-0.43,-0.867,0.969
65.7958071231842,0.049,-0.43,-0.867,0.969
65.79586601257324,0.049,-0.43,-0.867,0.969
65.79591584205627,0.049,-0.43,-0.867,0.969
65.79596590995789,0.049,-0.43,-0.867,0.969
65.7960159778595,0.049,-0.43,-0.867,0.969
65.79606604576111,0.049,-0.43,-0.867,0.969
65.79611611366272,0.049,-0.43,-0.867,0.969
65.79616618156433,0.049,-0.43,-0.867,0.969
65.79621601104736,0.049,-0.43,-0.867,0.969
65.79626488685608,0.049,-0.43,-0.867,0.969
65.79631495475769,0.049,-0.43,-0.867,0.969
65.7963650226593,0.049,-0.43,-0.867,0.969
65.79641509056091,0.049,-0.43,-0.867,0.969
65.79646515846252,0.049,-0.43,-0.867,0.969
65.79651498794556,0.049,-0.43,-0.867,0.969
65.79660296440125,0.049,-0.43,-0.867,0.969
65.79669117927551,0.049,-0.43,-0.867,0.969
65.79674792289734,0.049,-0.43,-0.867,0.969
65.79679894447327,0.049,-0.43,-0.867,0.969
65.7968499660492,0.049,-0.43,-0.867,0.969
65.79689908027649,0.049,-0.43,-0.867,0.969
65.7969479560852,0.049,-0.43,-0.867,0.969
65.79699802398682,0.049,-0.43,-0.867,0.969
65.79704689979553,0.049,-0.43,-0.867,0.969
65.79709601402283,0.049,-0.43,-0.867,0.969
65.79714512825012,0.049,-0.43,-0.867,0.969
65.79719400405884,0.049,-0.43,-0.867,0.969
65.79724287986755,0.049,-0.43,-0.867,0.969
65.79729199409485,0.049,-0.43,-0.867,0.969
65.79734396934509,0.049,-0.43,-0.867,0.969
65.79743218421936,0.049,-0.43,-0.867,0.969
65.79750394821167,0.049,-0.43,-0.867,0.969
65.79755902290344,0.049,-0.43,-0.867,0.969
65.797611951828,0.049,-0.43,-0.867,0.969
65.79766392707825,0.049,-0.43,-0.867,0.969
65.79771494865417,0.049,-0.43,-0.867,0.969
65.79776501655579,0.049,-0.43,-0.867,0.969
65.79781603813171,0.049,-0.43,-0.867,0.969
65.79786610603333,0.049,-0.43,-0.867,0.969
65.79791617393494,0.049,-0.43,-0.867,0.969
65.79796504974365,0.049,-0.43,-0.867,0.969
65.79801487922668,0.049,-0.43,-0.867,0.969
65.7980649471283,0.049,-0.43,-0.867,0.969
65.79811596870422,0.049,-0.43,-0.867,0.969
65.79816508293152,0.049,-0.43,-0.867,0.969
65.79821610450745,0.049,-0.43,-0.867,0.969
65.79826617240906,0.049,-0.43,-0.867,0.969
65.79831600189209,0.049,-0.43,-0.867,0.969
65.7983648777008,0.049,-0.43,-0.867,0.969
65.79841494560242,0.049,-0.43,-0.867,0.969
65.79846596717834,0.049,-0.43,-0.867,0.969
65.79851603507996,0.049,-0.43,-0.867,0.969
65.79856610298157,0.049,-0.43,-0.867,0.969
65.79861497879028,0.049,-0.43,-0.867,0.969
65.79866600036621,0.049,-0.43,-0.867,0.969
65.79871582984924,0.049,-0.43,-0.867,0.969
65.79876589775085,0.049,-0.43,-0.867,0.969
65.79881596565247,0.049,-0.43,-0.867,0.969
65.79886603355408,0.049,-0.43,-0.867,0.969
65.79891610145569,0.049,-0.43,-0.867,0.969
65.7989661693573,0.049,-0.43,-0.867,0.969
65.79901504516602,0.049,-0.43,-0.867,0.969
65.79906487464905,0.049,-0.43,-0.867,0.969
65.79911494255066,0.049,-0.43,-0.867,0.969
65.79916501045227,0.049,-0.43,-0.867,0.969
65.79921412467957,0.049,-0.43,-0.867,0.969
65.7992639541626,0.049,-0.43,-0.867,0.969
65.79931282997131,0.049,-0.43,-0.867,0.969
65.79936289787292,0.049,-0.43,-0.867,0.969
65.79941391944885,0.049,-0.43,-0.867,0.969
65.79946398735046,0.049,-0.43,-0.867,0.969
65.79951596260071,0.049,-0.43,-0.867,0.969
65.79973816871643,0.095,-0.459,-0.932,1.043
65.7997989654541,0.095,-0.459,-0.932,1.043
65.79985213279724,0.095,-0.459,-0.932,1.043
65.79990315437317,0.095,-0.459,-0.932,1.043
65.79995203018188,0.095,-0.459,-0.932,1.043
65.80000185966492,0.095,-0.459,-0.932,1.043
65.8000500202179,0.095,-0.459,-0.932,1.043
65.80010485649109,0.095,-0.459,-0.932,1.043
65.80015397071838,0.095,-0.459,-0.932,1.043
65.80020308494568,0.095,-0.459,-0.932,1.043
65.8002519607544,0.095,-0.459,-0.932,1.043
65.80030083656311,0.095,-0.459,-0.932,1.043
65.80035710334778,0.095,-0.459,-0.932,1.043
65.8004138469696,0.095,-0.459,-0.932,1.043
65.8004629611969,0.095,-0.459,-0.932,1.043
65.80051803588867,0.095,-0.459,-0.932,1.043
65.80056691169739,0.095,-0.459,-0.932,1.043
65.80061602592468,0.095,-0.459,-0.932,1.043
65.80066514015198,0.095,-0.459,-0.932,1.043
65.8007161617279,0.095,-0.459,-0.932,1.043
65.80076384544373,0.095,-0.459,-0.932,1.043
65.80081295967102,0.095,-0.459,-0.932,1.043
65.800861120224,0.095,-0.459,-0.932,1.043
65.80090999603271,0.095,-0.459,-0.932,1.043
65.80095887184143,0.095,-0.459,-0.932,1.043
65.80100703239441,0.095,-0.459,-0.932,1.043
65.8010561466217,0.095,-0.459,-0.932,1.043
65.80110502243042,0.095,-0.459,-0.932,1.043
65.80115389823914,0.095,-0.459,-0.932,1.043
65.80120205879211,0.095,-0.459,-0.932,1.043
65.80125117301941,0.095,-0.459,-0.932,1.043
65.80129885673523,0.095,-0.459,-0.932,1.043
65.80135083198547,0.095,-0.459,-0.932,1.043
65.80139899253845,0.095,-0.459,-0.932,1.043
65.80144810676575,0.095,-0.459,-0.932,1.043
65.80149602890015,0.095,-0.459,-0.932,1.043
65.80154395103455,0.095,-0.459,-0.932,1.043
65.80159306526184,0.095,-0.459,-0.932,1.043
65.80164217948914,0.095,-0.459,-0.932,1.043
65.80168986320496,0.095,-0.459,-0.932,1.043
65.80173897743225,0.095,-0.459,-0.932,1.043
65.80178713798523,0.095,-0.459,-0.932,1.043
65.80183601379395,0.095,-0.459,-0.932,1.043
65.80188393592834,0.095,-0.459,-0.932,1.043
65.80193305015564,0.095,-0.459,-0.932,1.043
65.80198216438293,0.095,-0.459,-0.932,1.043
65.80203104019165,0.095,-0.459,-0.932,1.043
65.80207991600037,0.095,-0.459,-0.932,1.043
65.80212807655334,0.095,-0.459,-0.932,1.043
65.80217695236206,0.095,-0.459,-0.932,1.043
65.80222582817078,0.095,-0.459,-0.932,1.043
65.80227398872375,0.095,-0.459,-0.932,1.043
65.80232310295105,0.095,-0.459,-0.932,1.043
65.80237197875977,0.095,-0.459,-0.932,1.043
65.80241990089417,0.095,-0.459,-0.932,1.043
65.80246901512146,0.095,-0.459,-0.932,1.043
65.80251717567444,0.095,-0.459,-0.932,1.043
65.80256605148315,0.095,-0.459,-0.932,1.043
65.80261492729187,0.095,-0.459,-0.932,1.043
65.80266308784485,0.095,-0.459,-0.932,1.043
65.80271196365356,0.095,-0.459,-0.932,1.043
65.80275988578796,0.095,-0.459,-0.932,1.043
65.80280900001526,0.095,-0.459,-0.932,1.043
65.80286502838135,0.095,-0.459,-0.932,1.043
65.80291390419006,0.095,-0.459,-0.932,1.043
65.80296301841736,0.095,-0.459,-0.932,1.043
65.80301213264465,0.095,-0.459,-0.932,1.043
65.80306100845337,0.095,-0.459,-0.932,1.043
65.80310893058777,0.095,-0.459,-0.932,1.043
65.80315804481506,0.095,-0.459,-0.932,1.043
65.80320715904236,0.095,-0.459,-0.932,1.043
65.80325484275818,0.095,-0.459,-0.932,1.043
65.80330395698547,0.095,-0.459,-0.932,1.043
65.80335211753845,0.095,-0.459,-0.932,1.043
65.80340099334717,0.095,-0.459,-0.932,1.043
65.8034520149231,0.095,-0.459,-0.932,1.043
65.80353617668152,0.095,-0.459,-0.932,1.043
65.80359506607056,0.095,-0.459,-0.932,1.043
65.80365109443665,0.095,-0.459,-0.932,1.043
65.80370306968689,0.095,-0.459,-0.932,1.043
65.80375099182129,0.095,-0.459,-0.932,1.043
65.80379986763,0.095,-0.459,-0.932,1.043
65.80385088920593,0.095,-0.459,-0.932,1.043
65.80390000343323,0.095,-0.459,-0.932,1.043
65.8039481639862,0.095,-0.459,-0.932,1.043
65.80399894714355,0.095,-0.459,-0.932,1.043
65.80404901504517,0.095,-0.459,-0.932,1.043
65.80412793159485,0.095,-0.459,-0.932,1.043
65.80420899391174,0.095,-0.459,-0.932,1.043
65.80430293083191,0.095,-0.459,-0.932,1.043
65.80435800552368,0.095,-0.459,-0.932,1.043
65.80440592765808,0.095,-0.459,-0.932,1.043
65.80445504188538,0.095,-0.459,-0.932,1.043
65.80450415611267,0.095,-0.459,-0.932,1.043
65.80455183982849,0.095,-0.459,-0.932,1.043
65.80460095405579,0.095,-0.459,-0.932,1.043
65.80465006828308,0.095,-0.459,-0.932,1.043
65.80469799041748,0.095,-0.459,-0.932,1.043
65.8047468662262,0.095,-0.459,-0.932,1.043
65.80479502677917,0.095,-0.459,-0.932,1.043
65.80484509468079,0.095,-0.459,-0.932,1.043
65.80489301681519,0.095,-0.459,-0.932,1.043
65.8049418926239,0.095,-0.459,-0.932,1.043
65.80499005317688,0.095,-0.459,-0.932,1.043
65.80503916740417,0.095,-0.459,-0.932,1.043
65.80508685112,0.095,-0.459,-0.932,1.043
65.80513596534729,0.095,-0.459,-0.932,1.043
65.80518412590027,0.095,-0.459,-0.932,1.043
65.80523300170898,0.095,-0.459,-0.932,1.043
65.80528092384338,0.095,-0.459,-0.932,1.043
65.80533003807068,0.095,-0.459,-0.932,1.043
65.80537796020508,0.095,-0.459,-0.932,1.043
65.8054268360138,0.095,-0.459,-0.932,1.043
65.80547595024109,0.095,-0.459,-0.932,1.043
65.80552411079407,0.095,-0.459,-0.932,1.043
65.80557298660278,0.095,-0.459,-0.932,1.043
65.80562090873718,0.095,-0.459,-0.932,1.043
65.80590200424194,0.095,-0.459,-0.932,1.043
65.80645489692688,0.095,-0.459,-0.932,1.043
65.80650496482849,0.095,-0.459,-0.932,1.043
65.8065550327301,0.095,-0.459,-0.932,1.043
65.8066041469574,0.095,-0.459,-0.932,1.043
65.80665302276611,0.095,-0.459,-0.932,1.043
65.80670094490051,0.095,-0.459,-0.932,1.043
65.80675005912781,0.095,-0.459,-0.932,1.043
65.8067991733551,0.095,-0.459,-0.932,1.043
65.80684804916382,0.095,-0.459,-0.932,1.043
65.8111960887909,0.121,-0.456,-0.919,1.033
65.82745099067688,0.107,-0.474,-0.855,0.983
65.84454202651978,0.099,-0.495,-0.868,1.004
65.84461712837219,0.099,-0.495,-0.868,1.004
65.86194205284119,0.049,-0.501,-0.916,1.045
65.86202096939087,0.049,-0.501,-0.916,1.045
65.87813401222229,0.027,-0.478,-0.918,1.035
65.88120293617249,0.011,-0.456,-0.943,1.048
65.89477801322937,-0.012,-0.455,-0.92,1.026
65.901859998703,-0.014,-0.465,-0.892,1.006
65.92789697647095,0.009,-0.499,-0.901,1.03
65.92797303199768,0.009,-0.499,-0.901,1.03
65.94404911994934,0.047,-0.49,-0.862,0.993
65.94412899017334,0.047,-0.49,-0.862,0.993
65.96144413948059,0.035,-0.519,-0.827,0.977
65.96332001686096,0.035,-0.519,-0.827,0.977
65.97913098335266,0.017,-0.526,-0.831,0.984
65.99455404281616,-0.035,-0.517,-0.881,1.022
65.99523091316223,-0.035,-0.517,-0.881,1.022
66.01206302642822,-0.036,-0.527,-0.829,0.983
66.01398015022278,-0.036,-0.527,-0.829,0.983
66.02799797058105,-0.021,-0.54,-0.858,1.014
66.04488205909729,-0.044,-0.572,-0.894,1.062
66.04497408866882,-0.044,-0.572,-0.894,1.062
66.06163811683655,-0.043,-0.731,-0.945,1.196
66.06373906135559,-0.043,-0.731,-0.945,1.196
66.07847094535828,-0.041,-0.647,-0.905,1.113
66.09496188163757,0.041,-0.52,-0.8,0.955
66.09505605697632,0.041,-0.52,-0.8,0.955
66.11170411109924,-0.003,-0.507,-0.813,0.958
66.11453294754028,-0.003,-0.507,-0.813,0.958
66.1282479763031,-0.046,-0.507,-0.813,0.959
66.14477205276489,-0.057,-0.454,-0.796,0.918
66.14486503601074,-0.057,-0.454,-0.796,0.918
66.16171193122864,-0.021,-0.398,-0.801,0.895
66.16449999809265,0.006,-0.375,-0.803,0.886
66.17855286598206,0.001,-0.393,-0.826,0.915
66.19504189491272,-0.062,-0.468,-0.94,1.052
66.19513702392578,-0.062,-0.468,-0.94,1.052
66.21174597740173,-0.052,-0.444,-0.931,1.033
66.21456789970398,-0.02,-0.416,-0.96,1.046
66.22862410545349,-0.01,-0.408,-0.972,1.054
66.24500107765198,-0.011,-0.401,-0.935,1.017
66.24509310722351,-0.011,-0.401,-0.935,1.017
66.26221203804016,-0.014,-0.411,-0.902,0.991
66.26500606536865,-0.01,-0.415,-0.903,0.994
66.27870392799377,-0.003,-0.423,-0.917,1.01
66.29550504684448,0.016,-0.416,-0.935,1.023
66.29563903808594,0.016,-0.416,-0.935,1.023
66.31357407569885,-0.007,-0.414,-0.935,1.023
66.31624007225037,-0.007,-0.414,-0.935,1.023
66.32975602149963,-0.046,-0.427,-0.917,1.013
66.34772515296936,-0.068,-0.442,-0.928,1.03
66.34872317314148,-0.068,-0.442,-0.928,1.03
66.35479402542114,-0.056,-0.447,-0.923,1.027
66.37831497192383,-0.024,-0.458,-0.889,1.0
66.37840914726257,-0.024,-0.458,-0.889,1.0
66.3924880027771,0.006,-0.452,-0.905,1.012
66.39605116844177,0.015,-0.458,-0.9,1.01
66.40493893623352,0.014,-0.469,-0.882,0.999
66.41832709312439,0.021,-0.467,-0.9,1.014
66.43460202217102,0.03,-0.458,-0.9,1.01
66.43469405174255,0.03,-0.458,-0.9,1.01
66.45281910896301,0.011,-0.453,-0.903,1.01
66.45569205284119,-0.004,-0.457,-0.903,1.012
66.4696319103241,-0.009,-0.46,-0.897,1.008
66.48617506027222,-0.012,-0.461,-0.905,1.016
66.48630690574646,-0.012,-0.461,-0.905,1.016
66.50274896621704,-0.012,-0.467,-0.91,1.023
66.50595116615295,0.004,-0.462,-0.918,1.028
66.51969790458679,-0.004,-0.458,-0.915,1.023
66.53616213798523,-0.022,-0.454,-0.907,1.015
66.53629183769226,-0.022,-0.454,-0.907,1.015
66.5544331073761,-0.023,-0.464,-0.873,0.989
66.5575909614563,-0.023,-0.464,-0.873,0.989
66.57098317146301,-0.02,-0.47,-0.857,0.978
66.58661699295044,-0.034,-0.474,-0.853,0.976
66.58765816688538,-0.034,-0.474,-0.853,0.976
66.60338807106018,-0.041,-0.481,-0.824,0.955
66.6067841053009,-0.047,-0.48,-0.783,0.92
66.62111592292786,-0.034,-0.469,-0.794,0.923
66.63707304000854,-0.018,-0.469,-0.805,0.932
66.63720297813416,-0.018,-0.469,-0.805,0.932
66.6548159122467,-0.021,-0.453,-0.841,0.955
66.65819096565247,-0.021,-0.453,-0.841,0.955
66.67153811454773,0.012,-0.466,-0.887,1.002
66.68782210350037,0.003,-0.454,-0.799,0.919
66.6879529953003,0.003,-0.454,-0.799,0.919
66.70448994636536,0.0,-0.462,-0.809,0.932
66.70733714103699,0.004,-0.483,-0.842,0.971
66.72148013114929,-0.008,-0.509,-0.869,1.007
66.73740983009338,0.004,-0.535,-0.906,1.052
66.73750185966492,0.004,-0.535,-0.906,1.052
66.75431895256042,-0.013,-0.509,-0.904,1.038
66.75781416893005,-0.024,-0.489,-0.91,1.033
66.77149701118469,-0.03,-0.484,-0.925,1.044
66.7844910621643,-0.028,-0.48,-0.92,1.038
66.7873260974884,-0.026,-0.467,-0.908,1.021
66.80482006072998,-0.02,-0.46,-0.911,1.021
66.80824398994446,-0.004,-0.474,-0.922,1.037
66.82167601585388,0.002,-0.485,-0.913,1.034
66.83775901794434,0.035,-0.452,-0.915,1.021
66.8379008769989,0.035,-0.452,-0.915,1.021
66.85214400291443,0.04,-0.448,-0.919,1.023
66.87079215049744,0.024,-0.451,-0.937,1.04
66.87092185020447,0.024,-0.451,-0.937,1.04
66.88764309883118,-0.008,-0.448,-0.909,1.013
66.8902759552002,-0.008,-0.448,-0.909,1.013
66.90157198905945,-0.007,-0.453,-0.917,1.023
66.92075514793396,-0.001,-0.478,-0.925,1.041
66.92088484764099,-0.001,-0.478,-0.925,1.041
66.93653988838196,-0.006,-0.481,-0.891,1.013
66.93938183784485,-0.006,-0.481,-0.891,1.013
66.95321488380432,0.018,-0.474,-0.918,1.033
66.96980214118958,0.019,-0.474,-0.88,1.0
66.96993398666382,0.019,-0.474,-0.88,1.0
66.98660802841187,-0.001,-0.475,-0.866,0.988
66.98973488807678,0.008,-0.483,-0.858,0.985
67.0031430721283,0.02,-0.486,-0.858,0.986
67.02004218101501,0.031,-0.483,-0.847,0.976
67.02017498016357,0.031,-0.483,-0.847,0.976
67.03640794754028,0.022,-0.481,-0.845,0.973
67.03964495658875,0.013,-0.479,-0.845,0.971
67.05307984352112,0.02,-0.478,-0.851,0.976
67.06993508338928,0.015,-0.47,-0.847,0.969
67.07006597518921,0.015,-0.47,-0.847,0.969
67.08640503883362,0.014,-0.471,-0.842,0.965
67.08981895446777,0.019,-0.472,-0.855,0.977
67.10308384895325,0.018,-0.473,-0.857,0.979
67.1197190284729,0.012,-0.46,-0.87,0.984
67.1198480129242,0.012,-0.46,-0.87,0.984
67.13650918006897,0.008,-0.463,-0.865,0.981
67.13990092277527,0.001,-0.461,-0.866,0.981
67.15331602096558,0.003,-0.459,-0.878,0.991
67.17002987861633,0.022,-0.466,-0.883,0.999
67.17016100883484,0.022,-0.466,-0.883,0.999
67.18632292747498,0.033,-0.467,-0.878,0.995
67.1897509098053,0.037,-0.466,-0.891,1.006
67.20337796211243,0.038,-0.467,-0.9,1.015
67.2190899848938,0.006,-0.457,-0.899,1.009
67.22173810005188,0.006,-0.457,-0.899,1.009
67.23576188087463,-0.001,-0.45,-0.908,1.013
67.23937797546387,-0.01,-0.455,-0.896,1.005
67.25322413444519,-0.021,-0.451,-0.913,1.019
67.26973509788513,-0.005,-0.454,-0.923,1.029
67.26986384391785,-0.005,-0.454,-0.923,1.029
67.28635501861572,0.007,-0.46,-0.918,1.027
67.29002499580383,0.005,-0.461,-0.917,1.026
67.30318903923035,0.003,-0.463,-0.908,1.019
67.31970191001892,0.007,-0.456,-0.897,1.006
67.32194590568542,0.007,-0.456,-0.897,1.006
67.33652997016907,0.009,-0.454,-0.889,0.998
67.33958315849304,0.009,-0.457,-0.895,1.005
67.35339283943176,0.012,-0.458,-0.901,1.011
67.3592140674591,0.016,-0.46,-0.9,1.011
67.36919283866882,0.014,-0.462,-0.901,1.013
67.38225817680359,0.012,-0.468,-0.87,0.988
67.38959813117981,0.011,-0.466,-0.864,0.982
67.39954590797424,0.015,-0.466,-0.884,0.999
67.40958499908447,0.021,-0.472,-0.875,0.994
67.41979813575745,0.026,-0.473,-0.868,0.989
67.42980694770813,0.027,-0.468,-0.878,0.995
67.4398980140686,0.019,-0.463,-0.886,1.0
67.45058417320251,-0.003,-0.459,-0.88,0.993
67.4606101512909,-0.024,-0.452,-0.892,1.0
67.47057700157166,-0.022,-0.447,-0.853,0.963
67.48818898200989,0.058,-0.403,-0.61,0.733
67.49046802520752,0.033,-0.395,-0.819,0.91
67.50098490715027,-0.018,-0.447,-1.078,1.167
67.51103711128235,0.01,-0.491,-0.918,1.041
67.52161908149719,0.065,-0.45,-0.861,0.974
