time,gFx,gFy,gFz,gFTotal
0.007061004638671875,0.084,-0.612,-0.915,1.104
0.013336181640625,0.043,-0.583,-0.873,1.051
0.020390033721923828,0.001,-0.494,-0.844,0.978
0.03139495849609375,-0.016,-0.451,-0.84,0.954
0.041047096252441406,-0.024,-0.479,-0.844,0.971
0.051032066345214844,-0.021,-0.527,-0.869,1.017
0.0611419677734375,-0.002,-0.546,-0.897,1.05
0.07128000259399414,0.022,-0.536,-0.914,1.06
0.08127117156982422,0.029,-0.514,-0.903,1.039
0.09162211418151855,0.02,-0.493,-0.899,1.025
0.10192203521728516,0.003,-0.489,-0.907,1.03
0.12149715423583984,0.007,-0.508,-0.887,1.022
0.12328505516052246,0.007,-0.508,-0.887,1.022
0.13155508041381836,0.018,-0.51,-0.886,1.022
0.14181208610534668,0.026,-0.507,-0.883,1.019
0.1519300937652588,0.028,-0.509,-0.881,1.018
0.16215801239013672,0.027,-0.516,-0.895,1.033
0.17232108116149902,0.015,-0.52,-0.889,1.03
0.18230509757995605,0.005,-0.518,-0.87,1.013
0.19236421585083008,0.01,-0.517,-0.868,1.01
0.20242691040039062,0.02,-0.518,-0.873,1.015
0.22254419326782227,0.01,-0.525,-0.854,1.003
0.2228260040283203,0.01,-0.525,-0.854,1.003
0.2322978973388672,0.013,-0.524,-0.854,1.002
0.2424170970916748,0.023,-0.525,-0.851,1.0
0.2527189254760742,0.026,-0.524,-0.837,0.988
0.2622489929199219,0.023,-0.521,-0.837,0.986
0.27332305908203125,0.026,-0.521,-0.857,1.003
0.283966064453125,0.025,-0.519,-0.862,1.006
0.29266810417175293,0.01,-0.514,-0.861,1.003
0.30382704734802246,0.002,-0.513,-0.869,1.009
0.3240320682525635,0.012,-0.516,-0.876,1.017
0.3243231773376465,0.012,-0.516,-0.876,1.017
0.3330202102661133,0.01,-0.507,-0.868,1.005
0.3426671028137207,0.009,-0.498,-0.868,1.001
0.35358190536499023,0.014,-0.5,-0.881,1.013
0.36331605911254883,0.009,-0.5,-0.884,1.016
0.3733510971069336,-0.003,-0.496,-0.879,1.009
0.3846569061279297,-0.006,-0.495,-0.883,1.012
0.3937559127807617,0.002,-0.501,-0.886,1.018
0.40447521209716797,0.006,-0.507,-0.879,1.015
0.4256010055541992,0.006,-0.507,-0.861,0.999
0.4258921146392822,0.006,-0.507,-0.861,0.999
0.43402719497680664,0.008,-0.514,-0.853,0.996
0.4437830448150635,0.013,-0.521,-0.848,0.995
0.45414113998413086,0.018,-0.524,-0.845,0.994
0.4640469551086426,0.03,-0.52,-0.846,0.993
0.47466111183166504,0.025,-0.517,-0.85,0.995
0.48462820053100586,0.018,-0.521,-0.848,0.995
0.49462318420410156,0.014,-0.525,-0.85,0.999
0.5046439170837402,0.012,-0.525,-0.852,1.001
0.5268800258636475,0.009,-0.533,-0.867,1.018
0.5271649360656738,0.009,-0.533,-0.867,1.018
0.5342059135437012,0.007,-0.533,-0.86,1.012
0.5442030429840088,0.01,-0.528,-0.857,1.007
0.5542001724243164,0.014,-0.526,-0.856,1.005
0.5648488998413086,0.016,-0.527,-0.857,1.006
0.5745639801025391,0.013,-0.525,-0.86,1.008
0.5847690105438232,0.009,-0.523,-0.863,1.009
0.5948262214660645,0.007,-0.518,-0.866,1.009
0.6053929328918457,0.004,-0.511,-0.87,1.009
0.6275920867919922,0.007,-0.509,-0.854,0.994
0.6278781890869141,0.007,-0.509,-0.854,0.994
0.6346969604492188,0.013,-0.51,-0.854,0.995
0.6445999145507812,0.012,-0.515,-0.847,0.991
0.6549539566040039,0.012,-0.517,-0.84,0.986
0.6645650863647461,0.015,-0.517,-0.84,0.986
0.6754269599914551,0.018,-0.517,-0.839,0.986
0.6860010623931885,0.016,-0.518,-0.836,0.984
0.695681095123291,0.01,-0.517,-0.835,0.982
0.7059850692749023,0.005,-0.516,-0.828,0.976
0.7253451347351074,0.012,-0.514,-0.841,0.986
0.7256350517272949,0.012,-0.514,-0.841,0.986
0.7353770732879639,0.005,-0.521,-0.851,0.998
0.7452130317687988,0.004,-0.525,-0.859,1.007
0.7557239532470703,0.005,-0.528,-0.867,1.015
0.7663569450378418,0.002,-0.531,-0.867,1.017
0.7761669158935547,0.007,-0.528,-0.86,1.009
0.7864780426025391,0.016,-0.515,-0.859,1.002
0.7967851161956787,0.017,-0.514,-0.864,1.005
0.8064360618591309,0.019,-0.526,-0.862,1.01
0.8285069465637207,0.006,-0.523,-0.831,0.982
0.8288102149963379,0.006,-0.523,-0.831,0.982
0.8357760906219482,0.005,-0.523,-0.812,0.966
0.8465361595153809,-0.002,-0.521,-0.819,0.971
0.8559741973876953,-0.002,-0.519,-0.816,0.967
0.8664522171020508,-0.002,-0.518,-0.797,0.951
0.8770101070404053,-0.003,-0.524,-0.802,0.958
0.8871688842773438,-0.048,-0.512,-0.839,0.984
0.8967499732971191,-0.065,-0.465,-0.882,0.999
0.9065399169921875,0.016,-0.535,-0.737,0.911
0.9275779724121094,-0.027,-0.646,-0.886,1.097
0.9278721809387207,-0.027,-0.646,-0.886,1.097
0.9363970756530762,-0.013,-0.698,-0.794,1.057
0.9468650817871094,-0.024,-0.701,-0.731,1.013
0.9568262100219727,-0.049,-0.659,-0.796,1.035
0.9670228958129883,-0.025,-0.599,-0.837,1.03
0.9767999649047852,0.009,-0.561,-0.822,0.995
0.987091064453125,-0.012,-0.638,-0.745,0.981
0.9973490238189697,-0.087,-0.678,-0.677,0.962
1.0071611404418945,-0.266,-0.579,-0.71,0.954
1.0278692245483398,-0.702,-0.397,-0.595,1.002
1.028158187866211,-0.702,-0.397,-0.595,1.002
1.0370612144470215,-0.566,-0.523,-0.422,0.879
1.0470740795135498,-0.133,-0.61,-0.386,0.734
1.0570611953735352,0.116,-0.64,-0.378,0.752
1.067167043685913,0.13,-0.588,-0.377,0.71
1.0772461891174316,0.016,-0.547,-0.4,0.678
1.0875859260559082,-0.09,-0.548,-0.445,0.712
1.097856044769287,-0.012,-0.909,-0.362,0.979
1.1074120998382568,0.361,-2.025,-0.425,2.1
1.1306629180908203,-0.062,-0.158,-0.49,0.519
1.1309690475463867,-0.062,-0.158,-0.49,0.519
1.1374380588531494,0.052,-0.578,-0.474,0.749
1.1484432220458984,-0.137,-0.624,-0.522,0.825
1.1577661037445068,-0.36,-0.567,-0.479,0.825
1.1688098907470703,-0.462,-0.557,-0.402,0.828
1.1790530681610107,-0.387,-0.485,-0.36,0.717
1.1888470649719238,-0.485,-0.442,-0.506,0.829
1.1986899375915527,-0.6,-0.385,-0.56,0.907
1.2086880207061768,-0.23,-0.29,-0.383,0.533
1.2289152145385742,-0.387,-0.341,-0.359,0.628
1.229203224182129,-0.387,-0.341,-0.359,0.628
1.2383160591125488,-0.438,-0.263,-0.264,0.575
1.2484831809997559,-0.408,-0.188,-0.207,0.495
1.2583980560302734,-0.486,-0.182,-0.203,0.557
1.2686450481414795,-0.578,-0.158,-0.156,0.619
1.2786369323730469,-0.614,-0.158,-0.2,0.665
1.2887439727783203,-0.645,-0.178,-0.284,0.727
1.2989230155944824,-0.666,-0.156,-0.311,0.751
1.3093340396881104,-0.739,-0.12,-0.294,0.804
1.3288381099700928,-0.863,-0.075,-0.245,0.9
1.3291258811950684,-0.863,-0.075,-0.245,0.9
1.338733196258545,-0.886,-0.042,-0.234,0.917
1.3490581512451172,-0.884,0.02,-0.225,0.912
1.3590521812438965,-0.923,0.04,-0.231,0.952
1.3694210052490234,-1.034,0.012,-0.226,1.058
1.3794021606445312,-1.162,0.015,-0.227,1.184
1.3894720077514648,-1.282,-0.023,-0.23,1.303
1.4002330303192139,-1.383,-0.07,-0.246,1.406
1.4100761413574219,-1.452,-0.113,-0.241,1.476
1.431206226348877,-1.532,-0.27,-0.218,1.571
1.4315009117126465,-1.532,-0.27,-0.218,1.571
1.4393410682678223,-1.578,-0.351,-0.219,1.631
1.4500799179077148,-1.665,-0.428,-0.21,1.732
1.459580898284912,-1.751,-0.529,-0.215,1.842
1.470458984375,-1.813,-0.583,-0.221,1.917
1.480767011642456,-1.899,-0.485,-0.136,1.965
1.4914131164550781,-1.915,-0.812,-0.19,2.089
1.5006561279296875,-1.867,-1.031,-0.229,2.145
1.510512113571167,-1.815,-0.986,-0.166,2.072
1.5333399772644043,-1.758,-1.005,-0.05,2.026
1.5337400436401367,-1.758,-1.005,-0.05,2.026
1.5398290157318115,-1.685,-1.06,0.024,1.991
1.5502560138702393,-1.555,-1.058,0.099,1.883
1.5599241256713867,-1.409,-1.058,0.181,1.771
1.5704212188720703,-1.24,-1.088,0.265,1.671
1.5849230289459229,-1.02,-1.162,0.366,1.589
1.5902471542358398,-0.851,-1.168,0.24,1.465
1.5999631881713867,-0.791,-0.974,0.395,1.315
1.6110811233520508,-0.798,-0.878,0.442,1.266
1.6319780349731445,-0.79,-0.521,1.109,1.458
1.6323299407958984,-0.79,-0.521,1.109,1.458
1.640085220336914,-0.703,-0.583,1.086,1.419
1.6508660316467285,-0.797,-0.611,0.882,1.337
1.6605911254882812,-0.761,-0.458,0.815,1.205
1.6708979606628418,-0.79,-0.263,0.63,1.044
1.6813790798187256,-0.842,-0.098,0.605,1.041
1.6918220520019531,-0.856,-0.03,0.592,1.041
1.7018098831176758,-0.892,-0.128,0.537,1.049
1.7114181518554688,-0.935,-0.173,0.488,1.069
1.7316851615905762,-0.993,-0.125,0.465,1.104
1.732145071029663,-0.993,-0.125,0.465,1.104
1.7409610748291016,-0.991,-0.151,0.393,1.077
1.7513580322265625,-1.003,-0.103,0.404,1.086
1.761950969696045,-0.998,-0.134,0.357,1.068
1.7704219818115234,-0.957,-0.177,0.198,0.993
1.8064889907836914,-0.921,-0.167,0.254,0.97
1.8072938919067383,-0.921,-0.167,0.254,0.97
1.8073749542236328,-0.921,-0.167,0.254,0.97
1.8109190464019775,-0.82,-0.25,0.236,0.889
1.827904224395752,-0.854,-0.104,0.175,0.878
1.831045150756836,-0.945,-0.148,0.176,0.973
1.8411400318145752,-1.061,-0.166,0.197,1.092
1.8514652252197266,-1.142,-0.151,0.224,1.174
1.861217975616455,-1.242,-0.121,0.296,1.283
1.8710899353027344,-1.339,-0.121,0.382,1.398
1.8811421394348145,-1.354,-0.132,0.491,1.446
1.8913111686706543,-1.32,-0.103,0.548,1.433
1.9012970924377441,-1.262,-0.057,0.589,1.394
1.9116439819335938,-1.194,-0.013,0.574,1.325
1.92789888381958,-1.137,0.102,0.492,1.243
1.9318552017211914,-1.087,0.212,0.46,1.199
1.9419620037078857,-1.054,0.332,0.445,1.191
2.5996479988098145,-0.259,-0.184,0.739,0.804
2.599884033203125,-0.259,-0.184,0.739,0.804
2.6000680923461914,-0.259,-0.184,0.739,0.804
2.600555896759033,-0.259,-0.184,0.739,0.804
2.6026530265808105,-0.259,-0.184,0.739,0.804
2.602858066558838,-0.259,-0.184,0.739,0.804
2.6030402183532715,-0.259,-0.184,0.739,0.804
2.603210926055908,-0.259,-0.184,0.739,0.804
2.603395938873291,-0.259,-0.184,0.739,0.804
2.6035730838775635,-0.259,-0.184,0.739,0.804
2.60374116897583,-0.259,-0.184,0.739,0.804
2.603929042816162,-0.259,-0.184,0.739,0.804
2.6041150093078613,-0.259,-0.184,0.739,0.804
2.6043882369995117,-0.259,-0.184,0.739,0.804
2.6045570373535156,-0.259,-0.184,0.739,0.804
2.604724884033203,-0.575,-0.567,0.635,1.027
2.6052498817443848,-0.575,-0.567,0.635,1.027
2.6054391860961914,-0.575,-0.567,0.635,1.027
2.605618953704834,-0.575,-0.567,0.635,1.027
2.6058030128479004,-0.575,-0.567,0.635,1.027
2.605971097946167,-0.575,-0.567,0.635,1.027
2.606138229370117,-0.575,-0.567,0.635,1.027
2.606304168701172,-0.575,-0.567,0.635,1.027
2.6064810752868652,-0.575,-0.567,0.635,1.027
2.60664701461792,-0.575,-0.567,0.635,1.027
2.606822967529297,-0.575,-0.567,0.635,1.027
2.6070070266723633,-0.575,-0.567,0.635,1.027
2.607182025909424,-0.575,-0.567,0.635,1.027
2.6073780059814453,-0.575,-0.567,0.635,1.027
2.6075448989868164,-0.575,-0.567,0.635,1.027
2.607719898223877,-0.575,-0.567,0.635,1.027
2.6078860759735107,-0.575,-0.567,0.635,1.027
2.6080610752105713,-0.575,-0.567,0.635,1.027
2.6082348823547363,-0.575,-0.567,0.635,1.027
2.608403205871582,-0.575,-0.567,0.635,1.027
2.6085920333862305,-0.575,-0.567,0.635,1.027
2.6087710857391357,-0.575,-0.567,0.635,1.027
2.6089491844177246,-0.575,-0.567,0.635,1.027
2.609114170074463,-0.575,-0.567,0.635,1.027
2.6093039512634277,-0.575,-0.567,0.635,1.027
2.6094720363616943,-0.575,-0.567,0.635,1.027
2.6096580028533936,-0.575,-0.567,0.635,1.027
2.6098241806030273,-0.575,-0.567,0.635,1.027
2.6100292205810547,-0.575,-0.567,0.635,1.027
2.6102120876312256,-0.575,-0.567,0.635,1.027
2.6103920936584473,-0.575,-0.567,0.635,1.027
2.610565185546875,-0.575,-0.567,0.635,1.027
2.6107311248779297,-0.575,-0.567,0.635,1.027
2.610913038253784,-0.575,-0.567,0.635,1.027
2.611091136932373,-0.575,-0.567,0.635,1.027
2.6112730503082275,-0.575,-0.567,0.635,1.027
2.6114501953125,-0.575,-0.567,0.635,1.027
2.6116161346435547,-0.575,-0.567,0.635,1.027
2.611790180206299,-0.575,-0.567,0.635,1.027
2.611962080001831,-0.575,-0.567,0.635,1.027
2.612138032913208,-0.575,-0.567,0.635,1.027
2.612312078475952,-0.575,-0.567,0.635,1.027
2.6124770641326904,-0.575,-0.567,0.635,1.027
2.612658977508545,-0.575,-0.567,0.635,1.027
2.612823963165283,-0.575,-0.567,0.635,1.027
2.612989902496338,-0.575,-0.567,0.635,1.027
2.6131720542907715,-0.575,-0.567,0.635,1.027
2.6133480072021484,-0.575,-0.567,0.635,1.027
2.613513946533203,-0.575,-0.567,0.635,1.027
2.6137030124664307,-0.575,-0.567,0.635,1.027
2.616389036178589,-0.772,-0.712,0.421,1.131
2.616701126098633,-0.772,-0.712,0.421,1.131
2.6269521713256836,-0.607,-0.387,1.05,1.273
2.635664939880371,-0.48,0.195,2.27,2.328
2.6456851959228516,-0.477,0.437,2.223,2.315
2.6559019088745117,-0.413,0.458,1.685,1.794
2.665952205657959,-0.122,0.708,0.779,1.06
2.6759581565856934,-0.036,0.881,0.298,0.931
2.6858420372009277,-0.358,0.64,0.376,0.824
2.6962671279907227,-0.433,0.607,0.249,0.786
2.706054210662842,-0.424,0.547,0.295,0.752
2.7160980701446533,-0.476,0.476,0.523,0.852
64.1599531173706,0.09,0.845,0.5,0.986
64.16012501716614,0.09,0.845,0.5,0.986
64.16019201278687,0.09,0.845,0.5,0.986
64.16027116775513,0.09,0.845,0.5,0.986
64.16033220291138,0.09,0.845,0.5,0.986
64.16039323806763,0.107,0.832,0.458,0.956
64.16055488586426,0.146,0.64,0.642,0.918
64.16072201728821,0.391,0.537,0.931,1.144
64.16089200973511,0.274,0.662,1.055,1.275
64.16104698181152,-0.173,0.721,0.452,0.868
64.16120719909668,-0.261,0.705,0.575,0.946
64.16137313842773,0.115,0.708,0.735,1.027
64.16153502464294,0.135,0.683,1.04,1.252
64.16170501708984,-0.333,0.864,0.368,0.996
64.16187715530396,-0.346,0.57,0.764,1.014
64.16199493408203,0.136,0.518,1.314,1.419
64.16214418411255,-0.521,0.54,0.699,1.025
64.16228914260864,-0.715,0.407,0.495,0.96
64.16243100166321,-0.715,0.407,0.495,0.96
64.16249418258667,-0.715,0.407,0.495,0.96
64.16261196136475,-0.715,0.407,0.495,0.96
64.16267204284668,-0.715,0.407,0.495,0.96
64.16273212432861,-0.715,0.407,0.495,0.96
64.16279220581055,-0.715,0.407,0.495,0.96
64.16285109519958,-0.715,0.407,0.495,0.96
64.16291093826294,-0.715,0.407,0.495,0.96
64.16297101974487,-0.715,0.407,0.495,0.96
64.16309690475464,-0.715,0.407,0.495,0.96
64.16315698623657,-0.715,0.407,0.495,0.96
64.1632170677185,-0.715,0.407,0.495,0.96
64.16327714920044,-0.715,0.407,0.495,0.96
64.16336107254028,-0.715,0.407,0.495,0.96
64.16342210769653,-0.715,0.407,0.495,0.96
64.16348123550415,-0.715,0.407,0.495,0.96
64.1635410785675,-0.715,0.407,0.495,0.96
64.16359996795654,-0.715,0.407,0.495,0.96
64.16365909576416,-0.715,0.407,0.495,0.96
64.16371822357178,-0.715,0.407,0.495,0.96
64.16377711296082,-0.715,0.407,0.495,0.96
64.16383600234985,-0.715,0.407,0.495,0.96
64.16389608383179,-0.715,0.407,0.495,0.96
64.1639552116394,-0.715,0.407,0.495,0.96
64.16401505470276,-0.715,0.407,0.495,0.96
64.1640739440918,-0.715,0.407,0.495,0.96
64.16413307189941,-0.715,0.407,0.495,0.96
64.16419315338135,-0.715,0.407,0.495,0.96
64.16741108894348,-0.715,0.407,0.495,0.96
64.16747713088989,-0.715,0.407,0.495,0.96
64.16753911972046,-0.715,0.407,0.495,0.96
64.16760015487671,-0.715,0.407,0.495,0.96
64.16766119003296,-0.715,0.407,0.495,0.96
64.167720079422,-0.715,0.407,0.495,0.96
64.16777992248535,-0.715,0.407,0.495,0.96
64.1678409576416,-0.715,0.407,0.495,0.96
64.16790008544922,-0.715,0.407,0.495,0.96
64.16795921325684,-0.715,0.407,0.495,0.96
64.16801905632019,-0.715,0.407,0.495,0.96
64.16808009147644,-0.715,0.407,0.495,0.96
64.16813898086548,-0.715,0.407,0.495,0.96
64.16819906234741,-0.715,0.407,0.495,0.96
64.16825819015503,-0.715,0.407,0.495,0.96
64.16831707954407,-0.715,0.407,0.495,0.96
64.1683759689331,-0.715,0.407,0.495,0.96
64.16843605041504,-0.715,0.407,0.495,0.96
64.16849613189697,-0.715,0.407,0.495,0.96
64.16855502128601,-0.715,0.407,0.495,0.96
64.16861510276794,-0.715,0.407,0.495,0.96
64.1686749458313,-0.715,0.407,0.495,0.96
64.16873502731323,-0.715,0.407,0.495,0.96
64.16879510879517,-0.715,0.407,0.495,0.96
64.16885423660278,-0.715,0.407,0.495,0.96
64.16891407966614,-0.715,0.407,0.495,0.96
64.16897392272949,-0.715,0.407,0.495,0.96
64.16903400421143,-0.715,0.407,0.495,0.96
64.16909313201904,-0.715,0.407,0.495,0.96
64.16915321350098,-0.715,0.407,0.495,0.96
64.16921210289001,-0.715,0.407,0.495,0.96
64.16927194595337,-0.715,0.407,0.495,0.96
64.16933107376099,-0.715,0.407,0.495,0.96
64.16939115524292,-0.715,0.407,0.495,0.96
64.16945123672485,-0.715,0.407,0.495,0.96
64.16950988769531,-0.715,0.407,0.495,0.96
64.16956996917725,-0.715,0.407,0.495,0.96
64.16963005065918,-0.715,0.407,0.495,0.96
64.1696891784668,-0.715,0.407,0.495,0.96
64.16974902153015,-0.715,0.407,0.495,0.96
64.16980791091919,-0.715,0.407,0.495,0.96
64.1698670387268,-0.715,0.407,0.495,0.96
64.16992712020874,-0.715,0.407,0.495,0.96
64.16998600959778,-0.715,0.407,0.495,0.96
64.17004489898682,-0.715,0.407,0.495,0.96
64.17010402679443,-0.715,0.407,0.495,0.96
64.17016410827637,-0.715,0.407,0.495,0.96
64.17022323608398,-0.715,0.407,0.495,0.96
64.17028188705444,-0.715,0.407,0.495,0.96
64.17034101486206,-0.715,0.407,0.495,0.96
64.170401096344,-0.715,0.407,0.495,0.96
64.17065405845642,-0.715,0.407,0.495,0.96
64.17092514038086,-0.715,0.407,0.495,0.96
64.17110919952393,-0.715,0.407,0.495,0.96
64.17128610610962,-0.715,0.407,0.495,0.96
64.17145919799805,-0.715,0.407,0.495,0.96
64.17162990570068,-0.715,0.407,0.495,0.96
64.17180013656616,-0.715,0.407,0.495,0.96
64.17196893692017,-0.715,0.407,0.495,0.96
64.17213821411133,-0.715,0.407,0.495,0.96
64.17230796813965,-0.715,0.407,0.495,0.96
64.17247605323792,-0.715,0.407,0.495,0.96
64.17264604568481,-0.715,0.407,0.495,0.96
64.17281723022461,-0.715,0.407,0.495,0.96
64.17298698425293,-0.715,0.407,0.495,0.96
64.1731550693512,-0.715,0.407,0.495,0.96
64.17332410812378,-0.715,0.407,0.495,0.96
64.17350006103516,-0.715,0.407,0.495,0.96
64.17367315292358,-0.636,0.443,0.282,0.887
64.17444705963135,-0.458,0.794,-0.067,0.919
64.1747510433197,-0.454,0.913,-0.031,1.02
64.17492508888245,-0.511,1.013,-0.171,1.147
64.17507910728455,-0.582,0.837,-0.054,1.021
64.17522716522217,-0.453,0.713,-0.074,0.848
64.17537117004395,-0.652,0.654,-0.041,0.924
64.17551612854004,-0.551,0.674,-0.064,0.873
64.17566299438477,-0.535,0.868,-0.042,1.02
64.17581009864807,-0.495,1.005,-0.283,1.155
64.17595720291138,-0.488,0.698,-0.157,0.866
64.17609906196594,-1.086,0.668,0.213,1.293
64.17624807357788,-0.741,0.549,-0.013,0.922
64.17639207839966,-0.765,0.595,-0.012,0.969
64.17653799057007,-0.903,0.827,0.116,1.23
64.17667722702026,-0.871,0.44,-0.041,0.977
64.17682218551636,-0.552,0.507,0.13,0.761
64.17696619033813,-0.588,0.539,-0.047,0.799
64.1771080493927,-0.874,0.492,0.022,1.003
64.17725205421448,-0.723,0.677,0.145,1.001
64.17739295959473,-0.714,0.577,0.094,0.923
64.17753100395203,-0.792,0.658,0.182,1.046
64.17767095565796,-0.572,0.684,0.282,0.935
64.17781209945679,-0.642,0.864,0.219,1.098
64.17795300483704,-0.705,0.945,0.379,1.238
64.17809391021729,-0.695,0.649,-0.424,1.041
64.17823600769043,-0.436,0.818,0.192,0.947
64.17839503288269,-0.595,0.652,-0.008,0.883
64.17854905128479,-0.471,0.84,-0.251,0.995
64.17869806289673,-0.54,0.971,0.095,1.115
64.1788649559021,-0.615,0.809,-0.07,1.019
64.17903709411621,-0.711,1.058,-0.007,1.275
64.17921304702759,-0.851,0.704,-0.03,1.105
64.17938613891602,-0.589,0.558,-0.018,0.812
64.17955803871155,-0.862,1.032,-0.467,1.423
64.17970609664917,-0.923,0.695,0.044,1.156
64.1798300743103,-0.923,0.695,0.044,1.156
64.17990016937256,-0.396,0.524,0.043,0.658
64.18008613586426,-0.8,0.8,-0.057,1.133
64.18026399612427,-0.721,0.864,-0.214,1.145
64.18040895462036,-0.052,-0.503,-0.96,1.085
64.18050503730774,-0.052,-0.503,-0.96,1.085
64.1805670261383,-0.052,-0.503,-0.96,1.085
64.18070602416992,-0.511,0.459,0.087,0.692
64.18076801300049,-0.511,0.459,0.087,0.692
64.18082904815674,-0.511,0.459,0.087,0.692
64.1808910369873,-0.511,0.459,0.087,0.692
64.18095207214355,-0.511,0.459,0.087,0.692
64.1810131072998,-0.511,0.459,0.087,0.692
64.18107414245605,-0.511,0.459,0.087,0.692
64.1811351776123,-0.511,0.459,0.087,0.692
64.18119621276855,-0.511,0.459,0.087,0.692
64.18125700950623,-0.511,0.459,0.087,0.692
64.18131709098816,-0.511,0.459,0.087,0.692
64.18137788772583,-0.511,0.459,0.087,0.692
64.18143892288208,-0.511,0.459,0.087,0.692
64.18149900436401,-0.511,0.459,0.087,0.692
64.18156003952026,-0.511,0.459,0.087,0.692
64.1816201210022,-0.511,0.459,0.087,0.692
64.18168115615845,-0.511,0.459,0.087,0.692
64.18174123764038,-0.511,0.459,0.087,0.692
64.18180418014526,-0.511,0.459,0.087,0.692
64.18186521530151,-0.511,0.459,0.087,0.692
64.18192505836487,-0.511,0.459,0.087,0.692
64.18198490142822,-0.511,0.459,0.087,0.692
64.18204593658447,-0.511,0.459,0.087,0.692
64.1821060180664,-0.511,0.459,0.087,0.692
64.18216609954834,-0.511,0.459,0.087,0.692
64.18222713470459,-0.511,0.459,0.087,0.692
64.18228721618652,-0.511,0.459,0.087,0.692
64.18234705924988,-0.511,0.459,0.087,0.692
64.18240809440613,-0.511,0.459,0.087,0.692
64.18246793746948,-0.511,0.459,0.087,0.692
64.18252897262573,-0.511,0.459,0.087,0.692
64.18258905410767,-0.511,0.459,0.087,0.692
64.18265008926392,-0.511,0.459,0.087,0.692
64.18271017074585,-0.511,0.459,0.087,0.692
64.1827712059021,-0.511,0.459,0.087,0.692
64.18283104896545,-0.511,0.459,0.087,0.692
64.18289089202881,-0.511,0.459,0.087,0.692
64.18295097351074,-0.511,0.459,0.087,0.692
64.18301200866699,-0.511,0.459,0.087,0.692
64.18307304382324,-0.511,0.459,0.087,0.692
64.18313407897949,-0.511,0.459,0.087,0.692
64.18319606781006,-0.511,0.459,0.087,0.692
64.18325901031494,-0.511,0.459,0.087,0.692
64.18332099914551,-0.511,0.459,0.087,0.692
64.18338394165039,-0.511,0.459,0.087,0.692
64.18344593048096,-0.511,0.459,0.087,0.692
64.18350791931152,-0.511,0.459,0.087,0.692
64.18357110023499,-0.511,0.459,0.087,0.692
64.18363308906555,-0.511,0.459,0.087,0.692
64.18369817733765,-0.511,0.459,0.087,0.692
64.18376111984253,-0.511,0.459,0.087,0.692
64.1838231086731,-0.511,0.459,0.087,0.692
64.18388414382935,-0.511,0.459,0.087,0.692
64.1839451789856,-0.511,0.459,0.087,0.692
64.18400502204895,-0.511,0.459,0.087,0.692
64.1840660572052,-0.511,0.459,0.087,0.692
64.18412590026855,-0.511,0.459,0.087,0.692
64.18418598175049,-0.511,0.459,0.087,0.692
64.18424606323242,-0.511,0.459,0.087,0.692
64.18430709838867,-0.511,0.459,0.087,0.692
64.18436813354492,-0.511,0.459,0.087,0.692
64.18442821502686,-0.511,0.459,0.087,0.692
64.18448901176453,-0.511,0.459,0.087,0.692
64.18454909324646,-0.511,0.459,0.087,0.692
64.18460893630981,-0.511,0.459,0.087,0.692
64.18466997146606,-0.511,0.459,0.087,0.692
64.184730052948,-0.511,0.459,0.087,0.692
64.18479108810425,-0.511,0.459,0.087,0.692
64.18485116958618,-0.511,0.459,0.087,0.692
64.18491220474243,-0.511,0.459,0.087,0.692
64.18497204780579,-0.511,0.459,0.087,0.692
64.18503189086914,-0.511,0.459,0.087,0.692
64.18509292602539,-0.511,0.459,0.087,0.692
64.18515300750732,-0.511,0.459,0.087,0.692
64.18521308898926,-0.511,0.459,0.087,0.692
64.18527317047119,-0.511,0.459,0.087,0.692
64.18533420562744,-0.511,0.459,0.087,0.692
64.1853940486908,-0.511,0.459,0.087,0.692
64.18545389175415,-0.511,0.459,0.087,0.692
64.1855149269104,-0.511,0.459,0.087,0.692
64.18557500839233,-0.511,0.459,0.087,0.692
64.18563604354858,-0.511,0.459,0.087,0.692
64.18569612503052,-0.511,0.459,0.087,0.692
64.18575620651245,-0.511,0.459,0.087,0.692
64.18581700325012,-0.511,0.459,0.087,0.692
64.18587708473206,-0.511,0.459,0.087,0.692
64.18593788146973,-0.511,0.459,0.087,0.692
64.18599796295166,-0.511,0.459,0.087,0.692
64.18605899810791,-0.511,0.459,0.087,0.692
64.18611907958984,-0.511,0.459,0.087,0.692
64.18617916107178,-0.511,0.459,0.087,0.692
64.18624019622803,-0.511,0.459,0.087,0.692
64.18630003929138,-0.511,0.459,0.087,0.692
64.18635988235474,-0.511,0.459,0.087,0.692
64.18641996383667,-0.511,0.459,0.087,0.692
64.18648099899292,-0.511,0.459,0.087,0.692
64.18654108047485,-0.511,0.459,0.087,0.692
64.1866021156311,-0.511,0.459,0.087,0.692
64.18666219711304,-0.1,-0.47,-0.933,1.049
64.18680810928345,-0.1,-0.47,-0.933,1.049
64.1868691444397,-0.1,-0.47,-0.933,1.049
64.18693017959595,-0.1,-0.47,-0.933,1.049
64.1869900226593,-0.1,-0.47,-0.933,1.049
64.18705105781555,-0.1,-0.47,-0.933,1.049
64.1871120929718,-0.1,-0.47,-0.933,1.049
64.18717193603516,-0.1,-0.47,-0.933,1.049
64.18723201751709,-0.1,-0.47,-0.933,1.049
64.18729209899902,-0.1,-0.47,-0.933,1.049
64.18735313415527,-0.1,-0.47,-0.933,1.049
64.1874132156372,-0.1,-0.47,-0.933,1.049
64.18747305870056,-0.1,-0.47,-0.933,1.049
64.18753290176392,-0.1,-0.47,-0.933,1.049
64.18759393692017,-0.1,-0.47,-0.933,1.049
64.1876540184021,-0.1,-0.47,-0.933,1.049
64.18771409988403,-0.1,-0.47,-0.933,1.049
64.18777513504028,-0.1,-0.47,-0.933,1.049
64.18783521652222,-0.1,-0.47,-0.933,1.049
64.18789505958557,-0.1,-0.47,-0.933,1.049
64.18795490264893,-0.1,-0.47,-0.933,1.049
64.18801498413086,-0.1,-0.47,-0.933,1.049
64.18807601928711,-0.1,-0.47,-0.933,1.049
64.18813514709473,-0.1,-0.47,-0.933,1.049
64.18819522857666,-0.1,-0.47,-0.933,1.049
64.18825507164001,-0.1,-0.47,-0.933,1.049
64.18831491470337,-0.1,-0.47,-0.933,1.049
64.1883749961853,-0.1,-0.47,-0.933,1.049
64.18843507766724,-0.1,-0.47,-0.933,1.049
64.18849515914917,-0.1,-0.47,-0.933,1.049
64.18855500221252,-0.1,-0.47,-0.933,1.049
64.18861508369446,-0.1,-0.47,-0.933,1.049
64.18867611885071,-0.1,-0.47,-0.933,1.049
64.18873596191406,-0.1,-0.47,-0.933,1.049
64.18879699707031,-0.1,-0.47,-0.933,1.049
64.18885707855225,-0.1,-0.47,-0.933,1.049
64.18891716003418,-0.1,-0.47,-0.933,1.049
64.18897700309753,-0.1,-0.47,-0.933,1.049
64.18903803825378,-0.1,-0.47,-0.933,1.049
64.18910002708435,-0.1,-0.47,-0.933,1.049
64.18916201591492,-0.1,-0.47,-0.933,1.049
64.18922400474548,-0.1,-0.47,-0.933,1.049
64.18928623199463,-0.1,-0.47,-0.933,1.049
64.1893482208252,-0.1,-0.47,-0.933,1.049
64.18941116333008,-0.1,-0.47,-0.933,1.049
64.18947315216064,-0.1,-0.47,-0.933,1.049
64.1895341873169,-0.1,-0.47,-0.933,1.049
64.18959712982178,-0.1,-0.47,-0.933,1.049
64.18966007232666,-0.1,-0.47,-0.933,1.049
64.18972110748291,-0.1,-0.47,-0.933,1.049
64.18978500366211,-0.1,-0.47,-0.933,1.049
64.18984699249268,-0.1,-0.47,-0.933,1.049
64.18990802764893,-0.1,-0.47,-0.933,1.049
64.18996906280518,-0.1,-0.47,-0.933,1.049
64.19002914428711,-0.1,-0.47,-0.933,1.049
64.19009017944336,-0.1,-0.47,-0.933,1.049
64.19015002250671,-0.1,-0.47,-0.933,1.049
64.19020891189575,-0.1,-0.47,-0.933,1.049
64.190269947052,-0.1,-0.47,-0.933,1.049
64.19032907485962,-0.1,-0.47,-0.933,1.049
64.19038915634155,-0.1,-0.47,-0.933,1.049
64.19044923782349,-0.1,-0.47,-0.933,1.049
64.19050908088684,-0.1,-0.47,-0.933,1.049
64.1905689239502,-0.1,-0.47,-0.933,1.049
64.19062900543213,-0.1,-0.47,-0.933,1.049
64.19068908691406,-0.1,-0.47,-0.933,1.049
64.190749168396,-0.1,-0.47,-0.933,1.049
64.19080805778503,-0.1,-0.47,-0.933,1.049
64.19086790084839,-0.1,-0.47,-0.933,1.049
64.19092798233032,-0.1,-0.47,-0.933,1.049
64.19098806381226,-0.1,-0.47,-0.933,1.049
64.19104814529419,-0.1,-0.47,-0.933,1.049
64.19110822677612,-0.1,-0.47,-0.933,1.049
64.19116711616516,-0.1,-0.47,-0.933,1.049
64.19122695922852,-0.1,-0.47,-0.933,1.049
64.19128704071045,-0.1,-0.47,-0.933,1.049
64.19494605064392,-0.1,-0.47,-0.933,1.049
64.19528293609619,-0.1,-0.47,-0.933,1.049
64.19546508789062,-0.1,-0.47,-0.933,1.049
64.19562816619873,-0.1,-0.47,-0.933,1.049
64.19573903083801,-0.1,-0.47,-0.933,1.049
64.19580698013306,-0.1,-0.47,-0.933,1.049
64.19586992263794,-0.1,-0.47,-0.933,1.049
64.19593095779419,-0.1,-0.47,-0.933,1.049
64.19599199295044,-0.1,-0.47,-0.933,1.049
64.19605302810669,-0.1,-0.47,-0.933,1.049
64.19611406326294,-0.1,-0.47,-0.933,1.049
64.19617414474487,-0.1,-0.47,-0.933,1.049
64.1962342262268,-0.1,-0.47,-0.933,1.049
64.19629502296448,-0.1,-0.47,-0.933,1.049
64.19645023345947,-0.1,-0.47,-0.933,1.049
64.19655418395996,-0.1,-0.47,-0.933,1.049
64.19670104980469,-0.1,-0.47,-0.933,1.049
64.19677591323853,-0.1,-0.47,-0.933,1.049
64.19684791564941,-0.1,-0.47,-0.933,1.049
64.19691896438599,-0.1,-0.47,-0.933,1.049
64.19699001312256,-0.1,-0.47,-0.933,1.049
64.19706010818481,-0.1,-0.47,-0.933,1.049
64.19713115692139,-0.126,-0.432,-0.916,1.021
64.19746708869934,-0.126,-0.432,-0.916,1.021
64.19759607315063,-0.126,-0.432,-0.916,1.021
64.19767189025879,-0.126,-0.432,-0.916,1.021
64.19788908958435,-0.126,-0.432,-0.916,1.021
64.19821500778198,-0.126,-0.432,-0.916,1.021
64.19831418991089,-0.126,-0.432,-0.916,1.021
64.19849920272827,-0.126,-0.432,-0.916,1.021
64.19862604141235,-0.126,-0.432,-0.916,1.021
64.19870090484619,-0.126,-0.432,-0.916,1.021
64.19877290725708,-0.126,-0.432,-0.916,1.021
64.19884300231934,-0.126,-0.432,-0.916,1.021
64.19897603988647,-0.126,-0.432,-0.916,1.021
64.19908308982849,-0.126,-0.432,-0.916,1.021
64.19916296005249,-0.126,-0.432,-0.916,1.021
64.19928121566772,-0.126,-0.432,-0.916,1.021
64.19936513900757,-0.126,-0.432,-0.916,1.021
64.19943618774414,-0.126,-0.432,-0.916,1.021
64.19950604438782,-0.126,-0.432,-0.916,1.021
64.19957709312439,-0.126,-0.432,-0.916,1.021
64.19971323013306,-0.126,-0.432,-0.916,1.021
64.19982409477234,-0.126,-0.432,-0.916,1.021
64.19990611076355,-0.126,-0.432,-0.916,1.021
64.19998121261597,-0.126,-0.432,-0.916,1.021
64.20005416870117,-0.126,-0.432,-0.916,1.021
64.20012521743774,-0.126,-0.432,-0.916,1.021
64.20019602775574,-0.126,-0.432,-0.916,1.021
64.20026707649231,-0.126,-0.432,-0.916,1.021
64.2003378868103,-0.126,-0.432,-0.916,1.021
64.20041108131409,-0.126,-0.432,-0.916,1.021
64.20048308372498,-0.126,-0.432,-0.916,1.021
64.20055389404297,-0.126,-0.432,-0.916,1.021
64.20062494277954,-0.126,-0.432,-0.916,1.021
64.2006950378418,-0.126,-0.432,-0.916,1.021
64.20076608657837,-0.126,-0.432,-0.916,1.021
64.20088410377502,-0.126,-0.432,-0.916,1.021
64.20095801353455,-0.126,-0.432,-0.916,1.021
64.20102906227112,-0.126,-0.432,-0.916,1.021
64.20110011100769,-0.126,-0.432,-0.916,1.021
64.20116996765137,-0.126,-0.432,-0.916,1.021
64.20124101638794,-0.126,-0.432,-0.916,1.021
64.20131206512451,-0.126,-0.432,-0.916,1.021
64.20138216018677,-0.126,-0.432,-0.916,1.021
64.20145201683044,-0.126,-0.432,-0.916,1.021
64.20152306556702,-0.126,-0.432,-0.916,1.021
64.2015929222107,-0.126,-0.432,-0.916,1.021
64.20166397094727,-0.126,-0.432,-0.916,1.021
64.20173406600952,-0.126,-0.432,-0.916,1.021
64.20180416107178,-0.126,-0.432,-0.916,1.021
64.20187401771545,-0.126,-0.432,-0.916,1.021
64.20194506645203,-0.126,-0.432,-0.916,1.021
64.2020149230957,-0.126,-0.432,-0.916,1.021
64.20208501815796,-0.126,-0.432,-0.916,1.021
64.20215606689453,-0.126,-0.432,-0.916,1.021
64.20222616195679,-0.126,-0.432,-0.916,1.021
64.20229601860046,-0.126,-0.432,-0.916,1.021
64.20236492156982,-0.126,-0.432,-0.916,1.021
64.2024359703064,-0.126,-0.432,-0.916,1.021
64.20250606536865,-0.126,-0.432,-0.916,1.021
64.20257616043091,-0.126,-0.432,-0.916,1.021
64.20264601707458,-0.126,-0.432,-0.916,1.021
64.20271611213684,-0.126,-0.432,-0.916,1.021
64.20278596878052,-0.126,-0.432,-0.916,1.021
64.20285606384277,-0.126,-0.432,-0.916,1.021
64.20292615890503,-0.126,-0.432,-0.916,1.021
64.2029960155487,-0.126,-0.432,-0.916,1.021
64.20306611061096,-0.126,-0.432,-0.916,1.021
64.20313596725464,-0.126,-0.432,-0.916,1.021
64.20320796966553,-0.126,-0.432,-0.916,1.021
64.20327806472778,-0.126,-0.432,-0.916,1.021
64.20334911346436,-0.126,-0.432,-0.916,1.021
64.20341920852661,-0.126,-0.432,-0.916,1.021
64.2034900188446,-0.126,-0.432,-0.916,1.021
64.20356011390686,-0.126,-0.432,-0.916,1.021
64.20362997055054,-0.126,-0.432,-0.916,1.021
64.20369911193848,-0.126,-0.432,-0.916,1.021
64.20376920700073,-0.126,-0.432,-0.916,1.021
64.20383906364441,-0.126,-0.432,-0.916,1.021
64.20391011238098,-0.126,-0.432,-0.916,1.021
64.20397996902466,-0.126,-0.432,-0.916,1.021
64.20405006408691,-0.126,-0.432,-0.916,1.021
64.20412015914917,-0.126,-0.432,-0.916,1.021
64.20419001579285,-0.126,-0.432,-0.916,1.021
64.2042601108551,-0.126,-0.432,-0.916,1.021
64.2043309211731,-0.126,-0.432,-0.916,1.021
64.20440101623535,-0.126,-0.432,-0.916,1.021
64.20447111129761,-0.126,-0.432,-0.916,1.021
64.20454120635986,-0.126,-0.432,-0.916,1.021
64.20461106300354,-0.126,-0.432,-0.916,1.021
64.20468306541443,-0.126,-0.432,-0.916,1.021
64.204754114151,-0.126,-0.432,-0.916,1.021
64.20482397079468,-0.126,-0.432,-0.916,1.021
64.20489406585693,-0.126,-0.432,-0.916,1.021
64.20496702194214,-0.126,-0.432,-0.916,1.021
64.20503997802734,-0.126,-0.432,-0.916,1.021
64.20511102676392,-0.126,-0.432,-0.916,1.021
64.20518112182617,-0.126,-0.432,-0.916,1.021
64.20525121688843,-0.126,-0.432,-0.916,1.021
64.2053210735321,-0.126,-0.432,-0.916,1.021
64.20539093017578,-0.126,-0.432,-0.916,1.021
64.20546102523804,-0.126,-0.432,-0.916,1.021
64.2055311203003,-0.126,-0.432,-0.916,1.021
64.20560121536255,-0.126,-0.432,-0.916,1.021
64.20567107200623,-0.126,-0.432,-0.916,1.021
64.20574188232422,-0.126,-0.432,-0.916,1.021
64.20581293106079,-0.126,-0.432,-0.916,1.021
64.20588397979736,-0.126,-0.432,-0.916,1.021
64.20595407485962,-0.126,-0.432,-0.916,1.021
64.20605897903442,-0.126,-0.432,-0.916,1.021
64.20618605613708,-0.126,-0.432,-0.916,1.021
64.20626902580261,-0.126,-0.432,-0.916,1.021
64.20634508132935,-0.126,-0.432,-0.916,1.021
64.20648908615112,-0.126,-0.432,-0.916,1.021
64.20680522918701,-0.111,-0.429,-0.933,1.033
64.20713901519775,-0.111,-0.429,-0.933,1.033
64.20722198486328,-0.111,-0.429,-0.933,1.033
64.20729804039001,-0.111,-0.429,-0.933,1.033
64.2073700428009,-0.111,-0.429,-0.933,1.033
64.20744109153748,-0.111,-0.429,-0.933,1.033
64.20751309394836,-0.111,-0.429,-0.933,1.033
64.20758295059204,-0.111,-0.429,-0.933,1.033
64.20765399932861,-0.111,-0.429,-0.933,1.033
64.20772504806519,-0.111,-0.429,-0.933,1.033
64.20779609680176,-0.111,-0.429,-0.933,1.033
64.20786619186401,-0.111,-0.429,-0.933,1.033
64.207937002182,-0.111,-0.429,-0.933,1.033
64.2080090045929,-0.111,-0.429,-0.933,1.033
64.20810794830322,-0.111,-0.429,-0.933,1.033
64.2081789970398,-0.111,-0.429,-0.933,1.033
64.20825004577637,-0.111,-0.429,-0.933,1.033
64.20832109451294,-0.111,-0.429,-0.933,1.033
64.2083911895752,-0.111,-0.429,-0.933,1.033
64.20846223831177,-0.111,-0.429,-0.933,1.033
64.20853304862976,-0.111,-0.429,-0.933,1.033
64.20860409736633,-0.111,-0.429,-0.933,1.033
64.20867490768433,-0.111,-0.429,-0.933,1.033
64.20874500274658,-0.111,-0.429,-0.933,1.033
64.20881509780884,-0.111,-0.429,-0.933,1.033
64.2088851928711,-0.111,-0.429,-0.933,1.033
64.20895600318909,-0.111,-0.429,-0.933,1.033
64.20902705192566,-0.111,-0.429,-0.933,1.033
64.20909690856934,-0.111,-0.429,-0.933,1.033
64.20916700363159,-0.111,-0.429,-0.933,1.033
64.20923805236816,-0.111,-0.429,-0.933,1.033
64.20930814743042,-0.111,-0.429,-0.933,1.033
64.20937919616699,-0.111,-0.429,-0.933,1.033
64.20944905281067,-0.111,-0.429,-0.933,1.033
64.20952010154724,-0.111,-0.429,-0.933,1.033
64.20958995819092,-0.111,-0.429,-0.933,1.033
64.20966100692749,-0.111,-0.429,-0.933,1.033
64.20973110198975,-0.111,-0.429,-0.933,1.033
64.20980215072632,-0.111,-0.429,-0.933,1.033
64.20987200737,-0.111,-0.429,-0.933,1.033
64.20994305610657,-0.111,-0.429,-0.933,1.033
64.21001410484314,-0.111,-0.429,-0.933,1.033
64.21008610725403,-0.111,-0.429,-0.933,1.033
64.21015691757202,-0.111,-0.429,-0.933,1.033
64.2102279663086,-0.111,-0.429,-0.933,1.033
64.21029901504517,-0.111,-0.429,-0.933,1.033
64.21037006378174,-0.111,-0.429,-0.933,1.033
64.210440158844,-0.111,-0.429,-0.933,1.033
64.21051120758057,-0.111,-0.429,-0.933,1.033
64.21058106422424,-0.111,-0.429,-0.933,1.033
64.21065211296082,-0.111,-0.429,-0.933,1.033
64.21072292327881,-0.111,-0.429,-0.933,1.033
64.21079397201538,-0.111,-0.429,-0.933,1.033
64.21086406707764,-0.111,-0.429,-0.933,1.033
64.21093511581421,-0.111,-0.429,-0.933,1.033
64.21100616455078,-0.111,-0.429,-0.933,1.033
64.21107721328735,-0.111,-0.429,-0.933,1.033
64.21114802360535,-0.111,-0.429,-0.933,1.033
64.21121907234192,-0.111,-0.429,-0.933,1.033
64.21128988265991,-0.111,-0.429,-0.933,1.033
64.21135997772217,-0.111,-0.429,-0.933,1.033
64.21143102645874,-0.111,-0.429,-0.933,1.033
64.211501121521,-0.111,-0.429,-0.933,1.033
64.21157121658325,-0.111,-0.429,-0.933,1.033
64.21164202690125,-0.111,-0.429,-0.933,1.033
64.21171188354492,-0.111,-0.429,-0.933,1.033
64.21178197860718,-0.111,-0.429,-0.933,1.033
64.21185302734375,-0.111,-0.429,-0.933,1.033
64.211923122406,-0.111,-0.429,-0.933,1.033
64.21199321746826,-0.111,-0.429,-0.933,1.033
64.21206307411194,-0.111,-0.429,-0.933,1.033
64.21213388442993,-0.111,-0.429,-0.933,1.033
64.21220397949219,-0.111,-0.429,-0.933,1.033
64.21227407455444,-0.111,-0.429,-0.933,1.033
64.21235704421997,-0.111,-0.429,-0.933,1.033
64.2124330997467,-0.111,-0.429,-0.933,1.033
64.21250295639038,-0.111,-0.429,-0.933,1.033
64.21257305145264,-0.111,-0.429,-0.933,1.033
64.21264314651489,-0.111,-0.429,-0.933,1.033
64.21274209022522,-0.111,-0.429,-0.933,1.033
64.21282505989075,-0.111,-0.429,-0.933,1.033
64.21289610862732,-0.111,-0.429,-0.933,1.033
64.21301889419556,-0.111,-0.429,-0.933,1.033
64.2135100364685,-0.111,-0.429,-0.933,1.033
64.2137360572815,-0.111,-0.429,-0.933,1.033
64.21392488479614,-0.111,-0.429,-0.933,1.033
64.21413111686707,-0.111,-0.429,-0.933,1.033
64.21435022354126,-0.111,-0.429,-0.933,1.033
64.21468305587769,-0.111,-0.429,-0.933,1.033
64.21497201919556,-0.111,-0.429,-0.933,1.033
64.21516418457031,-0.111,-0.429,-0.933,1.033
64.21526002883911,-0.111,-0.429,-0.933,1.033
64.21533203125,-0.111,-0.429,-0.933,1.033
64.21540307998657,-0.111,-0.429,-0.933,1.033
64.21547412872314,-0.111,-0.429,-0.933,1.033
64.21556210517883,-0.111,-0.429,-0.933,1.033
64.21563291549683,-0.111,-0.429,-0.933,1.033
64.2157039642334,-0.111,-0.429,-0.933,1.033
64.21577405929565,-0.111,-0.429,-0.933,1.033
64.21584510803223,-0.111,-0.429,-0.933,1.033
64.21591520309448,-0.111,-0.429,-0.933,1.033
64.21598601341248,-0.111,-0.429,-0.933,1.033
64.21605610847473,-0.111,-0.429,-0.933,1.033
64.21612691879272,-0.111,-0.429,-0.933,1.033
64.21619701385498,-0.111,-0.429,-0.933,1.033
64.21626710891724,-0.111,-0.429,-0.933,1.033
64.21633720397949,-0.111,-0.429,-0.933,1.033
64.21641206741333,-0.111,-0.429,-0.933,1.033
64.2164831161499,-0.111,-0.429,-0.933,1.033
64.21655321121216,-0.111,-0.429,-0.933,1.033
64.21662306785583,-0.111,-0.429,-0.933,1.033
64.21669292449951,-0.111,-0.429,-0.933,1.033
64.21676397323608,-0.111,-0.429,-0.933,1.033
64.21683502197266,-0.111,-0.429,-0.933,1.033
64.21690511703491,-0.086,-0.451,-0.971,1.074
64.21716117858887,-0.086,-0.451,-0.971,1.074
64.21723699569702,-0.086,-0.451,-0.971,1.074
64.21730995178223,-0.086,-0.451,-0.971,1.074
64.2173810005188,-0.086,-0.451,-0.971,1.074
64.21745491027832,-0.086,-0.451,-0.971,1.074
64.21753215789795,-0.086,-0.451,-0.971,1.074
64.21760320663452,-0.086,-0.451,-0.971,1.074
64.21767520904541,-0.086,-0.451,-0.971,1.074
64.2177460193634,-0.086,-0.451,-0.971,1.074
64.21782302856445,-0.086,-0.451,-0.971,1.074
64.21789312362671,-0.086,-0.451,-0.971,1.074
64.21798610687256,-0.086,-0.451,-0.971,1.074
64.21811103820801,-0.086,-0.451,-0.971,1.074
64.21817588806152,-0.086,-0.451,-0.971,1.074
64.21823692321777,-0.086,-0.451,-0.971,1.074
64.21829795837402,-0.086,-0.451,-0.971,1.074
64.21835803985596,-0.086,-0.451,-0.971,1.074
64.21841812133789,-0.086,-0.451,-0.971,1.074
64.21847915649414,-0.086,-0.451,-0.971,1.074
64.21853923797607,-0.086,-0.451,-0.971,1.074
64.21859908103943,-0.086,-0.451,-0.971,1.074
64.21866011619568,-0.086,-0.451,-0.971,1.074
64.21872091293335,-0.086,-0.451,-0.971,1.074
64.21878099441528,-0.086,-0.451,-0.971,1.074
64.21884202957153,-0.086,-0.451,-0.971,1.074
64.21890306472778,-0.086,-0.451,-0.971,1.074
64.21896314620972,-0.086,-0.451,-0.971,1.074
64.21902418136597,-0.086,-0.451,-0.971,1.074
64.21908402442932,-0.086,-0.451,-0.971,1.074
64.21915102005005,-0.086,-0.451,-0.971,1.074
64.21921110153198,-0.086,-0.451,-0.971,1.074
64.21927213668823,-0.086,-0.451,-0.971,1.074
64.21933221817017,-0.086,-0.451,-0.971,1.074
64.219398021698,-0.086,-0.451,-0.971,1.074
64.21945905685425,-0.086,-0.451,-0.971,1.074
64.21951913833618,-0.086,-0.451,-0.971,1.074
64.21957921981812,-0.086,-0.451,-0.971,1.074
64.21964502334595,-0.086,-0.451,-0.971,1.074
64.21970415115356,-0.086,-0.451,-0.971,1.074
64.2197642326355,-0.086,-0.451,-0.971,1.074
64.21982407569885,-0.086,-0.451,-0.971,1.074
64.2198839187622,-0.086,-0.451,-0.971,1.074
64.21994400024414,-0.086,-0.451,-0.971,1.074
64.22000503540039,-0.086,-0.451,-0.971,1.074
64.22006607055664,-0.086,-0.451,-0.971,1.074
64.22012615203857,-0.086,-0.451,-0.971,1.074
64.22018718719482,-0.086,-0.451,-0.971,1.074
64.22026014328003,-0.086,-0.451,-0.971,1.074
64.2203221321106,-0.086,-0.451,-0.971,1.074
64.22038316726685,-0.086,-0.451,-0.971,1.074
64.2204430103302,-0.086,-0.451,-0.971,1.074
64.22050309181213,-0.086,-0.451,-0.971,1.074
64.22056198120117,-0.086,-0.451,-0.971,1.074
64.22062301635742,-0.086,-0.451,-0.971,1.074
64.22068214416504,-0.086,-0.451,-0.971,1.074
64.22074222564697,-0.086,-0.451,-0.971,1.074
64.22080302238464,-0.086,-0.451,-0.971,1.074
64.22086501121521,-0.086,-0.451,-0.971,1.074
64.22092390060425,-0.086,-0.451,-0.971,1.074
64.22098398208618,-0.086,-0.451,-0.971,1.074
64.22105002403259,-0.086,-0.451,-0.971,1.074
64.22113704681396,-0.086,-0.451,-0.971,1.074
64.22121500968933,-0.086,-0.451,-0.971,1.074
64.22127509117126,-0.086,-0.451,-0.971,1.074
64.22133588790894,-0.086,-0.451,-0.971,1.074
64.2213990688324,-0.086,-0.451,-0.971,1.074
64.22146010398865,-0.086,-0.451,-0.971,1.074
64.22152209281921,-0.086,-0.451,-0.971,1.074
64.22158288955688,-0.086,-0.451,-0.971,1.074
64.22164297103882,-0.086,-0.451,-0.971,1.074
64.22171020507812,-0.086,-0.451,-0.971,1.074
64.22177004814148,-0.086,-0.451,-0.971,1.074
64.22183108329773,-0.086,-0.451,-0.971,1.074
64.22189092636108,-0.086,-0.451,-0.971,1.074
64.22195100784302,-0.086,-0.451,-0.971,1.074
64.22201108932495,-0.086,-0.451,-0.971,1.074
64.2220721244812,-0.086,-0.451,-0.971,1.074
64.22213220596313,-0.086,-0.451,-0.971,1.074
64.22222089767456,-0.086,-0.451,-0.971,1.074
64.22228193283081,-0.086,-0.451,-0.971,1.074
64.22234201431274,-0.086,-0.451,-0.971,1.074
64.222403049469,-0.086,-0.451,-0.971,1.074
64.22246408462524,-0.086,-0.451,-0.971,1.074
64.22252416610718,-0.086,-0.451,-0.971,1.074
64.22258400917053,-0.086,-0.451,-0.971,1.074
64.22265195846558,-0.086,-0.451,-0.971,1.074
64.22271203994751,-0.086,-0.451,-0.971,1.074
64.22277212142944,-0.086,-0.451,-0.971,1.074
64.22283220291138,-0.086,-0.451,-0.971,1.074
64.22289204597473,-0.086,-0.451,-0.971,1.074
64.22295308113098,-0.086,-0.451,-0.971,1.074
64.22301292419434,-0.086,-0.451,-0.971,1.074
64.22307300567627,-0.086,-0.451,-0.971,1.074
64.2231330871582,-0.086,-0.451,-0.971,1.074
64.2232141494751,-0.086,-0.451,-0.971,1.074
64.22343301773071,-0.086,-0.451,-0.971,1.074
64.2235221862793,-0.086,-0.451,-0.971,1.074
64.22358894348145,-0.086,-0.451,-0.971,1.074
64.22365307807922,-0.086,-0.451,-0.971,1.074
64.223717212677,-0.086,-0.451,-0.971,1.074
64.22377800941467,-0.086,-0.451,-0.971,1.074
64.22383904457092,-0.086,-0.451,-0.971,1.074
64.22389888763428,-0.086,-0.451,-0.971,1.074
64.22395992279053,-0.086,-0.451,-0.971,1.074
64.22402095794678,-0.086,-0.451,-0.971,1.074
64.22408294677734,-0.086,-0.451,-0.971,1.074
64.2241439819336,-0.086,-0.451,-0.971,1.074
64.22420406341553,-0.086,-0.451,-0.971,1.074
64.22426509857178,-0.086,-0.451,-0.971,1.074
64.22432518005371,-0.086,-0.451,-0.971,1.074
64.22438502311707,-0.086,-0.451,-0.971,1.074
64.22444605827332,-0.086,-0.451,-0.971,1.074
64.22450590133667,-0.086,-0.451,-0.971,1.074
64.22458100318909,-0.086,-0.451,-0.971,1.074
64.22464203834534,-0.086,-0.451,-0.971,1.074
64.22470188140869,-0.086,-0.451,-0.971,1.074
64.22476291656494,-0.086,-0.451,-0.971,1.074
64.22482395172119,-0.086,-0.451,-0.971,1.074
64.22488403320312,-0.086,-0.451,-0.971,1.074
64.22494411468506,-0.086,-0.451,-0.971,1.074
64.22500419616699,-0.086,-0.451,-0.971,1.074
64.22506403923035,-0.086,-0.451,-0.971,1.074
64.22512602806091,-0.086,-0.451,-0.971,1.074
64.2251992225647,-0.086,-0.451,-0.971,1.074
64.22526502609253,-0.086,-0.451,-0.971,1.074
64.22532510757446,-0.086,-0.451,-0.971,1.074
64.2253851890564,-0.086,-0.451,-0.971,1.074
64.22544503211975,-0.086,-0.451,-0.971,1.074
64.22551202774048,-0.086,-0.451,-0.971,1.074
64.22557306289673,-0.086,-0.451,-0.971,1.074
64.22563910484314,-0.086,-0.451,-0.971,1.074
64.2256989479065,-0.086,-0.451,-0.971,1.074
64.22575902938843,-0.086,-0.451,-0.971,1.074
64.22582006454468,-0.086,-0.451,-0.971,1.074
64.22588014602661,-0.086,-0.451,-0.971,1.074
64.22594022750854,-0.086,-0.451,-0.971,1.074
64.2260000705719,-0.086,-0.451,-0.971,1.074
64.22607421875,-0.086,-0.451,-0.971,1.074
64.22613406181335,-0.086,-0.451,-0.971,1.074
64.22619390487671,-0.086,-0.451,-0.971,1.074
64.22625494003296,-0.086,-0.451,-0.971,1.074
64.22633504867554,-0.086,-0.451,-0.971,1.074
64.22640109062195,-0.086,-0.451,-0.971,1.074
64.22646403312683,-0.086,-0.451,-0.971,1.074
64.22652411460876,-0.086,-0.451,-0.971,1.074
64.22659707069397,-0.086,-0.451,-0.971,1.074
64.22665810585022,-0.086,-0.451,-0.971,1.074
64.22673106193542,-0.086,-0.451,-0.971,1.074
64.22679090499878,-0.086,-0.451,-0.971,1.074
64.22685098648071,-0.086,-0.451,-0.971,1.074
64.22691202163696,-0.086,-0.451,-0.971,1.074
64.22697305679321,-0.086,-0.451,-0.971,1.074
64.2270359992981,-0.071,-0.467,-0.98,1.088
64.2272720336914,-0.071,-0.467,-0.98,1.088
64.22733497619629,-0.071,-0.467,-0.98,1.088
64.22739505767822,-0.071,-0.467,-0.98,1.088
64.22745418548584,-0.071,-0.467,-0.98,1.088
64.2275140285492,-0.071,-0.467,-0.98,1.088
64.22757411003113,-0.071,-0.467,-0.98,1.088
64.22763299942017,-0.071,-0.467,-0.98,1.088
64.22769212722778,-0.071,-0.467,-0.98,1.088
64.22775220870972,-0.071,-0.467,-0.98,1.088
64.22781109809875,-0.071,-0.467,-0.98,1.088
64.2278699874878,-0.071,-0.467,-0.98,1.088
64.22793006896973,-0.071,-0.467,-0.98,1.088
64.22799491882324,-0.071,-0.467,-0.98,1.088
64.22805595397949,-0.071,-0.467,-0.98,1.088
64.22811102867126,-0.071,-0.467,-0.98,1.088
64.22816514968872,-0.071,-0.467,-0.98,1.088
64.2282190322876,-0.071,-0.467,-0.98,1.088
64.22827291488647,-0.071,-0.467,-0.98,1.088
64.22832822799683,-0.071,-0.467,-0.98,1.088
64.22838115692139,-0.071,-0.467,-0.98,1.088
64.22843599319458,-0.071,-0.467,-0.98,1.088
64.22849011421204,-0.071,-0.467,-0.98,1.088
64.22855401039124,-0.071,-0.467,-0.98,1.088
64.22860813140869,-0.071,-0.467,-0.98,1.088
64.22866201400757,-0.071,-0.467,-0.98,1.088
64.22871589660645,-0.071,-0.467,-0.98,1.088
64.2287712097168,-0.071,-0.467,-0.98,1.088
64.22882509231567,-0.071,-0.467,-0.98,1.088
64.22887897491455,-0.071,-0.467,-0.98,1.088
64.228933095932,-0.071,-0.467,-0.98,1.088
64.22898721694946,-0.071,-0.467,-0.98,1.088
64.22904109954834,-0.071,-0.467,-0.98,1.088
64.22909593582153,-0.071,-0.467,-0.98,1.088
64.22915005683899,-0.071,-0.467,-0.98,1.088
64.22920417785645,-0.071,-0.467,-0.98,1.088
64.22925806045532,-0.071,-0.467,-0.98,1.088
64.2293119430542,-0.071,-0.467,-0.98,1.088
64.22938299179077,-0.071,-0.467,-0.98,1.088
64.22944498062134,-0.071,-0.467,-0.98,1.088
64.2294991016388,-0.071,-0.467,-0.98,1.088
64.22955322265625,-0.071,-0.467,-0.98,1.088
64.22960805892944,-0.071,-0.467,-0.98,1.088
64.2297260761261,-0.071,-0.467,-0.98,1.088
64.2298150062561,-0.071,-0.467,-0.98,1.088
64.2298800945282,-0.071,-0.467,-0.98,1.088
64.22993898391724,-0.071,-0.467,-0.98,1.088
64.22999501228333,-0.071,-0.467,-0.98,1.088
64.23005104064941,-0.071,-0.467,-0.98,1.088
64.23010611534119,-0.071,-0.467,-0.98,1.088
64.23016119003296,-0.071,-0.467,-0.98,1.088
64.23021602630615,-0.071,-0.467,-0.98,1.088
64.23027110099792,-0.071,-0.467,-0.98,1.088
64.2303261756897,-0.071,-0.467,-0.98,1.088
64.23039817810059,-0.071,-0.467,-0.98,1.088
64.23049020767212,-0.071,-0.467,-0.98,1.088
64.23054909706116,-0.071,-0.467,-0.98,1.088
64.23060607910156,-0.071,-0.467,-0.98,1.088
64.23066210746765,-0.071,-0.467,-0.98,1.088
64.23071813583374,-0.071,-0.467,-0.98,1.088
64.23077297210693,-0.071,-0.467,-0.98,1.088
64.2308280467987,-0.071,-0.467,-0.98,1.088
64.2308840751648,-0.071,-0.467,-0.98,1.088
64.23094010353088,-0.071,-0.467,-0.98,1.088
64.23099422454834,-0.071,-0.467,-0.98,1.088
64.23104906082153,-0.071,-0.467,-0.98,1.088
64.23110389709473,-0.071,-0.467,-0.98,1.088
64.23115921020508,-0.071,-0.467,-0.98,1.088
64.23121309280396,-0.071,-0.467,-0.98,1.088
64.23126792907715,-0.071,-0.467,-0.98,1.088
64.23132300376892,-0.071,-0.467,-0.98,1.088
64.2313780784607,-0.071,-0.467,-0.98,1.088
64.23143291473389,-0.071,-0.467,-0.98,1.088
64.23148822784424,-0.071,-0.467,-0.98,1.088
64.23154211044312,-0.071,-0.467,-0.98,1.088
64.23159694671631,-0.071,-0.467,-0.98,1.088
64.23165202140808,-0.071,-0.467,-0.98,1.088
64.23170709609985,-0.071,-0.467,-0.98,1.088
64.23176097869873,-0.071,-0.467,-0.98,1.088
64.2318160533905,-0.071,-0.467,-0.98,1.088
64.23187017440796,-0.071,-0.467,-0.98,1.088
64.23192501068115,-0.071,-0.467,-0.98,1.088
64.23206806182861,-0.071,-0.467,-0.98,1.088
64.23212814331055,-0.071,-0.467,-0.98,1.088
64.23218297958374,-0.071,-0.467,-0.98,1.088
64.23223805427551,-0.071,-0.467,-0.98,1.088
64.23229503631592,-0.071,-0.467,-0.98,1.088
64.23235201835632,-0.071,-0.467,-0.98,1.088
64.23240900039673,-0.071,-0.467,-0.98,1.088
64.23246622085571,-0.071,-0.467,-0.98,1.088
64.23252296447754,-0.071,-0.467,-0.98,1.088
64.23257803916931,-0.071,-0.467,-0.98,1.088
64.23273801803589,-0.071,-0.467,-0.98,1.088
64.23279905319214,-0.071,-0.467,-0.98,1.088
64.23285508155823,-0.071,-0.467,-0.98,1.088
64.23291802406311,-0.071,-0.467,-0.98,1.088
64.23297595977783,-0.071,-0.467,-0.98,1.088
64.2330310344696,-0.071,-0.467,-0.98,1.088
64.23308610916138,-0.071,-0.467,-0.98,1.088
64.23314094543457,-0.071,-0.467,-0.98,1.088
64.23319602012634,-0.071,-0.467,-0.98,1.088
64.23325300216675,-0.071,-0.467,-0.98,1.088
64.23330807685852,-0.071,-0.467,-0.98,1.088
64.23336219787598,-0.071,-0.467,-0.98,1.088
64.23341703414917,-0.071,-0.467,-0.98,1.088
64.23347091674805,-0.071,-0.467,-0.98,1.088
64.2335262298584,-0.071,-0.467,-0.98,1.088
64.23358392715454,-0.071,-0.467,-0.98,1.088
64.233638048172,-0.071,-0.467,-0.98,1.088
64.23369312286377,-0.071,-0.467,-0.98,1.088
64.23374700546265,-0.071,-0.467,-0.98,1.088
64.23380208015442,-0.071,-0.467,-0.98,1.088
64.23385906219482,-0.071,-0.467,-0.98,1.088
64.23391389846802,-0.071,-0.467,-0.98,1.088
64.23396801948547,-0.071,-0.467,-0.98,1.088
64.23402309417725,-0.071,-0.467,-0.98,1.088
64.23407793045044,-0.071,-0.467,-0.98,1.088
64.2341320514679,-0.071,-0.467,-0.98,1.088
64.2342209815979,-0.071,-0.467,-0.98,1.088
64.23430919647217,-0.071,-0.467,-0.98,1.088
64.23438119888306,-0.071,-0.467,-0.98,1.088
64.23444104194641,-0.071,-0.467,-0.98,1.088
64.23449802398682,-0.071,-0.467,-0.98,1.088
64.2345540523529,-0.071,-0.467,-0.98,1.088
64.234708070755,-0.071,-0.467,-0.98,1.088
64.23477792739868,-0.071,-0.467,-0.98,1.088
64.23483800888062,-0.071,-0.467,-0.98,1.088
64.23489618301392,-0.071,-0.467,-0.98,1.088
64.23495197296143,-0.071,-0.467,-0.98,1.088
64.23501014709473,-0.071,-0.467,-0.98,1.088
64.23506498336792,-0.071,-0.467,-0.98,1.088
64.23512005805969,-0.071,-0.467,-0.98,1.088
64.23517513275146,-0.071,-0.467,-0.98,1.088
64.23522996902466,-0.071,-0.467,-0.98,1.088
64.23528504371643,-0.071,-0.467,-0.98,1.088
64.2353401184082,-0.071,-0.467,-0.98,1.088
64.23539805412292,-0.071,-0.467,-0.98,1.088
64.2354531288147,-0.071,-0.467,-0.98,1.088
64.23550796508789,-0.071,-0.467,-0.98,1.088
64.23556423187256,-0.071,-0.467,-0.98,1.088
64.23561906814575,-0.071,-0.467,-0.98,1.088
64.23567295074463,-0.071,-0.467,-0.98,1.088
64.2357280254364,-0.071,-0.467,-0.98,1.088
64.23578310012817,-0.071,-0.467,-0.98,1.088
64.23583698272705,-0.071,-0.467,-0.98,1.088
64.23589205741882,-0.071,-0.467,-0.98,1.088
64.23594903945923,-0.071,-0.467,-0.98,1.088
64.23599910736084,-0.071,-0.467,-0.98,1.088
64.23605012893677,-0.071,-0.467,-0.98,1.088
64.2361011505127,-0.071,-0.467,-0.98,1.088
64.2361512184143,-0.071,-0.467,-0.98,1.088
64.23620200157166,-0.071,-0.467,-0.98,1.088
64.23625206947327,-0.071,-0.467,-0.98,1.088
64.2363030910492,-0.071,-0.467,-0.98,1.088
64.23635292053223,-0.071,-0.467,-0.98,1.088
64.23640394210815,-0.071,-0.467,-0.98,1.088
64.23645496368408,-0.071,-0.467,-0.98,1.088
64.23650598526001,-0.071,-0.467,-0.98,1.088
64.23655605316162,-0.071,-0.467,-0.98,1.088
64.23660707473755,-0.071,-0.467,-0.98,1.088
64.23665809631348,-0.071,-0.467,-0.98,1.088
64.23670816421509,-0.071,-0.467,-0.98,1.088
64.23675918579102,-0.071,-0.467,-0.98,1.088
64.23682117462158,-0.071,-0.467,-0.98,1.088
64.23687219619751,-0.071,-0.467,-0.98,1.088
64.23692202568054,-0.071,-0.467,-0.98,1.088
64.23697304725647,-0.071,-0.467,-0.98,1.088
64.23702311515808,-0.064,-0.454,-0.989,1.09
64.23722910881042,-0.064,-0.454,-0.989,1.09
64.23728108406067,-0.064,-0.454,-0.989,1.09
64.2373321056366,-0.064,-0.454,-0.989,1.09
64.23738408088684,-0.064,-0.454,-0.989,1.09
64.23743510246277,-0.064,-0.454,-0.989,1.09
64.2374849319458,-0.064,-0.454,-0.989,1.09
64.23753595352173,-0.064,-0.454,-0.989,1.09
64.23758602142334,-0.064,-0.454,-0.989,1.09
64.23763608932495,-0.064,-0.454,-0.989,1.09
64.23768711090088,-0.064,-0.454,-0.989,1.09
64.23773717880249,-0.064,-0.454,-0.989,1.09
64.23778700828552,-0.064,-0.454,-0.989,1.09
64.23783707618713,-0.064,-0.454,-0.989,1.09
64.23788690567017,-0.064,-0.454,-0.989,1.09
64.23793697357178,-0.064,-0.454,-0.989,1.09
64.2379879951477,-0.064,-0.454,-0.989,1.09
64.23803806304932,-0.064,-0.454,-0.989,1.09
64.23808813095093,-0.064,-0.454,-0.989,1.09
64.23813819885254,-0.064,-0.454,-0.989,1.09
64.23818802833557,-0.064,-0.454,-0.989,1.09
64.23823809623718,-0.064,-0.454,-0.989,1.09
64.23828911781311,-0.064,-0.454,-0.989,1.09
64.23833894729614,-0.064,-0.454,-0.989,1.09
64.23838901519775,-0.064,-0.454,-0.989,1.09
64.23843908309937,-0.064,-0.454,-0.989,1.09
64.23848915100098,-0.064,-0.454,-0.989,1.09
64.23853921890259,-0.064,-0.454,-0.989,1.09
64.23859000205994,-0.064,-0.454,-0.989,1.09
64.23864006996155,-0.064,-0.454,-0.989,1.09
64.23868989944458,-0.064,-0.454,-0.989,1.09
64.23873996734619,-0.064,-0.454,-0.989,1.09
64.2387900352478,-0.064,-0.454,-0.989,1.09
64.23884105682373,-0.064,-0.454,-0.989,1.09
64.23889112472534,-0.064,-0.454,-0.989,1.09
64.23894119262695,-0.064,-0.454,-0.989,1.09
64.2389931678772,-0.064,-0.454,-0.989,1.09
64.23904323577881,-0.064,-0.454,-0.989,1.09
64.23909306526184,-0.064,-0.454,-0.989,1.09
64.23914289474487,-0.064,-0.454,-0.989,1.09
64.2391939163208,-0.064,-0.454,-0.989,1.09
64.23924398422241,-0.064,-0.454,-0.989,1.09
64.23929500579834,-0.064,-0.454,-0.989,1.09
64.23934507369995,-0.064,-0.454,-0.989,1.09
64.23939514160156,-0.064,-0.454,-0.989,1.09
64.23944520950317,-0.064,-0.454,-0.989,1.09
64.2394962310791,-0.064,-0.454,-0.989,1.09
64.23954606056213,-0.064,-0.454,-0.989,1.09
64.23959589004517,-0.064,-0.454,-0.989,1.09
64.23964595794678,-0.064,-0.454,-0.989,1.09
64.23969602584839,-0.064,-0.454,-0.989,1.09
64.23974704742432,-0.064,-0.454,-0.989,1.09
64.23979711532593,-0.064,-0.454,-0.989,1.09
64.23985004425049,-0.064,-0.454,-0.989,1.09
64.2399001121521,-0.064,-0.454,-0.989,1.09
64.23995113372803,-0.064,-0.454,-0.989,1.09
64.24000000953674,-0.064,-0.454,-0.989,1.09
64.24004888534546,-0.064,-0.454,-0.989,1.09
64.24009799957275,-0.064,-0.454,-0.989,1.09
64.24014711380005,-0.064,-0.454,-0.989,1.09
64.24019503593445,-0.064,-0.454,-0.989,1.09
64.24024391174316,-0.064,-0.454,-0.989,1.09
64.24029302597046,-0.064,-0.454,-0.989,1.09
64.24034214019775,-0.064,-0.454,-0.989,1.09
64.24039101600647,-0.064,-0.454,-0.989,1.09
64.24043989181519,-0.064,-0.454,-0.989,1.09
64.24048805236816,-0.064,-0.454,-0.989,1.09
64.24053716659546,-0.064,-0.454,-0.989,1.09
64.24058604240417,-0.064,-0.454,-0.989,1.09
64.24063491821289,-0.064,-0.454,-0.989,1.09
64.24068307876587,-0.064,-0.454,-0.989,1.09
64.24073219299316,-0.064,-0.454,-0.989,1.09
64.24078106880188,-0.064,-0.454,-0.989,1.09
64.24082899093628,-0.064,-0.454,-0.989,1.09
64.24087810516357,-0.064,-0.454,-0.989,1.09
64.24092721939087,-0.064,-0.454,-0.989,1.09
64.24097490310669,-0.064,-0.454,-0.989,1.09
64.24102401733398,-0.064,-0.454,-0.989,1.09
64.24108004570007,-0.064,-0.454,-0.989,1.09
64.24112892150879,-0.064,-0.454,-0.989,1.09
64.24117803573608,-0.064,-0.454,-0.989,1.09
64.24122714996338,-0.064,-0.454,-0.989,1.09
64.2412760257721,-0.064,-0.454,-0.989,1.09
64.24132490158081,-0.064,-0.454,-0.989,1.09
64.24138021469116,-0.064,-0.454,-0.989,1.09
64.24142909049988,-0.064,-0.454,-0.989,1.09
64.24147701263428,-0.064,-0.454,-0.989,1.09
64.24152612686157,-0.064,-0.454,-0.989,1.09
64.24157500267029,-0.064,-0.454,-0.989,1.09
64.24162411689758,-0.064,-0.454,-0.989,1.09
64.24167203903198,-0.064,-0.454,-0.989,1.09
64.24172115325928,-0.064,-0.454,-0.989,1.09
64.241770029068,-0.064,-0.454,-0.989,1.09
64.24181890487671,-0.064,-0.454,-0.989,1.09
64.241868019104,-0.064,-0.454,-0.989,1.09
64.24191617965698,-0.064,-0.454,-0.989,1.09
64.2419650554657,-0.064,-0.454,-0.989,1.09
64.24201393127441,-0.064,-0.454,-0.989,1.09
64.24206209182739,-0.064,-0.454,-0.989,1.09
64.24211120605469,-0.064,-0.454,-0.989,1.09
64.2421600818634,-0.064,-0.454,-0.989,1.09
64.24220895767212,-0.064,-0.454,-0.989,1.09
64.2422571182251,-0.064,-0.454,-0.989,1.09
64.24230623245239,-0.064,-0.454,-0.989,1.09
64.24235510826111,-0.064,-0.454,-0.989,1.09
64.24240398406982,-0.064,-0.454,-0.989,1.09
64.2424521446228,-0.064,-0.454,-0.989,1.09
64.24250102043152,-0.064,-0.454,-0.989,1.09
64.24254989624023,-0.064,-0.454,-0.989,1.09
64.24259901046753,-0.064,-0.454,-0.989,1.09
64.24264812469482,-0.064,-0.454,-0.989,1.09
64.24269700050354,-0.064,-0.454,-0.989,1.09
64.24274492263794,-0.064,-0.454,-0.989,1.09
64.24279403686523,-0.064,-0.454,-0.989,1.09
64.24284315109253,-0.064,-0.454,-0.989,1.09
64.24289107322693,-0.064,-0.454,-0.989,1.09
64.24293994903564,-0.064,-0.454,-0.989,1.09
64.24298906326294,-0.064,-0.454,-0.989,1.09
64.24303722381592,-0.064,-0.454,-0.989,1.09
64.24308609962463,-0.064,-0.454,-0.989,1.09
64.24313497543335,-0.064,-0.454,-0.989,1.09
64.24318408966064,-0.064,-0.454,-0.989,1.09
64.24323320388794,-0.064,-0.454,-0.989,1.09
64.24328088760376,-0.064,-0.454,-0.989,1.09
64.24333000183105,-0.064,-0.454,-0.989,1.09
64.24337911605835,-0.064,-0.454,-0.989,1.09
64.24342823028564,-0.064,-0.454,-0.989,1.09
64.24347710609436,-0.064,-0.454,-0.989,1.09
64.24352598190308,-0.064,-0.454,-0.989,1.09
64.24357509613037,-0.064,-0.454,-0.989,1.09
64.24362516403198,-0.064,-0.454,-0.989,1.09
64.2436740398407,-0.064,-0.454,-0.989,1.09
64.24372410774231,-0.064,-0.454,-0.989,1.09
64.24377202987671,-0.064,-0.454,-0.989,1.09
64.24382209777832,-0.064,-0.454,-0.989,1.09
64.24387311935425,-0.064,-0.454,-0.989,1.09
64.24392223358154,-0.064,-0.454,-0.989,1.09
64.24396991729736,-0.064,-0.454,-0.989,1.09
64.24401903152466,-0.064,-0.454,-0.989,1.09
64.24406814575195,-0.064,-0.454,-0.989,1.09
64.24411702156067,-0.064,-0.454,-0.989,1.09
64.24416494369507,-0.064,-0.454,-0.989,1.09
64.24421405792236,-0.064,-0.454,-0.989,1.09
64.24426317214966,-0.064,-0.454,-0.989,1.09
64.24431109428406,-0.064,-0.454,-0.989,1.09
64.24435997009277,-0.064,-0.454,-0.989,1.09
64.24440908432007,-0.064,-0.454,-0.989,1.09
64.24446105957031,-0.064,-0.454,-0.989,1.09
64.24450922012329,-0.064,-0.454,-0.989,1.09
64.244558095932,-0.064,-0.454,-0.989,1.09
64.2446060180664,-0.064,-0.454,-0.989,1.09
64.2446551322937,-0.064,-0.454,-0.989,1.09
64.2447030544281,-0.064,-0.454,-0.989,1.09
64.24475193023682,-0.064,-0.454,-0.989,1.09
64.24480104446411,-0.064,-0.454,-0.989,1.09
64.24486017227173,-0.064,-0.454,-0.989,1.09
64.24490904808044,-0.064,-0.454,-0.989,1.09
64.24495792388916,-0.064,-0.454,-0.989,1.09
64.24500608444214,-0.064,-0.454,-0.989,1.09
64.24505519866943,-0.064,-0.454,-0.989,1.09
64.24510407447815,-0.064,-0.454,-0.989,1.09
64.24515295028687,-0.064,-0.454,-0.989,1.09
64.24520111083984,-0.064,-0.454,-0.989,1.09
64.24525117874146,-0.064,-0.454,-0.989,1.09
64.24530005455017,-0.064,-0.454,-0.989,1.09
64.24534797668457,-0.064,-0.454,-0.989,1.09
64.24539709091187,-0.064,-0.454,-0.989,1.09
64.24544620513916,-0.064,-0.454,-0.989,1.09
64.24549388885498,-0.064,-0.454,-0.989,1.09
64.24554300308228,-0.064,-0.454,-0.989,1.09
64.24559211730957,-0.064,-0.454,-0.989,1.09
64.24564123153687,-0.064,-0.454,-0.989,1.09
64.24569010734558,-0.064,-0.454,-0.989,1.09
64.24573802947998,-0.064,-0.454,-0.989,1.09
64.24578714370728,-0.064,-0.454,-0.989,1.09
64.24583601951599,-0.064,-0.454,-0.989,1.09
64.24589109420776,-0.064,-0.454,-0.989,1.09
64.24594020843506,-0.064,-0.454,-0.989,1.09
64.24598908424377,-0.064,-0.454,-0.989,1.09
64.24603796005249,-0.064,-0.454,-0.989,1.09
64.2461040019989,-0.064,-0.454,-0.989,1.09
64.2461531162262,-0.064,-0.454,-0.989,1.09
64.24620199203491,-0.064,-0.454,-0.989,1.09
64.2462511062622,-0.064,-0.454,-0.989,1.09
64.2463002204895,-0.064,-0.454,-0.989,1.09
64.24640202522278,-0.064,-0.454,-0.989,1.09
64.2464530467987,-0.064,-0.454,-0.989,1.09
64.24650311470032,-0.064,-0.454,-0.989,1.09
64.24655389785767,-0.064,-0.454,-0.989,1.09
64.24660396575928,-0.064,-0.454,-0.989,1.09
64.24665307998657,-0.064,-0.454,-0.989,1.09
64.2467041015625,-0.064,-0.454,-0.989,1.09
64.24675416946411,-0.064,-0.454,-0.989,1.09
64.24680423736572,-0.064,-0.454,-0.989,1.09
64.24685406684875,-0.064,-0.454,-0.989,1.09
64.24690389633179,-0.064,-0.454,-0.989,1.09
64.24696397781372,-0.064,-0.454,-0.989,1.09
64.24717712402344,-0.064,-0.423,-0.98,1.069
64.24729490280151,-0.064,-0.423,-0.98,1.069
64.24734807014465,-0.064,-0.423,-0.98,1.069
64.24739909172058,-0.064,-0.423,-0.98,1.069
64.24744892120361,-0.064,-0.423,-0.98,1.069
64.24749898910522,-0.064,-0.423,-0.98,1.069
64.24754905700684,-0.064,-0.423,-0.98,1.069
64.24759912490845,-0.064,-0.423,-0.98,1.069
64.24765014648438,-0.064,-0.423,-0.98,1.069
64.24770021438599,-0.064,-0.423,-0.98,1.069
64.24775004386902,-0.064,-0.423,-0.98,1.069
64.24780011177063,-0.064,-0.423,-0.98,1.069
64.24784994125366,-0.064,-0.423,-0.98,1.069
64.24790000915527,-0.064,-0.423,-0.98,1.069
64.24795007705688,-0.064,-0.423,-0.98,1.069
64.2480001449585,-0.064,-0.423,-0.98,1.069
64.24805021286011,-0.064,-0.423,-0.98,1.069
64.24810123443604,-0.064,-0.423,-0.98,1.069
64.24815106391907,-0.064,-0.423,-0.98,1.069
64.2482008934021,-0.064,-0.423,-0.98,1.069
64.24829506874084,-0.064,-0.423,-0.98,1.069
64.24834704399109,-0.064,-0.423,-0.98,1.069
64.24839806556702,-0.064,-0.423,-0.98,1.069
64.24844789505005,-0.064,-0.423,-0.98,1.069
64.2485020160675,-0.064,-0.423,-0.98,1.069
64.24855613708496,-0.064,-0.423,-0.98,1.069
64.24860620498657,-0.064,-0.423,-0.98,1.069
64.24866008758545,-0.064,-0.423,-0.98,1.069
64.24871110916138,-0.064,-0.423,-0.98,1.069
64.24876403808594,-0.064,-0.423,-0.98,1.069
64.24881410598755,-0.064,-0.423,-0.98,1.069
64.24886417388916,-0.064,-0.423,-0.98,1.069
64.24891400337219,-0.064,-0.423,-0.98,1.069
64.24896812438965,-0.064,-0.423,-0.98,1.069
64.24901819229126,-0.064,-0.423,-0.98,1.069
64.24906802177429,-0.064,-0.423,-0.98,1.069
64.2491180896759,-0.064,-0.423,-0.98,1.069
64.24917221069336,-0.064,-0.423,-0.98,1.069
64.2492241859436,-0.064,-0.423,-0.98,1.069
64.24927401542664,-0.064,-0.423,-0.98,1.069
64.24932408332825,-0.064,-0.423,-0.98,1.069
64.24937391281128,-0.064,-0.423,-0.98,1.069
64.24942398071289,-0.064,-0.423,-0.98,1.069
64.2494740486145,-0.064,-0.423,-0.98,1.069
64.24952411651611,-0.064,-0.423,-0.98,1.069
64.24957418441772,-0.064,-0.423,-0.98,1.069
64.24962210655212,-0.064,-0.423,-0.98,1.069
64.24967098236084,-0.064,-0.423,-0.98,1.069
64.24972009658813,-0.064,-0.423,-0.98,1.069
64.24976921081543,-0.064,-0.423,-0.98,1.069
64.24981808662415,-0.064,-0.423,-0.98,1.069
64.24986696243286,-0.064,-0.423,-0.98,1.069
64.24991607666016,-0.064,-0.423,-0.98,1.069
64.24996423721313,-0.064,-0.423,-0.98,1.069
64.25001311302185,-0.064,-0.423,-0.98,1.069
64.25006103515625,-0.064,-0.423,-0.98,1.069
64.25011014938354,-0.064,-0.423,-0.98,1.069
64.25015902519226,-0.064,-0.423,-0.98,1.069
64.25020790100098,-0.064,-0.423,-0.98,1.069
64.25025701522827,-0.064,-0.423,-0.98,1.069
64.25030612945557,-0.064,-0.423,-0.98,1.069
64.25035405158997,-0.064,-0.423,-0.98,1.069
64.25040292739868,-0.064,-0.423,-0.98,1.069
64.25045204162598,-0.064,-0.423,-0.98,1.069
64.25050020217896,-0.064,-0.423,-0.98,1.069
64.25054907798767,-0.064,-0.423,-0.98,1.069
64.25059795379639,-0.064,-0.423,-0.98,1.069
64.25064611434937,-0.064,-0.423,-0.98,1.069
64.25069522857666,-0.064,-0.423,-0.98,1.069
64.25074291229248,-0.064,-0.423,-0.98,1.069
64.25079202651978,-0.064,-0.423,-0.98,1.069
64.25084114074707,-0.064,-0.423,-0.98,1.069
64.25089001655579,-0.064,-0.423,-0.98,1.069
64.25093793869019,-0.064,-0.423,-0.98,1.069
64.25098705291748,-0.064,-0.423,-0.98,1.069
64.25103521347046,-0.064,-0.423,-0.98,1.069
64.25108408927917,-0.064,-0.423,-0.98,1.069
64.25113296508789,-0.064,-0.423,-0.98,1.069
64.25118207931519,-0.064,-0.423,-0.98,1.069
64.25124502182007,-0.064,-0.423,-0.98,1.069
64.25129508972168,-0.064,-0.423,-0.98,1.069
64.25134420394897,-0.064,-0.423,-0.98,1.069
64.25139904022217,-0.064,-0.423,-0.98,1.069
64.25144815444946,-0.064,-0.423,-0.98,1.069
64.25149607658386,-0.064,-0.423,-0.98,1.069
64.25154709815979,-0.064,-0.423,-0.98,1.069
64.2515959739685,-0.064,-0.423,-0.98,1.069
64.2516450881958,-0.064,-0.423,-0.98,1.069
64.2516942024231,-0.064,-0.423,-0.98,1.069
64.25174522399902,-0.064,-0.423,-0.98,1.069
64.25179409980774,-0.064,-0.423,-0.98,1.069
64.25184202194214,-0.064,-0.423,-0.98,1.069
64.25189113616943,-0.064,-0.423,-0.98,1.069
64.25194001197815,-0.064,-0.423,-0.98,1.069
64.25198793411255,-0.064,-0.423,-0.98,1.069
64.25203704833984,-0.064,-0.423,-0.98,1.069
64.25208520889282,-0.064,-0.423,-0.98,1.069
64.25213408470154,-0.064,-0.423,-0.98,1.069
64.25218296051025,-0.064,-0.423,-0.98,1.069
64.25223207473755,-0.064,-0.423,-0.98,1.069
64.25228023529053,-0.064,-0.423,-0.98,1.069
64.25232911109924,-0.064,-0.423,-0.98,1.069
64.25237798690796,-0.064,-0.423,-0.98,1.069
64.25242710113525,-0.064,-0.423,-0.98,1.069
64.25247812271118,-0.064,-0.423,-0.98,1.069
64.2525281906128,-0.064,-0.423,-0.98,1.069
64.25257921218872,-0.064,-0.423,-0.98,1.069
64.25262808799744,-0.064,-0.423,-0.98,1.069
64.25267910957336,-0.064,-0.423,-0.98,1.069
64.25277209281921,-0.064,-0.423,-0.98,1.069
64.2528440952301,-0.064,-0.423,-0.98,1.069
64.25289821624756,-0.064,-0.423,-0.98,1.069
64.2529501914978,-0.064,-0.423,-0.98,1.069
64.25299906730652,-0.064,-0.423,-0.98,1.069
64.25304889678955,-0.064,-0.423,-0.98,1.069
64.25309801101685,-0.064,-0.423,-0.98,1.069
64.25314712524414,-0.064,-0.423,-0.98,1.069
64.25319600105286,-0.064,-0.423,-0.98,1.069
64.25324606895447,-0.064,-0.423,-0.98,1.069
64.25329494476318,-0.064,-0.423,-0.98,1.069
64.25334405899048,-0.064,-0.423,-0.98,1.069
64.25340008735657,-0.064,-0.423,-0.98,1.069
64.2534499168396,-0.064,-0.423,-0.98,1.069
64.25349807739258,-0.064,-0.423,-0.98,1.069
64.25358200073242,-0.064,-0.423,-0.98,1.069
64.25363397598267,-0.064,-0.423,-0.98,1.069
64.25368309020996,-0.064,-0.423,-0.98,1.069
64.25373411178589,-0.064,-0.423,-0.98,1.069
64.25378608703613,-0.064,-0.423,-0.98,1.069
64.25383806228638,-0.064,-0.423,-0.98,1.069
64.25388622283936,-0.064,-0.423,-0.98,1.069
64.25393605232239,-0.064,-0.423,-0.98,1.069
64.2539849281311,-0.064,-0.423,-0.98,1.069
64.25403308868408,-0.064,-0.423,-0.98,1.069
64.2540831565857,-0.064,-0.423,-0.98,1.069
64.25413203239441,-0.064,-0.423,-0.98,1.069
64.25418090820312,-0.064,-0.423,-0.98,1.069
64.25424718856812,-0.064,-0.423,-0.98,1.069
64.25429606437683,-0.064,-0.423,-0.98,1.069
64.25434494018555,-0.064,-0.423,-0.98,1.069
64.25440120697021,-0.064,-0.423,-0.98,1.069
64.25445890426636,-0.064,-0.423,-0.98,1.069
64.25451111793518,-0.064,-0.423,-0.98,1.069
64.25455904006958,-0.064,-0.423,-0.98,1.069
64.25461006164551,-0.064,-0.423,-0.98,1.069
64.2546591758728,-0.064,-0.423,-0.98,1.069
64.25470900535583,-0.064,-0.423,-0.98,1.069
64.25475692749023,-0.064,-0.423,-0.98,1.069
64.25480604171753,-0.064,-0.423,-0.98,1.069
64.25485801696777,-0.064,-0.423,-0.98,1.069
64.25491094589233,-0.064,-0.423,-0.98,1.069
64.25496101379395,-0.064,-0.423,-0.98,1.069
64.25501203536987,-0.064,-0.423,-0.98,1.069
64.25506210327148,-0.064,-0.423,-0.98,1.069
64.2551121711731,-0.064,-0.423,-0.98,1.069
64.25517106056213,-0.064,-0.423,-0.98,1.069
64.25522208213806,-0.064,-0.423,-0.98,1.069
64.25527310371399,-0.064,-0.423,-0.98,1.069
64.25532507896423,-0.064,-0.423,-0.98,1.069
64.25537490844727,-0.064,-0.423,-0.98,1.069
64.25542688369751,-0.064,-0.423,-0.98,1.069
64.2554759979248,-0.064,-0.423,-0.98,1.069
64.2555251121521,-0.064,-0.423,-0.98,1.069
64.2555742263794,-0.064,-0.423,-0.98,1.069
64.25562191009521,-0.064,-0.423,-0.98,1.069
64.25567102432251,-0.064,-0.423,-0.98,1.069
64.2557201385498,-0.064,-0.423,-0.98,1.069
64.25576901435852,-0.064,-0.423,-0.98,1.069
64.25581789016724,-0.064,-0.423,-0.98,1.069
64.25586700439453,-0.064,-0.423,-0.98,1.069
64.25591611862183,-0.064,-0.423,-0.98,1.069
64.25596523284912,-0.064,-0.423,-0.98,1.069
64.25601410865784,-0.064,-0.423,-0.98,1.069
64.25606203079224,-0.064,-0.423,-0.98,1.069
64.25611114501953,-0.064,-0.423,-0.98,1.069
64.25616002082825,-0.064,-0.423,-0.98,1.069
64.25620889663696,-0.064,-0.423,-0.98,1.069
64.25625896453857,-0.064,-0.423,-0.98,1.069
64.25630807876587,-0.064,-0.423,-0.98,1.069
64.25635719299316,-0.064,-0.423,-0.98,1.069
64.25640606880188,-0.064,-0.423,-0.98,1.069
64.2564549446106,-0.064,-0.423,-0.98,1.069
64.25657415390015,-0.064,-0.423,-0.98,1.069
64.25663805007935,-0.064,-0.423,-0.98,1.069
64.2566909790039,-0.064,-0.423,-0.98,1.069
64.25674200057983,-0.064,-0.423,-0.98,1.069
64.25679206848145,-0.064,-0.423,-0.98,1.069
64.25684118270874,-0.064,-0.423,-0.98,1.069
64.25689005851746,-0.064,-0.423,-0.98,1.069
64.25693893432617,-0.064,-0.423,-0.98,1.069
64.25699090957642,-0.064,-0.423,-0.98,1.069
64.25704097747803,-0.07,-0.403,-0.963,1.046
64.2572250366211,-0.07,-0.403,-0.963,1.046
64.25727605819702,-0.07,-0.403,-0.963,1.046
64.25732517242432,-0.07,-0.403,-0.963,1.046
64.25737404823303,-0.07,-0.403,-0.963,1.046
64.25742292404175,-0.07,-0.403,-0.963,1.046
64.25747203826904,-0.07,-0.403,-0.963,1.046
64.25752115249634,-0.07,-0.403,-0.963,1.046
64.25757002830505,-0.07,-0.403,-0.963,1.046
64.25761890411377,-0.07,-0.403,-0.963,1.046
64.25766801834106,-0.07,-0.403,-0.963,1.046
64.25771617889404,-0.07,-0.403,-0.963,1.046
64.25776505470276,-0.07,-0.403,-0.963,1.046
64.25781393051147,-0.07,-0.403,-0.963,1.046
64.25786304473877,-0.07,-0.403,-0.963,1.046
64.25791215896606,-0.07,-0.403,-0.963,1.046
64.25796103477478,-0.07,-0.403,-0.963,1.046
64.25801205635071,-0.07,-0.403,-0.963,1.046
64.25806093215942,-0.07,-0.403,-0.963,1.046
64.25811004638672,-0.07,-0.403,-0.963,1.046
64.2581582069397,-0.07,-0.403,-0.963,1.046
64.25820708274841,-0.07,-0.403,-0.963,1.046
64.25825595855713,-0.07,-0.403,-0.963,1.046
64.25830411911011,-0.07,-0.403,-0.963,1.046
64.2583532333374,-0.07,-0.403,-0.963,1.046
64.25840091705322,-0.07,-0.403,-0.963,1.046
64.25845003128052,-0.07,-0.403,-0.963,1.046
64.25849914550781,-0.07,-0.403,-0.963,1.046
64.25854706764221,-0.07,-0.403,-0.963,1.046
64.25859498977661,-0.07,-0.403,-0.963,1.046
64.2586441040039,-0.07,-0.403,-0.963,1.046
64.2586932182312,-0.07,-0.403,-0.963,1.046
64.25874090194702,-0.07,-0.403,-0.963,1.046
64.25879001617432,-0.07,-0.403,-0.963,1.046
64.2588381767273,-0.07,-0.403,-0.963,1.046
64.25888705253601,-0.07,-0.403,-0.963,1.046
64.25893592834473,-0.07,-0.403,-0.963,1.046
64.2589840888977,-0.07,-0.403,-0.963,1.046
64.259033203125,-0.07,-0.403,-0.963,1.046
64.25908088684082,-0.07,-0.403,-0.963,1.046
64.25913095474243,-0.07,-0.403,-0.963,1.046
64.25918006896973,-0.07,-0.403,-0.963,1.046
64.25922918319702,-0.07,-0.403,-0.963,1.046
64.25927710533142,-0.07,-0.403,-0.963,1.046
64.25932598114014,-0.07,-0.403,-0.963,1.046
64.25937414169312,-0.07,-0.403,-0.963,1.046
64.25942301750183,-0.07,-0.403,-0.963,1.046
64.25947189331055,-0.07,-0.403,-0.963,1.046
64.25952005386353,-0.07,-0.403,-0.963,1.046
64.25956916809082,-0.07,-0.403,-0.963,1.046
64.25961804389954,-0.07,-0.403,-0.963,1.046
64.25966691970825,-0.07,-0.403,-0.963,1.046
64.25971508026123,-0.07,-0.403,-0.963,1.046
64.25976419448853,-0.07,-0.403,-0.963,1.046
64.25981211662292,-0.07,-0.403,-0.963,1.046
64.25986099243164,-0.07,-0.403,-0.963,1.046
64.25990915298462,-0.07,-0.403,-0.963,1.046
64.25995802879333,-0.07,-0.403,-0.963,1.046
64.26000690460205,-0.07,-0.403,-0.963,1.046
64.26005506515503,-0.07,-0.403,-0.963,1.046
64.26010417938232,-0.07,-0.403,-0.963,1.046
64.26015210151672,-0.07,-0.403,-0.963,1.046
64.26020097732544,-0.07,-0.403,-0.963,1.046
64.26024913787842,-0.07,-0.403,-0.963,1.046
64.26029801368713,-0.07,-0.403,-0.963,1.046
64.26034688949585,-0.07,-0.403,-0.963,1.046
64.26039505004883,-0.07,-0.403,-0.963,1.046
64.2604432106018,-0.07,-0.403,-0.963,1.046
64.26049995422363,-0.07,-0.403,-0.963,1.046
64.26055002212524,-0.07,-0.403,-0.963,1.046
64.26059818267822,-0.07,-0.403,-0.963,1.046
64.26064705848694,-0.07,-0.403,-0.963,1.046
64.26069498062134,-0.07,-0.403,-0.963,1.046
64.26074409484863,-0.07,-0.403,-0.963,1.046
64.26079320907593,-0.07,-0.403,-0.963,1.046
64.26084089279175,-0.07,-0.403,-0.963,1.046
64.26088905334473,-0.07,-0.403,-0.963,1.046
64.26093816757202,-0.07,-0.403,-0.963,1.046
64.26098704338074,-0.07,-0.403,-0.963,1.046
64.26103591918945,-0.07,-0.403,-0.963,1.046
64.26108503341675,-0.07,-0.403,-0.963,1.046
64.26113700866699,-0.07,-0.403,-0.963,1.046
64.26118898391724,-0.07,-0.403,-0.963,1.046
64.26123809814453,-0.07,-0.403,-0.963,1.046
64.26128602027893,-0.07,-0.403,-0.963,1.046
64.26133489608765,-0.07,-0.403,-0.963,1.046
64.26138305664062,-0.07,-0.403,-0.963,1.046
64.26143217086792,-0.07,-0.403,-0.963,1.046
64.26148104667664,-0.07,-0.403,-0.963,1.046
64.26152992248535,-0.07,-0.403,-0.963,1.046
64.26157903671265,-0.07,-0.403,-0.963,1.046
64.26162719726562,-0.07,-0.403,-0.963,1.046
64.26167607307434,-0.07,-0.403,-0.963,1.046
64.26172399520874,-0.07,-0.403,-0.963,1.046
64.26177310943604,-0.07,-0.403,-0.963,1.046
64.26182222366333,-0.07,-0.403,-0.963,1.046
64.26187801361084,-0.07,-0.403,-0.963,1.046
64.26192712783813,-0.07,-0.403,-0.963,1.046
64.26197814941406,-0.07,-0.403,-0.963,1.046
64.26202702522278,-0.07,-0.403,-0.963,1.046
64.26207494735718,-0.07,-0.403,-0.963,1.046
64.26212310791016,-0.07,-0.403,-0.963,1.046
64.26217222213745,-0.07,-0.403,-0.963,1.046
64.26221990585327,-0.07,-0.403,-0.963,1.046
64.26226902008057,-0.07,-0.403,-0.963,1.046
64.26231813430786,-0.07,-0.403,-0.963,1.046
64.26236605644226,-0.07,-0.403,-0.963,1.046
64.26241493225098,-0.07,-0.403,-0.963,1.046
64.2624659538269,-0.07,-0.403,-0.963,1.046
64.26251411437988,-0.07,-0.403,-0.963,1.046
64.26256322860718,-0.07,-0.403,-0.963,1.046
64.262610912323,-0.07,-0.403,-0.963,1.046
64.2626600265503,-0.07,-0.403,-0.963,1.046
64.26270818710327,-0.07,-0.403,-0.963,1.046
64.26276588439941,-0.07,-0.403,-0.963,1.046
64.2628321647644,-0.07,-0.403,-0.963,1.046
64.26288104057312,-0.07,-0.403,-0.963,1.046
64.26292991638184,-0.07,-0.403,-0.963,1.046
64.26302099227905,-0.07,-0.403,-0.963,1.046
64.26307201385498,-0.07,-0.403,-0.963,1.046
64.26312303543091,-0.07,-0.403,-0.963,1.046
64.26317310333252,-0.07,-0.403,-0.963,1.046
64.26322317123413,-0.07,-0.403,-0.963,1.046
64.26327204704285,-0.07,-0.403,-0.963,1.046
64.26332211494446,-0.07,-0.403,-0.963,1.046
64.26337194442749,-0.07,-0.403,-0.963,1.046
64.26342105865479,-0.07,-0.403,-0.963,1.046
64.2634711265564,-0.07,-0.403,-0.963,1.046
64.26352119445801,-0.07,-0.403,-0.963,1.046
64.2635931968689,-0.07,-0.403,-0.963,1.046
64.26366305351257,-0.07,-0.403,-0.963,1.046
64.26371502876282,-0.07,-0.403,-0.963,1.046
64.26376605033875,-0.07,-0.403,-0.963,1.046
64.26381611824036,-0.07,-0.403,-0.963,1.046
64.26386594772339,-0.07,-0.403,-0.963,1.046
64.26391506195068,-0.07,-0.403,-0.963,1.046
64.26396608352661,-0.07,-0.403,-0.963,1.046
64.2640151977539,-0.07,-0.403,-0.963,1.046
64.26406407356262,-0.07,-0.403,-0.963,1.046
64.26411199569702,-0.07,-0.403,-0.963,1.046
64.26416110992432,-0.07,-0.403,-0.963,1.046
64.26421022415161,-0.07,-0.403,-0.963,1.046
64.26425909996033,-0.07,-0.403,-0.963,1.046
64.26430702209473,-0.07,-0.403,-0.963,1.046
64.26435613632202,-0.07,-0.403,-0.963,1.046
64.26440501213074,-0.07,-0.403,-0.963,1.046
64.26445388793945,-0.07,-0.403,-0.963,1.046
64.26450300216675,-0.07,-0.403,-0.963,1.046
64.26455211639404,-0.07,-0.403,-0.963,1.046
64.26460123062134,-0.07,-0.403,-0.963,1.046
64.26464891433716,-0.07,-0.403,-0.963,1.046
64.26469802856445,-0.07,-0.403,-0.963,1.046
64.26474618911743,-0.07,-0.403,-0.963,1.046
64.26479506492615,-0.07,-0.403,-0.963,1.046
64.26484394073486,-0.07,-0.403,-0.963,1.046
64.26489210128784,-0.07,-0.403,-0.963,1.046
64.26494121551514,-0.07,-0.403,-0.963,1.046
64.26498889923096,-0.07,-0.403,-0.963,1.046
64.26503801345825,-0.07,-0.403,-0.963,1.046
64.26508903503418,-0.07,-0.403,-0.963,1.046
64.26514101028442,-0.07,-0.403,-0.963,1.046
64.2651891708374,-0.07,-0.403,-0.963,1.046
64.26523804664612,-0.07,-0.403,-0.963,1.046
64.26528596878052,-0.07,-0.403,-0.963,1.046
64.26533508300781,-0.07,-0.403,-0.963,1.046
64.26538300514221,-0.07,-0.403,-0.963,1.046
64.26543188095093,-0.07,-0.403,-0.963,1.046
64.2654800415039,-0.07,-0.403,-0.963,1.046
64.2655291557312,-0.07,-0.403,-0.963,1.046
64.2655770778656,-0.07,-0.403,-0.963,1.046
64.26562595367432,-0.07,-0.403,-0.963,1.046
64.2656741142273,-0.07,-0.403,-0.963,1.046
64.2657220363617,-0.07,-0.403,-0.963,1.046
64.26577091217041,-0.07,-0.403,-0.963,1.046
64.2658200263977,-0.07,-0.403,-0.963,1.046
64.265869140625,-0.07,-0.403,-0.963,1.046
64.26593208312988,-0.07,-0.403,-0.963,1.046
64.26598119735718,-0.07,-0.403,-0.963,1.046
64.2660300731659,-0.07,-0.403,-0.963,1.046
64.26609301567078,-0.07,-0.403,-0.963,1.046
64.26614189147949,-0.07,-0.403,-0.963,1.046
64.26620101928711,-0.07,-0.403,-0.963,1.046
64.2662501335144,-0.07,-0.403,-0.963,1.046
64.26629900932312,-0.07,-0.403,-0.963,1.046
64.26634693145752,-0.07,-0.403,-0.963,1.046
64.26639604568481,-0.07,-0.403,-0.963,1.046
64.26644515991211,-0.07,-0.403,-0.963,1.046
64.26649308204651,-0.07,-0.403,-0.963,1.046
64.26654410362244,-0.07,-0.403,-0.963,1.046
64.26659297943115,-0.07,-0.403,-0.963,1.046
64.26664113998413,-0.07,-0.403,-0.963,1.046
64.26669001579285,-0.07,-0.403,-0.963,1.046
64.26673793792725,-0.07,-0.403,-0.963,1.046
64.26678705215454,-0.07,-0.403,-0.963,1.046
64.26683521270752,-0.07,-0.403,-0.963,1.046
64.26689291000366,-0.07,-0.403,-0.963,1.046
64.26694107055664,-0.07,-0.403,-0.963,1.046
64.26699018478394,-0.07,-0.403,-0.963,1.046
64.26703810691833,-0.07,-0.403,-0.963,1.046
64.26708889007568,-0.07,-0.403,-0.963,1.046
64.26714897155762,-0.086,-0.392,-0.949,1.03
64.26729011535645,-0.086,-0.392,-0.949,1.03
64.26734018325806,-0.086,-0.392,-0.949,1.03
64.26738905906677,-0.086,-0.392,-0.949,1.03
64.26743793487549,-0.086,-0.392,-0.949,1.03
64.26748609542847,-0.086,-0.392,-0.949,1.03
64.26753520965576,-0.086,-0.392,-0.949,1.03
64.26758289337158,-0.086,-0.392,-0.949,1.03
64.26763105392456,-0.086,-0.392,-0.949,1.03
64.26767921447754,-0.086,-0.392,-0.949,1.03
64.26772689819336,-0.086,-0.392,-0.949,1.03
64.26777601242065,-0.086,-0.392,-0.949,1.03
64.26783204078674,-0.086,-0.392,-0.949,1.03
64.26787996292114,-0.086,-0.392,-0.949,1.03
64.26792907714844,-0.086,-0.392,-0.949,1.03
64.26797723770142,-0.086,-0.392,-0.949,1.03
64.26802802085876,-0.086,-0.392,-0.949,1.03
64.26807594299316,-0.086,-0.392,-0.949,1.03
64.26812410354614,-0.086,-0.392,-0.949,1.03
64.26817202568054,-0.086,-0.392,-0.949,1.03
64.26821994781494,-0.086,-0.392,-0.949,1.03
64.26826810836792,-0.086,-0.392,-0.949,1.03
64.26831722259521,-0.086,-0.392,-0.949,1.03
64.26836490631104,-0.086,-0.392,-0.949,1.03
64.26841306686401,-0.086,-0.392,-0.949,1.03
64.26846122741699,-0.086,-0.392,-0.949,1.03
64.26851010322571,-0.086,-0.392,-0.949,1.03
64.26855802536011,-0.086,-0.392,-0.949,1.03
64.2686071395874,-0.086,-0.392,-0.949,1.03
64.2686550617218,-0.086,-0.392,-0.949,1.03
64.26871013641357,-0.086,-0.392,-0.949,1.03
64.26875805854797,-0.086,-0.392,-0.949,1.03
64.26880598068237,-0.086,-0.392,-0.949,1.03
64.26885414123535,-0.086,-0.392,-0.949,1.03
64.26890301704407,-0.086,-0.392,-0.949,1.03
64.26895093917847,-0.086,-0.392,-0.949,1.03
64.26899909973145,-0.086,-0.392,-0.949,1.03
64.26904821395874,-0.086,-0.392,-0.949,1.03
64.26909589767456,-0.086,-0.392,-0.949,1.03
64.26914405822754,-0.086,-0.392,-0.949,1.03
64.26919317245483,-0.086,-0.392,-0.949,1.03
64.26924109458923,-0.086,-0.392,-0.949,1.03
64.26928901672363,-0.086,-0.392,-0.949,1.03
64.26933813095093,-0.086,-0.392,-0.949,1.03
64.26938605308533,-0.086,-0.392,-0.949,1.03
64.26943397521973,-0.086,-0.392,-0.949,1.03
64.2694821357727,-0.086,-0.392,-0.949,1.03
64.26953101158142,-0.086,-0.392,-0.949,1.03
64.26957988739014,-0.086,-0.392,-0.949,1.03
64.26962995529175,-0.086,-0.392,-0.949,1.03
64.26968002319336,-0.086,-0.392,-0.949,1.03
64.26973009109497,-0.086,-0.392,-0.949,1.03
64.26977920532227,-0.086,-0.392,-0.949,1.03
64.2698302268982,-0.086,-0.392,-0.949,1.03
64.26990795135498,-0.086,-0.392,-0.949,1.03
64.26998400688171,-0.086,-0.392,-0.949,1.03
64.2700400352478,-0.086,-0.392,-0.949,1.03
64.27009201049805,-0.086,-0.392,-0.949,1.03
64.27014207839966,-0.086,-0.392,-0.949,1.03
64.27019214630127,-0.086,-0.392,-0.949,1.03
64.27024102210999,-0.086,-0.392,-0.949,1.03
64.2702898979187,-0.086,-0.392,-0.949,1.03
64.27033996582031,-0.086,-0.392,-0.949,1.03
64.27039098739624,-0.086,-0.392,-0.949,1.03
64.27044105529785,-0.086,-0.392,-0.949,1.03
64.27049207687378,-0.086,-0.392,-0.949,1.03
64.27054119110107,-0.086,-0.392,-0.949,1.03
64.27059006690979,-0.086,-0.392,-0.949,1.03
64.27063989639282,-0.086,-0.392,-0.949,1.03
64.27068901062012,-0.086,-0.392,-0.949,1.03
64.27073812484741,-0.086,-0.392,-0.949,1.03
64.27078819274902,-0.086,-0.392,-0.949,1.03
64.27083706855774,-0.086,-0.392,-0.949,1.03
64.27088594436646,-0.086,-0.392,-0.949,1.03
64.2709550857544,-0.086,-0.392,-0.949,1.03
64.271005153656,-0.086,-0.392,-0.949,1.03
64.27105402946472,-0.086,-0.392,-0.949,1.03
64.27110505104065,-0.086,-0.392,-0.949,1.03
64.27115392684937,-0.086,-0.392,-0.949,1.03
64.27120304107666,-0.086,-0.392,-0.949,1.03
64.27125310897827,-0.086,-0.392,-0.949,1.03
64.27130222320557,-0.086,-0.392,-0.949,1.03
64.27135109901428,-0.086,-0.392,-0.949,1.03
64.271399974823,-0.086,-0.392,-0.949,1.03
64.2714490890503,-0.086,-0.392,-0.949,1.03
64.27149820327759,-0.086,-0.392,-0.949,1.03
64.2715470790863,-0.086,-0.392,-0.949,1.03
64.2715950012207,-0.086,-0.392,-0.949,1.03
64.271644115448,-0.086,-0.392,-0.949,1.03
64.2716932296753,-0.086,-0.392,-0.949,1.03
64.27174210548401,-0.086,-0.392,-0.949,1.03
64.27179098129272,-0.086,-0.392,-0.949,1.03
64.2718391418457,-0.086,-0.392,-0.949,1.03
64.27188801765442,-0.086,-0.392,-0.949,1.03
64.27193689346313,-0.086,-0.392,-0.949,1.03
64.27198600769043,-0.086,-0.392,-0.949,1.03
64.27203416824341,-0.086,-0.392,-0.949,1.03
64.27208423614502,-0.086,-0.392,-0.949,1.03
64.27213311195374,-0.086,-0.392,-0.949,1.03
64.27218198776245,-0.086,-0.392,-0.949,1.03
64.27223110198975,-0.086,-0.392,-0.949,1.03
64.27228021621704,-0.086,-0.392,-0.949,1.03
64.27232909202576,-0.086,-0.392,-0.949,1.03
64.27237892150879,-0.086,-0.392,-0.949,1.03
64.27242708206177,-0.086,-0.392,-0.949,1.03
64.27247619628906,-0.086,-0.392,-0.949,1.03
64.27252507209778,-0.086,-0.392,-0.949,1.03
64.27258706092834,-0.086,-0.392,-0.949,1.03
64.27263593673706,-0.086,-0.392,-0.949,1.03
64.27268505096436,-0.086,-0.392,-0.949,1.03
64.27273416519165,-0.086,-0.392,-0.949,1.03
64.27278304100037,-0.086,-0.392,-0.949,1.03
64.27283191680908,-0.086,-0.392,-0.949,1.03
64.27288103103638,-0.086,-0.392,-0.949,1.03
64.27293014526367,-0.086,-0.392,-0.949,1.03
64.27297902107239,-0.086,-0.392,-0.949,1.03
64.2730278968811,-0.086,-0.392,-0.949,1.03
64.27308011054993,-0.086,-0.392,-0.949,1.03
64.27313089370728,-0.086,-0.392,-0.949,1.03
64.27318096160889,-0.086,-0.392,-0.949,1.03
64.27323007583618,-0.086,-0.392,-0.949,1.03
64.27328109741211,-0.086,-0.392,-0.949,1.03
64.27332901954651,-0.086,-0.392,-0.949,1.03
64.27337789535522,-0.086,-0.392,-0.949,1.03
64.27342700958252,-0.086,-0.392,-0.949,1.03
64.27347898483276,-0.086,-0.392,-0.949,1.03
64.27352714538574,-0.086,-0.392,-0.949,1.03
64.27357602119446,-0.086,-0.392,-0.949,1.03
64.27362394332886,-0.086,-0.392,-0.949,1.03
64.27367305755615,-0.086,-0.392,-0.949,1.03
64.27372217178345,-0.086,-0.392,-0.949,1.03
64.27377104759216,-0.086,-0.392,-0.949,1.03
64.27381896972656,-0.086,-0.392,-0.949,1.03
64.27386808395386,-0.086,-0.392,-0.949,1.03
64.27391719818115,-0.086,-0.392,-0.949,1.03
64.27396607398987,-0.086,-0.392,-0.949,1.03
64.27401494979858,-0.086,-0.392,-0.949,1.03
64.27406597137451,-0.086,-0.392,-0.949,1.03
64.27411603927612,-0.086,-0.392,-0.949,1.03
64.27416610717773,-0.086,-0.392,-0.949,1.03
64.27421522140503,-0.086,-0.392,-0.949,1.03
64.27426409721375,-0.086,-0.392,-0.949,1.03
64.27431297302246,-0.086,-0.392,-0.949,1.03
64.27436208724976,-0.086,-0.392,-0.949,1.03
64.27441120147705,-0.086,-0.392,-0.949,1.03
64.27446007728577,-0.086,-0.392,-0.949,1.03
64.27450895309448,-0.086,-0.392,-0.949,1.03
64.27455806732178,-0.086,-0.392,-0.949,1.03
64.27460718154907,-0.086,-0.392,-0.949,1.03
64.27465605735779,-0.086,-0.392,-0.949,1.03
64.2747049331665,-0.086,-0.392,-0.949,1.03
64.2747540473938,-0.086,-0.392,-0.949,1.03
64.2748031616211,-0.086,-0.392,-0.949,1.03
64.27485203742981,-0.086,-0.392,-0.949,1.03
64.27490091323853,-0.086,-0.392,-0.949,1.03
64.27495002746582,-0.086,-0.392,-0.949,1.03
64.27499914169312,-0.086,-0.392,-0.949,1.03
64.27504801750183,-0.086,-0.392,-0.949,1.03
64.27509593963623,-0.086,-0.392,-0.949,1.03
64.27514505386353,-0.086,-0.392,-0.949,1.03
64.27519416809082,-0.086,-0.392,-0.949,1.03
64.27524304389954,-0.086,-0.392,-0.949,1.03
64.27529191970825,-0.086,-0.392,-0.949,1.03
64.27534198760986,-0.086,-0.392,-0.949,1.03
64.27539014816284,-0.086,-0.392,-0.949,1.03
64.27544212341309,-0.086,-0.392,-0.949,1.03
64.27549004554749,-0.086,-0.392,-0.949,1.03
64.2755389213562,-0.086,-0.392,-0.949,1.03
64.2755880355835,-0.086,-0.392,-0.949,1.03
64.27563619613647,-0.086,-0.392,-0.949,1.03
64.27568507194519,-0.086,-0.392,-0.949,1.03
64.2757339477539,-0.086,-0.392,-0.949,1.03
64.2757830619812,-0.086,-0.392,-0.949,1.03
64.2758321762085,-0.086,-0.392,-0.949,1.03
64.27588105201721,-0.086,-0.392,-0.949,1.03
64.27592897415161,-0.086,-0.392,-0.949,1.03
64.2759780883789,-0.086,-0.392,-0.949,1.03
64.2760272026062,-0.086,-0.392,-0.949,1.03
64.27607607841492,-0.086,-0.392,-0.949,1.03
64.27612400054932,-0.086,-0.392,-0.949,1.03
64.27617311477661,-0.086,-0.392,-0.949,1.03
64.2762222290039,-0.086,-0.392,-0.949,1.03
64.27626991271973,-0.086,-0.392,-0.949,1.03
64.27631902694702,-0.086,-0.392,-0.949,1.03
64.27636814117432,-0.086,-0.392,-0.949,1.03
64.27641701698303,-0.086,-0.392,-0.949,1.03
64.2764720916748,-0.086,-0.392,-0.949,1.03
64.2765212059021,-0.086,-0.392,-0.949,1.03
64.27657008171082,-0.086,-0.392,-0.949,1.03
64.27661895751953,-0.086,-0.392,-0.949,1.03
64.27666807174683,-0.086,-0.392,-0.949,1.03
64.27671718597412,-0.086,-0.392,-0.949,1.03
64.27676606178284,-0.086,-0.392,-0.949,1.03
64.27681493759155,-0.086,-0.392,-0.949,1.03
64.27686309814453,-0.086,-0.392,-0.949,1.03
64.27691316604614,-0.086,-0.392,-0.949,1.03
64.27696108818054,-0.086,-0.392,-0.949,1.03
64.27700996398926,-0.086,-0.392,-0.949,1.03
64.27707409858704,-0.086,-0.392,-0.949,1.03
64.27712202072144,-0.086,-0.392,-0.949,1.03
64.27717113494873,-0.086,-0.392,-0.949,1.03
64.27721905708313,-0.086,-0.392,-0.949,1.03
64.27726793289185,-0.086,-0.392,-0.949,1.03
64.27731704711914,-0.086,-0.392,-0.949,1.03
64.27736806869507,-0.086,-0.392,-0.949,1.03
64.27742195129395,-0.086,-0.392,-0.949,1.03
64.27747201919556,-0.084,-0.41,-0.907,0.999
64.27763104438782,-0.084,-0.41,-0.907,0.999
64.27768206596375,-0.084,-0.41,-0.907,0.999
64.27773094177246,-0.084,-0.41,-0.907,0.999
64.27778100967407,-0.084,-0.41,-0.907,0.999
64.27783012390137,-0.084,-0.41,-0.907,0.999
64.27787923812866,-0.084,-0.41,-0.907,0.999
64.27792692184448,-0.084,-0.41,-0.907,0.999
64.27797603607178,-0.084,-0.41,-0.907,0.999
64.27802515029907,-0.084,-0.41,-0.907,0.999
64.27807402610779,-0.084,-0.41,-0.907,0.999
64.2781240940094,-0.084,-0.41,-0.907,0.999
64.27817296981812,-0.084,-0.41,-0.907,0.999
64.2782211303711,-0.084,-0.41,-0.907,0.999
64.27827000617981,-0.084,-0.41,-0.907,0.999
64.27831888198853,-0.084,-0.41,-0.907,0.999
64.2783670425415,-0.084,-0.41,-0.907,0.999
64.2784161567688,-0.084,-0.41,-0.907,0.999
64.27846503257751,-0.084,-0.41,-0.907,0.999
64.27851295471191,-0.084,-0.41,-0.907,0.999
64.27857494354248,-0.084,-0.41,-0.907,0.999
64.27862405776978,-0.084,-0.41,-0.907,0.999
64.27867317199707,-0.084,-0.41,-0.907,0.999
64.27872109413147,-0.084,-0.41,-0.907,0.999
64.27876996994019,-0.084,-0.41,-0.907,0.999
64.27881908416748,-0.084,-0.41,-0.907,0.999
64.27886700630188,-0.084,-0.41,-0.907,0.999
64.2789158821106,-0.084,-0.41,-0.907,0.999
64.27896690368652,-0.084,-0.41,-0.907,0.999
64.27901601791382,-0.084,-0.41,-0.907,0.999
64.27906513214111,-0.084,-0.41,-0.907,0.999
64.27911305427551,-0.084,-0.41,-0.907,0.999
64.27916193008423,-0.084,-0.41,-0.907,0.999
64.2792100906372,-0.084,-0.41,-0.907,0.999
64.2792592048645,-0.084,-0.41,-0.907,0.999
64.2793300151825,-0.084,-0.41,-0.907,0.999
64.27937889099121,-0.084,-0.41,-0.907,0.999
64.2794280052185,-0.084,-0.41,-0.907,0.999
64.2794771194458,-0.084,-0.41,-0.907,0.999
64.2795262336731,-0.084,-0.41,-0.907,0.999
64.27957510948181,-0.084,-0.41,-0.907,0.999
64.27962589263916,-0.084,-0.41,-0.907,0.999
64.27970790863037,-0.084,-0.41,-0.907,0.999
64.27975797653198,-0.084,-0.41,-0.907,0.999
64.2798080444336,-0.084,-0.41,-0.907,0.999
64.2798581123352,-0.084,-0.41,-0.907,0.999
64.27990818023682,-0.084,-0.41,-0.907,0.999
64.27995800971985,-0.084,-0.41,-0.907,0.999
64.28000903129578,-0.084,-0.41,-0.907,0.999
64.28005909919739,-0.084,-0.41,-0.907,0.999
64.28010892868042,-0.084,-0.41,-0.907,0.999
64.28015899658203,-0.084,-0.41,-0.907,0.999
64.28021717071533,-0.084,-0.41,-0.907,0.999
64.28029608726501,-0.084,-0.41,-0.907,0.999
64.28034710884094,-0.084,-0.41,-0.907,0.999
64.28039789199829,-0.084,-0.41,-0.907,0.999
64.2804479598999,-0.084,-0.41,-0.907,0.999
64.28049802780151,-0.084,-0.41,-0.907,0.999
64.28054904937744,-0.084,-0.41,-0.907,0.999
64.28060102462769,-0.084,-0.41,-0.907,0.999
64.28064918518066,-0.084,-0.41,-0.907,0.999
64.28069806098938,-0.084,-0.41,-0.907,0.999
64.2807469367981,-0.084,-0.41,-0.907,0.999
64.28079605102539,-0.084,-0.41,-0.907,0.999
64.28084421157837,-0.084,-0.41,-0.907,0.999
64.28089308738708,-0.084,-0.41,-0.907,0.999
64.2809419631958,-0.084,-0.41,-0.907,0.999
64.2809910774231,-0.084,-0.41,-0.907,0.999
64.28103923797607,-0.084,-0.41,-0.907,0.999
64.28108811378479,-0.084,-0.41,-0.907,0.999
64.2811369895935,-0.084,-0.41,-0.907,0.999
64.28118515014648,-0.084,-0.41,-0.907,0.999
64.2812340259552,-0.084,-0.41,-0.907,0.999
64.28128290176392,-0.084,-0.41,-0.907,0.999
64.28133201599121,-0.084,-0.41,-0.907,0.999
64.28138017654419,-0.084,-0.41,-0.907,0.999
64.2814290523529,-0.084,-0.41,-0.907,0.999
64.28148102760315,-0.084,-0.41,-0.907,0.999
64.28153204917908,-0.084,-0.41,-0.907,0.999
64.2815809249878,-0.084,-0.41,-0.907,0.999
64.28163003921509,-0.084,-0.41,-0.907,0.999
64.28167819976807,-0.084,-0.41,-0.907,0.999
64.28172707557678,-0.084,-0.41,-0.907,0.999
64.2817759513855,-0.084,-0.41,-0.907,0.999
64.28182411193848,-0.084,-0.41,-0.907,0.999
64.28187322616577,-0.084,-0.41,-0.907,0.999
64.28192210197449,-0.084,-0.41,-0.907,0.999
64.28197002410889,-0.084,-0.41,-0.907,0.999
64.28201913833618,-0.084,-0.41,-0.907,0.999
64.2820680141449,-0.084,-0.41,-0.907,0.999
64.2821159362793,-0.084,-0.41,-0.907,0.999
64.28216505050659,-0.084,-0.41,-0.907,0.999
64.28221321105957,-0.084,-0.41,-0.907,0.999
64.28226208686829,-0.084,-0.41,-0.907,0.999
64.282310962677,-0.084,-0.41,-0.907,0.999
64.28235912322998,-0.084,-0.41,-0.907,0.999
64.28240823745728,-0.084,-0.41,-0.907,0.999
64.28245711326599,-0.084,-0.41,-0.907,0.999
64.2825059890747,-0.084,-0.41,-0.907,0.999
64.28255701065063,-0.084,-0.41,-0.907,0.999
64.28260803222656,-0.084,-0.41,-0.907,0.999
64.2826600074768,-0.084,-0.41,-0.907,0.999
64.28271007537842,-0.084,-0.41,-0.907,0.999
64.28275918960571,-0.084,-0.41,-0.907,0.999
64.28281497955322,-0.084,-0.41,-0.907,0.999
64.28286409378052,-0.084,-0.41,-0.907,0.999
64.28291320800781,-0.084,-0.41,-0.907,0.999
64.28296089172363,-0.084,-0.41,-0.907,0.999
64.28301000595093,-0.084,-0.41,-0.907,0.999
64.2830581665039,-0.084,-0.41,-0.907,0.999
64.28310704231262,-0.084,-0.41,-0.907,0.999
64.28315591812134,-0.084,-0.41,-0.907,0.999
64.28320407867432,-0.084,-0.41,-0.907,0.999
64.28325200080872,-0.084,-0.41,-0.907,0.999
64.28330111503601,-0.084,-0.41,-0.907,0.999
64.28334999084473,-0.084,-0.41,-0.907,0.999
64.2833981513977,-0.084,-0.41,-0.907,0.999
64.28344702720642,-0.084,-0.41,-0.907,0.999
64.28349804878235,-0.084,-0.41,-0.907,0.999
64.28354692459106,-0.084,-0.41,-0.907,0.999
64.28359508514404,-0.084,-0.41,-0.907,0.999
64.28609991073608,-0.084,-0.41,-0.907,0.999
64.2862958908081,-0.084,-0.41,-0.907,0.999
64.28635811805725,-0.084,-0.41,-0.907,0.999
64.2865309715271,-0.084,-0.41,-0.907,0.999
64.28669691085815,-0.084,-0.41,-0.907,0.999
64.28675889968872,-0.084,-0.41,-0.907,0.999
64.28692293167114,-0.084,-0.41,-0.907,0.999
64.28698706626892,-0.084,-0.41,-0.907,0.999
64.28716206550598,-0.084,-0.41,-0.907,0.999
64.28924107551575,-0.067,-0.44,-0.906,1.009
64.30978107452393,-0.057,-0.458,-0.901,1.012
64.31005907058716,-0.057,-0.458,-0.901,1.012
64.32812023162842,-0.1,-0.553,-0.857,1.025
64.33033514022827,-0.1,-0.553,-0.857,1.025
64.34436893463135,-0.095,-0.54,-0.902,1.056
64.36006307601929,-0.104,-0.49,-0.87,1.004
64.36035394668579,-0.104,-0.49,-0.87,1.004
64.37801218032837,-0.101,-0.497,-0.852,0.992
64.38083410263062,-0.098,-0.511,-0.853,0.999
64.38958406448364,-0.098,-0.516,-0.855,1.003
64.41144704818726,-0.089,-0.505,-0.863,1.004
64.41152095794678,-0.089,-0.505,-0.863,1.004
64.42869520187378,-0.1,-0.511,-0.855,1.001
64.43053197860718,-0.1,-0.511,-0.855,1.001
64.4456582069397,-0.08,-0.496,-0.876,1.01
64.46170401573181,-0.081,-0.491,-0.851,0.986
64.46178388595581,-0.081,-0.491,-0.851,0.986
64.47840213775635,-0.073,-0.489,-0.836,0.971
64.48092603683472,-0.07,-0.49,-0.833,0.969
64.49575090408325,-0.06,-0.489,-0.83,0.965
64.51130509376526,-0.027,-0.466,-0.832,0.954
64.51139903068542,-0.027,-0.466,-0.832,0.954
64.52821922302246,-0.029,-0.439,-0.833,0.942
64.53097820281982,-0.026,-0.453,-0.824,0.941
64.54512214660645,-0.012,-0.485,-0.819,0.952
64.56134009361267,0.018,-0.519,-0.841,0.988
64.56143188476562,0.018,-0.519,-0.841,0.988
64.57797193527222,0.01,-0.52,-0.84,0.988
64.58081293106079,-0.008,-0.513,-0.851,0.994
64.59614109992981,-0.013,-0.495,-0.873,1.004
64.6121039390564,-0.029,-0.495,-0.86,0.993
64.61219596862793,-0.029,-0.495,-0.86,0.993
64.62932014465332,-0.017,-0.521,-0.832,0.982
64.6321280002594,-0.017,-0.521,-0.832,0.982
64.64497208595276,-0.002,-0.529,-0.818,0.974
64.6620020866394,-0.01,-0.553,-0.823,0.992
64.66209602355957,-0.01,-0.553,-0.823,0.992
64.6788330078125,-0.016,-0.551,-0.815,0.984
64.68167304992676,-0.043,-0.534,-0.81,0.971
64.69585514068604,-0.059,-0.514,-0.844,0.99
64.71259117126465,-0.058,-0.506,-0.849,0.99
64.71268200874329,-0.058,-0.506,-0.849,0.99
64.729012966156,-0.039,-0.515,-0.833,0.98
64.732017993927,-0.026,-0.539,-0.837,0.996
64.74700593948364,-0.017,-0.554,-0.828,0.996
64.7630820274353,-0.011,-0.562,-0.83,1.002
64.76321411132812,-0.011,-0.562,-0.83,1.002
64.7794280052185,-0.01,-0.574,-0.821,1.002
64.78274011611938,-0.003,-0.58,-0.822,1.006
64.7946891784668,0.004,-0.587,-0.849,1.032
64.81300497055054,0.013,-0.592,-0.902,1.079
64.81313514709473,0.013,-0.592,-0.902,1.079
64.82991218566895,-0.004,-0.59,-0.898,1.074
64.83310890197754,-0.021,-0.581,-0.895,1.067
64.84705710411072,-0.044,-0.576,-0.889,1.06
64.86317491531372,-0.057,-0.517,-0.894,1.034
64.86330699920654,-0.057,-0.517,-0.894,1.034
64.88129806518555,-0.032,-0.509,-0.907,1.041
64.88402318954468,-0.032,-0.509,-0.907,1.041
64.89398622512817,-0.016,-0.508,-0.89,1.025
64.91194820404053,-0.013,-0.509,-0.864,1.003
64.91478395462036,-0.009,-0.503,-0.84,0.979
64.9243540763855,0.004,-0.495,-0.835,0.971
64.93530893325806,-0.009,-0.488,-0.82,0.954
64.95141911506653,-0.01,-0.451,-0.794,0.913
64.95417499542236,-0.01,-0.451,-0.794,0.913
64.96821904182434,0.003,-0.449,-0.813,0.929
64.98555517196655,0.007,-0.473,-0.83,0.955
64.9856481552124,0.007,-0.473,-0.83,0.955
65.00429105758667,0.003,-0.485,-0.825,0.957
65.00442314147949,0.003,-0.485,-0.825,0.957
65.02034902572632,0.006,-0.494,-0.8,0.94
65.0237820148468,0.016,-0.508,-0.804,0.951
65.03772401809692,0.011,-0.522,-0.824,0.975
65.05416107177734,0.004,-0.532,-0.834,0.989
65.05429005622864,0.004,-0.532,-0.834,0.989
65.07096600532532,-0.002,-0.52,-0.837,0.985
65.07464218139648,-0.019,-0.502,-0.849,0.986
65.08770108222961,-0.043,-0.495,-0.843,0.979
65.1037540435791,-0.071,-0.497,-0.861,0.997
65.10388517379761,-0.071,-0.497,-0.861,0.997
65.12030220031738,-0.077,-0.479,-0.841,0.971
65.12393188476562,-0.056,-0.471,-0.786,0.918
65.13799405097961,-0.035,-0.488,-0.658,0.82
65.15402603149414,0.065,-0.496,-0.995,1.114
65.15415501594543,0.065,-0.496,-0.995,1.114
65.17105722427368,0.046,-0.5,-0.848,0.986
65.17450618743896,0.018,-0.449,-0.785,0.905
65.18865203857422,-0.021,-0.427,-0.828,0.932
